# t        U        B        V        R       
  0.1100  -9.6559  -9.6575  -9.8302  -9.9092
  0.1105  -9.7512  -9.7509  -9.9092  -9.9803
  0.1110  -9.8358  -9.8335  -9.9775 -10.0415
  0.1115  -9.9130  -9.9077 -10.0380 -10.0967
  0.1120  -9.9854  -9.9771 -10.0938 -10.1489
  0.1125 -10.0506 -10.0380 -10.1440 -10.1951
  0.1130 -10.1123 -10.0968 -10.1910 -10.2390
  0.1135 -10.1701 -10.1512 -10.2355 -10.2801
  0.1140 -10.2254 -10.2032 -10.2770 -10.3193
  0.1146 -10.2769 -10.2508 -10.3166 -10.3561
  0.1151 -10.3266 -10.2967 -10.3542 -10.3921
  0.1156 -10.3732 -10.3399 -10.3902 -10.4260
  0.1161 -10.4178 -10.3813 -10.4247 -10.4583
  0.1166 -10.4613 -10.4218 -10.4578 -10.4895
  0.1172 -10.5022 -10.4590 -10.4901 -10.5198
  0.1177 -10.5412 -10.4948 -10.5209 -10.5489
  0.1182 -10.5791 -10.5301 -10.5510 -10.5774
  0.1188 -10.6139 -10.5635 -10.5793 -10.6042
  0.1193 -10.6483 -10.5957 -10.6067 -10.6303
  0.1199 -10.6822 -10.6272 -10.6339 -10.6563
  0.1204 -10.7153 -10.6576 -10.6605 -10.6820
  0.1209 -10.7467 -10.6872 -10.6861 -10.7060
  0.1215 -10.7762 -10.7150 -10.7104 -10.7295
  0.1220 -10.8060 -10.7430 -10.7347 -10.7531
  0.1226 -10.8339 -10.7697 -10.7582 -10.7758
  0.1231 -10.8617 -10.7964 -10.7817 -10.7985
  0.1237 -10.8892 -10.8207 -10.8044 -10.8193
  0.1243 -10.9157 -10.8456 -10.8265 -10.8402
  0.1248 -10.9418 -10.8708 -10.8483 -10.8614
  0.1254 -10.9672 -10.8942 -10.8696 -10.8816
  0.1260 -10.9926 -10.9177 -10.8909 -10.9020
  0.1265 -11.0167 -10.9409 -10.9116 -10.9218
  0.1271 -11.0400 -10.9639 -10.9319 -10.9412
  0.1277 -11.0640 -10.9858 -10.9524 -10.9602
  0.1282 -11.0867 -11.0069 -10.9720 -10.9787
  0.1288 -11.1083 -11.0280 -10.9908 -10.9970
  0.1294 -11.1295 -11.0487 -11.0094 -11.0150
  0.1300 -11.1507 -11.0694 -11.0281 -11.0332
  0.1306 -11.1721 -11.0902 -11.0468 -11.0514
  0.1312 -11.1930 -11.1107 -11.0653 -11.0692
  0.1318 -11.2133 -11.1306 -11.0833 -11.0865
  0.1324 -11.2335 -11.1504 -11.1010 -11.1037
  0.1330 -11.2533 -11.1698 -11.1184 -11.1206
  0.1336 -11.2733 -11.1893 -11.1357 -11.1374
  0.1342 -11.2935 -11.2089 -11.1530 -11.1540
  0.1348 -11.3134 -11.2280 -11.1702 -11.1703
  0.1354 -11.3326 -11.2451 -11.1868 -11.1854
  0.1360 -11.3517 -11.2623 -11.2036 -11.2007
  0.1366 -11.3711 -11.2799 -11.2204 -11.2162
  0.1372 -11.3899 -11.2986 -11.2370 -11.2321
  0.1379 -11.4072 -11.3155 -11.2525 -11.2472
  0.1385 -11.4246 -11.3326 -11.2681 -11.2623
  0.1391 -11.4420 -11.3497 -11.2838 -11.2775
  0.1397 -11.4592 -11.3664 -11.2989 -11.2922
  0.1404 -11.4766 -11.3832 -11.3140 -11.3068
  0.1410 -11.4940 -11.4001 -11.3292 -11.3215
  0.1416 -11.5110 -11.4166 -11.3441 -11.3358
  0.1423 -11.5279 -11.4331 -11.3590 -11.3501
  0.1429 -11.5450 -11.4496 -11.3739 -11.3644
  0.1436 -11.5620 -11.4665 -11.3890 -11.3787
  0.1442 -11.5791 -11.4835 -11.4042 -11.3930
  0.1449 -11.5947 -11.4989 -11.4182 -11.4065
  0.1455 -11.6096 -11.5136 -11.4317 -11.4196
  0.1462 -11.6247 -11.5284 -11.4453 -11.4327
  0.1468 -11.6398 -11.5433 -11.4589 -11.4460
  0.1475 -11.6550 -11.5583 -11.4726 -11.4593
  0.1482 -11.6702 -11.5732 -11.4863 -11.4725
  0.1489 -11.6853 -11.5878 -11.4997 -11.4853
  0.1495 -11.7005 -11.6025 -11.5131 -11.4982
  0.1502 -11.7158 -11.6172 -11.5267 -11.5112
  0.1509 -11.7311 -11.6321 -11.5403 -11.5242
  0.1516 -11.7459 -11.6465 -11.5534 -11.5368
  0.1522 -11.7605 -11.6607 -11.5665 -11.5493
  0.1529 -11.7752 -11.6750 -11.5796 -11.5618
  0.1536 -11.7899 -11.6894 -11.5927 -11.5743
  0.1543 -11.8047 -11.7039 -11.6059 -11.5869
  0.1550 -11.8198 -11.7186 -11.6192 -11.5993
  0.1557 -11.8350 -11.7333 -11.6326 -11.6118
  0.1564 -11.8502 -11.7481 -11.6460 -11.6243
  0.1571 -11.8652 -11.7622 -11.6594 -11.6364
  0.1578 -11.8794 -11.7743 -11.6728 -11.6471
  0.1586 -11.8936 -11.7864 -11.6862 -11.6578
  0.1593 -11.9078 -11.7986 -11.6997 -11.6686
  0.1600 -11.9218 -11.8113 -11.7127 -11.6797
  0.1607 -11.9352 -11.8245 -11.7248 -11.6911
  0.1615 -11.9487 -11.8377 -11.7370 -11.7025
  0.1622 -11.9622 -11.8510 -11.7492 -11.7140
  0.1629 -11.9759 -11.8643 -11.7615 -11.7255
  0.1637 -11.9898 -11.8775 -11.7739 -11.7370
  0.1644 -12.0037 -11.8908 -11.7864 -11.7485
  0.1651 -12.0177 -11.9041 -11.7989 -11.7602
  0.1659 -12.0311 -11.9170 -11.8109 -11.7713
  0.1666 -12.0442 -11.9297 -11.8227 -11.7823
  0.1674 -12.0574 -11.9424 -11.8345 -11.7934
  0.1681 -12.0707 -11.9552 -11.8465 -11.8045
  0.1689 -12.0840 -11.9680 -11.8584 -11.8156
  0.1697 -12.0974 -11.9810 -11.8704 -11.8268
  0.1704 -12.1098 -11.9929 -11.8816 -11.8372
  0.1712 -12.1222 -12.0048 -11.8928 -11.8476
  0.1720 -12.1346 -12.0167 -11.9040 -11.8581
  0.1728 -12.1471 -12.0287 -11.9153 -11.8685
  0.1735 -12.1597 -12.0408 -11.9266 -11.8791
  0.1743 -12.1723 -12.0529 -11.9380 -11.8897
  0.1751 -12.1849 -12.0651 -11.9495 -11.9003
  0.1759 -12.1975 -12.0772 -11.9608 -11.9109
  0.1767 -12.2099 -12.0889 -11.9719 -11.9210
  0.1775 -12.2222 -12.1007 -11.9830 -11.9313
  0.1783 -12.2347 -12.1126 -11.9941 -11.9415
  0.1791 -12.2471 -12.1245 -12.0053 -11.9518
  0.1799 -12.2597 -12.1365 -12.0165 -11.9622
  0.1807 -12.2723 -12.1485 -12.0278 -11.9726
  0.1816 -12.2849 -12.1606 -12.0392 -11.9831
  0.1824 -12.2985 -12.1735 -12.0511 -11.9938
  0.1832 -12.3124 -12.1867 -12.0632 -12.0048
  0.1840 -12.3263 -12.2000 -12.0753 -12.0157
  0.1849 -12.3385 -12.2117 -12.0863 -12.0258
  0.1857 -12.3504 -12.2231 -12.0971 -12.0358
  0.1865 -12.3623 -12.2345 -12.1080 -12.0458
  0.1874 -12.3743 -12.2460 -12.1189 -12.0558
  0.1882 -12.3863 -12.2576 -12.1298 -12.0659
  0.1891 -12.3984 -12.2692 -12.1408 -12.0761
  0.1899 -12.4105 -12.2808 -12.1519 -12.0862
  0.1908 -12.4227 -12.2925 -12.1629 -12.0965
  0.1917 -12.4349 -12.3041 -12.1739 -12.1066
  0.1925 -12.4469 -12.3156 -12.1847 -12.1166
  0.1934 -12.4591 -12.3272 -12.1956 -12.1266
  0.1943 -12.4713 -12.3388 -12.2065 -12.1367
  0.1952 -12.4835 -12.3504 -12.2175 -12.1468
  0.1960 -12.4958 -12.3621 -12.2285 -12.1570
  0.1969 -12.5082 -12.3739 -12.2396 -12.1672
  0.1978 -12.5215 -12.3864 -12.2518 -12.1783
  0.1987 -12.5356 -12.3995 -12.2650 -12.1900
  0.1996 -12.5498 -12.4126 -12.2782 -12.2018
  0.2005 -12.5640 -12.4258 -12.2915 -12.2137
  0.2014 -12.5783 -12.4391 -12.3049 -12.2256
  0.2023 -12.5926 -12.4524 -12.3183 -12.2375
  0.2032 -12.6070 -12.4658 -12.3318 -12.2495
  0.2042 -12.6215 -12.4792 -12.3453 -12.2616
  0.2051 -12.6360 -12.4927 -12.3589 -12.2737
  0.2060 -12.6502 -12.5059 -12.3721 -12.2855
  0.2070 -12.6616 -12.5168 -12.3826 -12.2951
  0.2079 -12.6731 -12.5278 -12.3931 -12.3048
  0.2088 -12.6846 -12.5388 -12.4036 -12.3145
  0.2098 -12.6962 -12.5499 -12.4142 -12.3243
  0.2107 -12.7078 -12.5610 -12.4249 -12.3341
  0.2117 -12.7195 -12.5722 -12.4356 -12.3440
  0.2126 -12.7312 -12.5833 -12.4462 -12.3538
  0.2136 -12.7430 -12.5944 -12.4567 -12.3636
  0.2146 -12.7548 -12.6055 -12.4672 -12.3734
  0.2155 -12.7667 -12.6166 -12.4778 -12.3832
  0.2165 -12.7786 -12.6278 -12.4885 -12.3931
  0.2175 -12.7905 -12.6391 -12.4991 -12.4030
  0.2185 -12.8025 -12.6504 -12.5098 -12.4129
  0.2195 -12.8143 -12.6615 -12.5203 -12.4226
  0.2205 -12.8262 -12.6728 -12.5308 -12.4322
  0.2215 -12.8381 -12.6841 -12.5413 -12.4420
  0.2225 -12.8500 -12.6954 -12.5519 -12.4517
  0.2235 -12.8620 -12.7068 -12.5626 -12.4615
  0.2245 -12.8741 -12.7182 -12.5733 -12.4714
  0.2255 -12.8854 -12.7290 -12.5837 -12.4809
  0.2265 -12.8966 -12.7398 -12.5941 -12.4905
  0.2275 -12.9079 -12.7506 -12.6046 -12.5001
  0.2286 -12.9193 -12.7615 -12.6152 -12.5097
  0.2296 -12.9307 -12.7725 -12.6258 -12.5194
  0.2306 -12.9421 -12.7834 -12.6364 -12.5291
  0.2317 -12.9536 -12.7945 -12.6471 -12.5388
  0.2327 -12.9651 -12.8055 -12.6578 -12.5487
  0.2338 -12.9767 -12.8167 -12.6686 -12.5585
  0.2348 -12.9885 -12.8279 -12.6794 -12.5684
  0.2359 -13.0008 -12.8393 -12.6899 -12.5781
  0.2370 -13.0132 -12.8509 -12.7005 -12.5880
  0.2380 -13.0256 -12.8624 -12.7112 -12.5978
  0.2391 -13.0381 -12.8741 -12.7219 -12.6077
  0.2402 -13.0506 -12.8857 -12.7326 -12.6177
  0.2413 -13.0623 -12.8967 -12.7430 -12.6272
  0.2424 -13.0739 -12.9077 -12.7532 -12.6367
  0.2435 -13.0854 -12.9186 -12.7636 -12.6463
  0.2446 -13.0971 -12.9297 -12.7739 -12.6559
  0.2457 -13.1088 -12.9407 -12.7844 -12.6655
  0.2468 -13.1205 -12.9519 -12.7948 -12.6752
  0.2479 -13.1323 -12.9631 -12.8053 -12.6849
  0.2490 -13.1438 -12.9739 -12.8156 -12.6945
  0.2502 -13.1551 -12.9845 -12.8258 -12.7040
  0.2513 -13.1664 -12.9952 -12.8360 -12.7135
  0.2524 -13.1778 -13.0059 -12.8462 -12.7231
  0.2536 -13.1892 -13.0167 -12.8565 -12.7327
  0.2547 -13.2007 -13.0275 -12.8669 -12.7423
  0.2559 -13.2122 -13.0384 -12.8772 -12.7520
  0.2570 -13.2238 -13.0493 -12.8877 -12.7617
  0.2582 -13.2352 -13.0602 -12.8977 -12.7711
  0.2594 -13.2467 -13.0710 -12.9079 -12.7806
  0.2605 -13.2583 -13.0820 -12.9180 -12.7901
  0.2617 -13.2699 -13.0929 -12.9283 -12.7996
  0.2629 -13.2816 -13.1040 -12.9385 -12.8092
  0.2641 -13.2933 -13.1150 -12.9488 -12.8188
  0.2653 -13.3050 -13.1262 -12.9592 -12.8284
  0.2665 -13.3165 -13.1370 -12.9695 -12.8379
  0.2677 -13.3279 -13.1478 -12.9797 -12.8474
  0.2689 -13.3393 -13.1586 -12.9900 -12.8570
  0.2701 -13.3508 -13.1695 -13.0003 -12.8666
  0.2713 -13.3624 -13.1804 -13.0107 -12.8762
  0.2726 -13.3740 -13.1914 -13.0211 -12.8859
  0.2738 -13.3856 -13.2024 -13.0316 -12.8956
  0.2750 -13.3972 -13.2135 -13.0421 -12.9053
  0.2763 -13.4089 -13.2247 -13.0526 -12.9151
  0.2775 -13.4205 -13.2359 -13.0633 -12.9249
  0.2788 -13.4323 -13.2472 -13.0739 -12.9347
  0.2800 -13.4440 -13.2585 -13.0846 -12.9446
  0.2813 -13.4559 -13.2699 -13.0953 -12.9545
  0.2826 -13.4678 -13.2813 -13.1061 -12.9645
  0.2839 -13.4797 -13.2928 -13.1170 -12.9745
  0.2851 -13.4914 -13.3040 -13.1276 -12.9844
  0.2864 -13.5029 -13.3148 -13.1378 -12.9939
  0.2877 -13.5143 -13.3256 -13.1480 -13.0034
  0.2890 -13.5259 -13.3364 -13.1583 -13.0130
  0.2903 -13.5374 -13.3473 -13.1686 -13.0226
  0.2917 -13.5491 -13.3583 -13.1790 -13.0323
  0.2930 -13.5607 -13.3693 -13.1894 -13.0420
  0.2943 -13.5725 -13.3803 -13.1998 -13.0518
  0.2956 -13.5841 -13.3914 -13.2103 -13.0615
  0.2970 -13.5955 -13.4024 -13.2206 -13.0711
  0.2983 -13.6069 -13.4134 -13.2310 -13.0807
  0.2997 -13.6184 -13.4245 -13.2414 -13.0903
  0.3010 -13.6299 -13.4356 -13.2518 -13.1000
  0.3024 -13.6414 -13.4468 -13.2623 -13.1097
  0.3038 -13.6530 -13.4580 -13.2729 -13.1195
  0.3051 -13.6647 -13.4693 -13.2834 -13.1293
  0.3065 -13.6764 -13.4806 -13.2941 -13.1392
  0.3079 -13.6882 -13.4920 -13.3048 -13.1491
  0.3093 -13.7000 -13.5034 -13.3155 -13.1591
  0.3107 -13.7119 -13.5149 -13.3263 -13.1691
  0.3121 -13.7236 -13.5261 -13.3368 -13.1789
  0.3135 -13.7349 -13.5369 -13.3468 -13.1883
  0.3149 -13.7463 -13.5478 -13.3569 -13.1977
  0.3163 -13.7578 -13.5587 -13.3670 -13.2072
  0.3178 -13.7693 -13.5696 -13.3771 -13.2167
  0.3192 -13.7809 -13.5806 -13.3873 -13.2263
  0.3207 -13.7925 -13.5916 -13.3975 -13.2359
  0.3221 -13.8041 -13.6027 -13.4077 -13.2456
  0.3236 -13.8159 -13.6139 -13.4181 -13.2553
  0.3250 -13.8272 -13.6247 -13.4281 -13.2648
  0.3265 -13.8385 -13.6355 -13.4381 -13.2742
  0.3280 -13.8498 -13.6463 -13.4481 -13.2837
  0.3295 -13.8612 -13.6572 -13.4582 -13.2932
  0.3310 -13.8726 -13.6682 -13.4683 -13.3028
  0.3325 -13.8841 -13.6791 -13.4785 -13.3124
  0.3340 -13.8956 -13.6902 -13.4887 -13.3221
  0.3355 -13.9072 -13.7013 -13.4990 -13.3318
  0.3370 -13.9193 -13.7128 -13.5096 -13.3413
  0.3385 -13.9312 -13.7243 -13.5201 -13.3509
  0.3400 -13.9430 -13.7358 -13.5306 -13.3604
  0.3416 -13.9549 -13.7473 -13.5412 -13.3701
  0.3431 -13.9668 -13.7587 -13.5516 -13.3796
  0.3447 -13.9785 -13.7696 -13.5616 -13.3891
  0.3462 -13.9902 -13.7806 -13.5717 -13.3986
  0.3478 -14.0020 -13.7917 -13.5818 -13.4081
  0.3494 -14.0136 -13.8027 -13.5919 -13.4177
  0.3510 -14.0249 -13.8136 -13.6020 -13.4272
  0.3525 -14.0363 -13.8246 -13.6122 -13.4368
  0.3541 -14.0477 -13.8356 -13.6224 -13.4465
  0.3557 -14.0592 -13.8467 -13.6327 -13.4562
  0.3574 -14.0707 -13.8579 -13.6431 -13.4660
  0.3590 -14.0823 -13.8696 -13.6544 -13.4765
  0.3606 -14.0939 -13.8814 -13.6658 -13.4869
  0.3622 -14.1056 -13.8932 -13.6772 -13.4975
  0.3639 -14.1171 -13.9048 -13.6882 -13.5079
  0.3655 -14.1285 -13.9157 -13.6984 -13.5177
  0.3672 -14.1398 -13.9266 -13.7086 -13.5277
  0.3688 -14.1512 -13.9376 -13.7188 -13.5376
  0.3705 -14.1627 -13.9486 -13.7291 -13.5476
  0.3722 -14.1742 -13.9596 -13.7395 -13.5577
  0.3739 -14.1856 -13.9706 -13.7497 -13.5675
  0.3755 -14.1949 -13.9794 -13.7574 -13.5738
  0.3772 -14.2042 -13.9882 -13.7651 -13.5802
  0.3790 -14.2135 -13.9970 -13.7728 -13.5865
  0.3807 -14.2224 -14.0057 -13.7802 -13.5933
  0.3824 -14.2344 -14.0175 -13.7912 -13.6037
  0.3841 -14.2465 -14.0295 -13.8022 -13.6141
  0.3859 -14.2584 -14.0411 -13.8129 -13.6242
  0.3876 -14.2688 -14.0509 -13.8217 -13.6320
  0.3894 -14.2793 -14.0606 -13.8305 -13.6399
  0.3911 -14.2898 -14.0704 -13.8393 -13.6478
  0.3929 -14.3005 -14.0804 -13.8483 -13.6559
  0.3947 -14.3117 -14.0910 -13.8584 -13.6653
  0.3965 -14.3229 -14.1017 -13.8686 -13.6747
  0.3982 -14.3342 -14.1124 -13.8788 -13.6842
  0.4001 -14.3455 -14.1231 -13.8890 -13.6936
  0.4019 -14.3566 -14.1338 -13.8987 -13.7028
  0.4037 -14.3678 -14.1446 -13.9085 -13.7120
  0.4055 -14.3791 -14.1554 -13.9183 -13.7213
  0.4073 -14.3904 -14.1662 -13.9281 -13.7306
  0.4092 -14.4016 -14.1769 -13.9379 -13.7399
  0.4110 -14.4127 -14.1874 -13.9478 -13.7492
  0.4129 -14.4239 -14.1980 -13.9577 -13.7585
  0.4148 -14.4352 -14.2086 -13.9677 -13.7679
  0.4166 -14.4465 -14.2193 -13.9777 -13.7772
  0.4185 -14.4576 -14.2301 -13.9876 -13.7865
  0.4204 -14.4688 -14.2409 -13.9976 -13.7958
  0.4223 -14.4800 -14.2519 -14.0077 -13.8051
  0.4242 -14.4912 -14.2629 -14.0179 -13.8146
  0.4262 -14.5023 -14.2740 -14.0283 -13.8243
  0.4281 -14.5134 -14.2852 -14.0388 -13.8340
  0.4300 -14.5255 -14.2970 -14.0498 -13.8446
  0.4320 -14.5381 -14.3090 -14.0610 -13.8556
  0.4339 -14.5507 -14.3211 -14.0723 -13.8667
  0.4359 -14.5634 -14.3332 -14.0837 -13.8778
  0.4379 -14.5752 -14.3445 -14.0941 -13.8878
  0.4398 -14.5852 -14.3540 -14.1027 -13.8958
  0.4418 -14.5952 -14.3636 -14.1113 -13.9038
  0.4438 -14.6053 -14.3732 -14.1200 -13.9118
  0.4458 -14.6154 -14.3828 -14.1287 -13.9199
  0.4478 -14.6258 -14.3927 -14.1379 -13.9283
  0.4499 -14.6364 -14.4028 -14.1472 -13.9368
  0.4519 -14.6470 -14.4129 -14.1565 -13.9454
  0.4540 -14.6577 -14.4231 -14.1660 -13.9540
  0.4560 -14.6682 -14.4334 -14.1754 -13.9629
  0.4581 -14.6789 -14.4437 -14.1850 -13.9718
  0.4601 -14.6896 -14.4540 -14.1945 -13.9809
  0.4622 -14.7003 -14.4644 -14.2042 -13.9899
  0.4643 -14.7111 -14.4747 -14.2138 -13.9990
  0.4664 -14.7218 -14.4849 -14.2233 -14.0081
  0.4685 -14.7326 -14.4952 -14.2330 -14.0172
  0.4706 -14.7435 -14.5055 -14.2426 -14.0264
  0.4728 -14.7544 -14.5158 -14.2523 -14.0357
  0.4749 -14.7653 -14.5263 -14.2621 -14.0449
  0.4771 -14.7763 -14.5367 -14.2719 -14.0542
  0.4792 -14.7868 -14.5467 -14.2814 -14.0632
  0.4814 -14.7974 -14.5568 -14.2910 -14.0723
  0.4836 -14.8081 -14.5670 -14.3006 -14.0814
  0.4858 -14.8188 -14.5772 -14.3102 -14.0905
  0.4880 -14.8295 -14.5874 -14.3198 -14.0997
  0.4902 -14.8399 -14.5973 -14.3290 -14.1083
  0.4924 -14.8505 -14.6074 -14.3382 -14.1170
  0.4946 -14.8610 -14.6174 -14.3474 -14.1257
  0.4968 -14.8716 -14.6275 -14.3567 -14.1345
  0.4991 -14.8823 -14.6377 -14.3660 -14.1433
  0.5014 -14.8928 -14.6476 -14.3753 -14.1519
  0.5036 -14.9032 -14.6574 -14.3846 -14.1605
  0.5059 -14.9136 -14.6672 -14.3939 -14.1691
  0.5082 -14.9241 -14.6771 -14.4032 -14.1778
  0.5105 -14.9344 -14.6871 -14.4125 -14.1866
  0.5128 -14.9435 -14.6980 -14.4218 -14.1964
  0.5151 -14.9547 -14.7089 -14.4320 -14.2062
  0.5174 -14.9659 -14.7199 -14.4423 -14.2161
  0.5198 -14.9771 -14.7309 -14.4526 -14.2260
  0.5221 -14.9884 -14.7419 -14.4629 -14.2360
  0.5245 -14.9998 -14.7530 -14.4733 -14.2460
  0.5269 -15.0112 -14.7642 -14.4838 -14.2561
  0.5293 -15.0213 -14.7737 -14.4927 -14.2644
  0.5317 -15.0309 -14.7826 -14.5009 -14.2720
  0.5341 -15.0405 -14.7914 -14.5092 -14.2795
  0.5365 -15.0501 -14.8003 -14.5175 -14.2871
  0.5389 -15.0598 -14.8093 -14.5258 -14.2948
  0.5413 -15.0696 -14.8186 -14.5345 -14.3029
  0.5438 -15.0794 -14.8281 -14.5434 -14.3113
  0.5463 -15.0893 -14.8377 -14.5522 -14.3196
  0.5487 -15.0992 -14.8473 -14.5611 -14.3280
  0.5512 -15.1092 -14.8569 -14.5701 -14.3365
  0.5537 -15.1191 -14.8664 -14.5789 -14.3448
  0.5562 -15.1291 -14.8759 -14.5878 -14.3532
  0.5587 -15.1391 -14.8854 -14.5967 -14.3616
  0.5613 -15.1492 -14.8950 -14.6056 -14.3701
  0.5638 -15.1593 -14.9046 -14.6146 -14.3786
  0.5663 -15.1693 -14.9140 -14.6236 -14.3870
  0.5689 -15.1793 -14.9235 -14.6325 -14.3954
  0.5715 -15.1894 -14.9331 -14.6416 -14.4038
  0.5741 -15.1994 -14.9426 -14.6505 -14.4122
  0.5767 -15.2093 -14.9522 -14.6594 -14.4206
  0.5793 -15.2192 -14.9618 -14.6684 -14.4291
  0.5819 -15.2292 -14.9714 -14.6774 -14.4375
  0.5845 -15.2392 -14.9811 -14.6864 -14.4460
  0.5872 -15.2491 -14.9905 -14.6953 -14.4546
  0.5898 -15.2590 -14.9998 -14.7042 -14.4632
  0.5925 -15.2689 -15.0093 -14.7132 -14.4718
  0.5952 -15.2789 -15.0187 -14.7222 -14.4805
  0.5979 -15.2890 -15.0283 -14.7312 -14.4892
  0.6006 -15.2985 -15.0376 -14.7399 -14.4975
  0.6033 -15.3079 -15.0469 -14.7484 -14.5058
  0.6060 -15.3174 -15.0562 -14.7570 -14.5141
  0.6088 -15.3269 -15.0656 -14.7657 -14.5224
  0.6115 -15.3365 -15.0750 -14.7744 -14.5308
  0.6143 -15.3460 -15.0844 -14.7831 -14.5392
  0.6171 -15.3557 -15.0936 -14.7919 -14.5475
  0.6199 -15.3653 -15.1029 -14.8008 -14.5559
  0.6227 -15.3750 -15.1121 -14.8097 -14.5642
  0.6255 -15.3848 -15.1215 -14.8186 -14.5727
  0.6283 -15.3946 -15.1308 -14.8276 -14.5812
  0.6311 -15.4044 -15.1402 -14.8366 -14.5897
  0.6340 -15.4165 -15.1518 -14.8469 -14.6000
  0.6369 -15.4279 -15.1628 -14.8566 -14.6098
  0.6398 -15.4367 -15.1713 -14.8647 -14.6175
  0.6427 -15.4456 -15.1798 -14.8728 -14.6252
  0.6456 -15.4545 -15.1884 -14.8810 -14.6329
  0.6485 -15.4634 -15.1970 -14.8892 -14.6407
  0.6514 -15.4724 -15.2057 -14.8974 -14.6486
  0.6544 -15.4814 -15.2144 -14.9057 -14.6565
  0.6573 -15.4905 -15.2232 -14.9140 -14.6644
  0.6603 -15.4992 -15.2315 -14.9219 -14.6718
  0.6633 -15.5077 -15.2396 -14.9295 -14.6789
  0.6663 -15.5163 -15.2477 -14.9371 -14.6861
  0.6693 -15.5249 -15.2559 -14.9448 -14.6933
  0.6723 -15.5335 -15.2641 -14.9525 -14.7005
  0.6754 -15.5422 -15.2723 -14.9603 -14.7078
  0.6784 -15.5510 -15.2806 -14.9681 -14.7151
  0.6815 -15.5597 -15.2889 -14.9759 -14.7224
  0.6846 -15.5685 -15.2973 -14.9837 -14.7298
  0.6877 -15.5774 -15.3056 -14.9916 -14.7372
  0.6908 -15.5860 -15.3139 -14.9994 -14.7446
  0.6939 -15.5946 -15.3221 -15.0072 -14.7519
  0.6971 -15.6032 -15.3304 -15.0150 -14.7593
  0.7002 -15.6118 -15.3386 -15.0228 -14.7668
  0.7034 -15.6205 -15.3470 -15.0307 -14.7743
  0.7066 -15.6293 -15.3553 -15.0386 -14.7818
  0.7098 -15.6380 -15.3637 -15.0466 -14.7893
  0.7130 -15.6468 -15.3722 -15.0545 -14.7969
  0.7162 -15.6557 -15.3806 -15.0626 -14.8045
  0.7194 -15.6646 -15.3891 -15.0706 -14.8122
  0.7227 -15.6715 -15.3956 -15.0765 -14.8172
  0.7260 -15.6716 -15.3944 -15.0746 -14.8126
  0.7292 -15.6716 -15.3932 -15.0727 -14.8079
  0.7325 -15.6786 -15.3996 -15.0786 -14.8128
  0.7359 -15.6891 -15.4098 -15.0885 -14.8226
  0.7392 -15.6996 -15.4201 -15.0985 -14.8323
  0.7425 -15.7102 -15.4305 -15.1085 -14.8421
  0.7459 -15.7209 -15.4409 -15.1186 -14.8520
  0.7493 -15.7316 -15.4513 -15.1287 -14.8619
  0.7527 -15.7423 -15.4618 -15.1389 -14.8718
  0.7561 -15.7525 -15.4717 -15.1484 -14.8811
  0.7595 -15.7601 -15.4792 -15.1555 -14.8879
  0.7629 -15.7678 -15.4866 -15.1626 -14.8946
  0.7664 -15.7756 -15.4942 -15.1698 -14.9014
  0.7698 -15.7834 -15.5017 -15.1770 -14.9083
  0.7733 -15.7912 -15.5093 -15.1843 -14.9151
  0.7768 -15.7990 -15.5169 -15.1915 -14.9220
  0.7803 -15.8069 -15.5246 -15.1988 -14.9289
  0.7839 -15.8148 -15.5323 -15.2062 -14.9359
  0.7874 -15.8227 -15.5400 -15.2136 -14.9429
  0.7910 -15.8307 -15.5478 -15.2210 -14.9499
  0.7946 -15.8387 -15.5556 -15.2284 -14.9570
  0.7981 -15.8468 -15.5634 -15.2359 -14.9640
  0.8018 -15.8549 -15.5713 -15.2434 -14.9712
  0.8054 -15.8630 -15.5792 -15.2509 -14.9783
  0.8090 -15.8712 -15.5871 -15.2585 -14.9855
  0.8127 -15.8794 -15.5951 -15.2661 -14.9927
  0.8164 -15.8876 -15.6031 -15.2737 -14.9999
  0.8201 -15.8959 -15.6112 -15.2814 -15.0072
  0.8238 -15.9042 -15.6193 -15.2891 -15.0145
  0.8275 -15.9126 -15.6274 -15.2969 -15.0219
  0.8312 -15.9210 -15.6356 -15.3047 -15.0293
  0.8350 -15.9294 -15.6438 -15.3125 -15.0367
  0.8388 -15.9379 -15.6520 -15.3203 -15.0441
  0.8426 -15.9464 -15.6603 -15.3282 -15.0516
  0.8464 -15.9549 -15.6686 -15.3361 -15.0591
  0.8502 -15.9625 -15.6760 -15.3433 -15.0659
  0.8541 -15.9699 -15.6832 -15.3503 -15.0726
  0.8579 -15.9773 -15.6905 -15.3573 -15.0793
  0.8618 -15.9848 -15.6978 -15.3644 -15.0860
  0.8657 -15.9922 -15.7052 -15.3715 -15.0927
  0.8696 -15.9998 -15.7125 -15.3786 -15.0995
  0.8736 -16.0073 -15.7200 -15.3858 -15.1064
  0.8775 -16.0149 -15.7274 -15.3930 -15.1132
  0.8815 -16.0225 -15.7349 -15.4002 -15.1201
  0.8855 -16.0302 -15.7424 -15.4075 -15.1270
  0.8895 -16.0379 -15.7499 -15.4148 -15.1339
  0.8935 -16.0456 -15.7575 -15.4221 -15.1409
  0.8975 -16.0534 -15.7651 -15.4294 -15.1479
  0.9016 -16.0612 -15.7728 -15.4368 -15.1550
  0.9057 -16.0690 -15.7805 -15.4443 -15.1620
  0.9098 -16.0769 -15.7882 -15.4517 -15.1691
  0.9139 -16.0848 -15.7959 -15.4592 -15.1763
  0.9180 -16.0927 -15.8037 -15.4667 -15.1834
  0.9222 -16.1007 -15.8115 -15.4743 -15.1906
  0.9264 -16.1087 -15.8194 -15.4819 -15.1979
  0.9306 -16.1167 -15.8273 -15.4895 -15.2051
  0.9348 -16.1248 -15.8352 -15.4972 -15.2124
  0.9390 -16.1329 -15.8432 -15.5049 -15.2198
  0.9432 -16.1411 -15.8512 -15.5126 -15.2271
  0.9475 -16.1487 -15.8587 -15.5199 -15.2339
  0.9518 -16.1555 -15.8653 -15.5264 -15.2398
  0.9561 -16.1623 -15.8719 -15.5329 -15.2457
  0.9604 -16.1691 -15.8785 -15.5395 -15.2517
  0.9648 -16.1760 -15.8852 -15.5461 -15.2577
  0.9691 -16.1829 -15.8919 -15.5527 -15.2637
  0.9735 -16.1898 -15.8987 -15.5593 -15.2697
  0.9779 -16.1967 -15.9054 -15.5660 -15.2757
  0.9824 -16.2037 -15.9122 -15.5727 -15.2818
  0.9868 -16.2107 -15.9191 -15.5795 -15.2879
  0.9913 -16.2178 -15.9259 -15.5862 -15.2940
  0.9957 -16.2248 -15.9328 -15.5930 -15.3002
  1.0003 -16.2315 -15.9395 -15.5996 -15.3061
  1.0048 -16.2379 -15.9459 -15.6059 -15.3119
  1.0093 -16.2443 -15.9524 -15.6122 -15.3176
  1.0139 -16.2507 -15.9589 -15.6186 -15.3234
  1.0185 -16.2572 -15.9654 -15.6250 -15.3292
  1.0231 -16.2637 -15.9720 -15.6314 -15.3351
  1.0277 -16.2702 -15.9786 -15.6379 -15.3409
  1.0324 -16.2767 -15.9852 -15.6443 -15.3468
  1.0370 -16.2833 -15.9919 -15.6509 -15.3527
  1.0417 -16.2904 -15.9992 -15.6580 -15.3596
  1.0464 -16.2975 -16.0066 -15.6653 -15.3667
  1.0512 -16.3046 -16.0140 -15.6727 -15.3738
  1.0559 -16.3118 -16.0215 -15.6801 -15.3809
  1.0607 -16.3190 -16.0290 -15.6875 -15.3881
  1.0655 -16.3263 -16.0365 -15.6949 -15.3953
  1.0703 -16.3336 -16.0441 -15.7024 -15.4025
  1.0752 -16.3400 -16.0507 -15.7090 -15.4086
  1.0800 -16.3461 -16.0569 -15.7152 -15.4143
  1.0849 -16.3522 -16.0632 -15.7215 -15.4200
  1.0898 -16.3583 -16.0695 -15.7279 -15.4258
  1.0948 -16.3645 -16.0758 -15.7342 -15.4316
  1.0997 -16.3707 -16.0821 -15.7406 -15.4374
  1.1047 -16.3769 -16.0885 -15.7470 -15.4432
  1.1097 -16.3830 -16.0947 -15.7534 -15.4489
  1.1147 -16.3889 -16.1008 -15.7596 -15.4546
  1.1198 -16.3948 -16.1069 -15.7659 -15.4603
  1.1248 -16.4008 -16.1131 -15.7721 -15.4660
  1.1299 -16.4068 -16.1192 -15.7785 -15.4718
  1.1350 -16.4128 -16.1254 -15.7848 -15.4776
  1.1402 -16.4188 -16.1317 -15.7912 -15.4834
  1.1453 -16.4247 -16.1378 -15.7975 -15.4891
  1.1505 -16.4304 -16.1437 -15.8038 -15.4946
  1.1557 -16.4362 -16.1497 -15.8100 -15.5002
  1.1609 -16.4420 -16.1557 -15.8163 -15.5058
  1.1662 -16.4478 -16.1618 -15.8227 -15.5115
  1.1715 -16.4536 -16.1678 -15.8290 -15.5172
  1.1768 -16.4595 -16.1739 -15.8354 -15.5228
  1.1821 -16.4650 -16.1798 -15.8416 -15.5282
  1.1874 -16.4705 -16.1856 -15.8477 -15.5335
  1.1928 -16.4760 -16.1914 -15.8538 -15.5388
  1.1982 -16.4814 -16.1973 -15.8600 -15.5441
  1.2036 -16.4870 -16.2031 -15.8662 -15.5495
  1.2091 -16.4925 -16.2090 -15.8724 -15.5548
  1.2145 -16.4981 -16.2149 -15.8786 -15.5602
  1.2200 -16.5034 -16.2204 -15.8846 -15.5656
  1.2256 -16.5087 -16.2260 -15.8906 -15.5710
  1.2311 -16.5140 -16.2316 -15.8966 -15.5765
  1.2367 -16.5194 -16.2372 -15.9026 -15.5819
  1.2423 -16.5245 -16.2428 -15.9086 -15.5872
  1.2479 -16.5294 -16.2484 -15.9145 -15.5924
  1.2535 -16.5344 -16.2541 -15.9205 -15.5977
  1.2592 -16.5393 -16.2597 -15.9265 -15.6029
  1.2649 -16.5443 -16.2653 -15.9324 -15.6082
  1.2706 -16.5491 -16.2704 -15.9381 -15.6132
  1.2764 -16.5539 -16.2756 -15.9438 -15.6183
  1.2822 -16.5588 -16.2807 -15.9495 -15.6233
  1.2880 -16.5637 -16.2859 -15.9552 -15.6285
  1.2938 -16.5684 -16.2913 -15.9612 -15.6336
  1.2996 -16.5731 -16.2966 -15.9673 -15.6387
  1.3055 -16.5778 -16.3020 -15.9734 -15.6439
  1.3114 -16.5826 -16.3074 -15.9795 -15.6490
  1.3174 -16.5871 -16.3126 -15.9853 -15.6541
  1.3233 -16.5916 -16.3177 -15.9910 -15.6591
  1.3293 -16.5962 -16.3229 -15.9968 -15.6641
  1.3353 -16.6007 -16.3281 -16.0025 -15.6691
  1.3414 -16.6052 -16.3332 -16.0083 -15.6743
  1.3474 -16.6096 -16.3383 -16.0142 -15.6796
  1.3535 -16.6140 -16.3435 -16.0200 -15.6849
  1.3597 -16.6184 -16.3486 -16.0259 -15.6902
  1.3658 -16.6229 -16.3538 -16.0319 -15.6956
  1.3720 -16.6273 -16.3590 -16.0378 -15.7010
  1.3782 -16.6318 -16.3643 -16.0438 -15.7064
  1.3844 -16.6362 -16.3694 -16.0498 -15.7117
  1.3907 -16.6406 -16.3745 -16.0557 -15.7170
  1.3970 -16.6450 -16.3796 -16.0616 -15.7223
  1.4033 -16.6494 -16.3847 -16.0676 -15.7276
  1.4097 -16.6538 -16.3899 -16.0736 -15.7330
  1.4160 -16.6581 -16.3950 -16.0796 -15.7384
  1.4224 -16.6623 -16.4000 -16.0856 -15.7439
  1.4289 -16.6666 -16.4050 -16.0916 -15.7494
  1.4353 -16.6708 -16.4101 -16.0976 -15.7549
  1.4418 -16.6748 -16.4149 -16.1034 -15.7601
  1.4484 -16.6788 -16.4196 -16.1091 -15.7652
  1.4549 -16.6828 -16.4244 -16.1149 -15.7704
  1.4615 -16.6868 -16.4292 -16.1207 -15.7756
  1.4681 -16.6908 -16.4340 -16.1265 -15.7809
  1.4748 -16.6946 -16.4387 -16.1323 -15.7860
  1.4814 -16.6983 -16.4434 -16.1381 -15.7911
  1.4881 -16.7021 -16.4481 -16.1440 -15.7963
  1.4949 -16.7057 -16.4527 -16.1497 -15.8014
  1.5016 -16.7092 -16.4572 -16.1553 -15.8066
  1.5084 -16.7127 -16.4618 -16.1609 -15.8118
  1.5152 -16.7162 -16.4664 -16.1665 -15.8170
  1.5221 -16.7197 -16.4710 -16.1722 -15.8223
  1.5290 -16.7230 -16.4752 -16.1779 -15.8274
  1.5359 -16.7262 -16.4794 -16.1837 -15.8324
  1.5429 -16.7293 -16.4834 -16.1894 -15.8375
  1.5498 -16.7322 -16.4874 -16.1948 -15.8424
  1.5568 -16.7351 -16.4914 -16.2002 -15.8474
  1.5639 -16.7380 -16.4954 -16.2057 -15.8524
  1.5710 -16.7409 -16.4994 -16.2112 -15.8575
  1.5781 -16.7438 -16.5035 -16.2167 -15.8625
  1.5852 -16.7468 -16.5075 -16.2222 -15.8676
  1.5924 -16.7497 -16.5116 -16.2278 -15.8727
  1.5996 -16.7527 -16.5157 -16.2333 -15.8779
  1.6068 -16.7551 -16.5196 -16.2388 -15.8828
  1.6141 -16.7573 -16.5235 -16.2442 -15.8877
  1.6214 -16.7596 -16.5273 -16.2497 -15.8927
  1.6287 -16.7620 -16.5310 -16.2551 -15.8976
  1.6361 -16.7645 -16.5347 -16.2604 -15.9024
  1.6435 -16.7669 -16.5385 -16.2658 -15.9073
  1.6509 -16.7690 -16.5420 -16.2713 -15.9124
  1.6584 -16.7709 -16.5455 -16.2768 -15.9175
  1.6659 -16.7728 -16.5489 -16.2824 -15.9226
  1.6735 -16.7748 -16.5523 -16.2875 -15.9276
  1.6810 -16.7768 -16.5556 -16.2926 -15.9326
  1.6886 -16.7788 -16.5589 -16.2978 -15.9376
  1.6963 -16.7807 -16.5623 -16.3030 -15.9427
  1.7040 -16.7823 -16.5655 -16.3084 -15.9476
  1.7117 -16.7838 -16.5687 -16.3138 -15.9526
  1.7194 -16.7893 -16.5794 -16.3277 -15.9727
  1.7272 -16.7991 -16.5983 -16.3510 -16.0090
  1.7350 -16.8005 -16.6014 -16.3564 -16.0137
  1.7429 -16.8019 -16.6045 -16.3617 -16.0186
  1.7507 -16.8035 -16.6076 -16.3666 -16.0239
  1.7587 -16.8051 -16.6106 -16.3716 -16.0292
  1.7666 -16.8065 -16.6136 -16.3771 -16.0345
  1.7746 -16.8079 -16.6166 -16.3827 -16.0398
  1.7826 -16.8091 -16.6194 -16.3882 -16.0454
  1.7907 -16.8103 -16.6224 -16.3938 -16.0510
  1.7988 -16.8114 -16.6256 -16.3992 -16.0566
  1.8069 -16.8125 -16.6288 -16.4046 -16.0622
  1.8151 -16.8135 -16.6316 -16.4100 -16.0678
  1.8233 -16.8144 -16.6342 -16.4155 -16.0734
  1.8316 -16.8153 -16.6369 -16.4210 -16.0791
  1.8399 -16.8160 -16.6394 -16.4263 -16.0846
  1.8482 -16.8165 -16.6416 -16.4314 -16.0898
  1.8566 -16.8168 -16.6439 -16.4365 -16.0949
  1.8650 -16.8166 -16.6460 -16.4412 -16.0995
  1.8734 -16.8164 -16.6481 -16.4458 -16.1042
  1.8819 -16.8161 -16.6497 -16.4502 -16.1086
  1.8904 -16.8158 -16.6511 -16.4546 -16.1130
  1.8989 -16.8150 -16.6524 -16.4588 -16.1171
  1.9075 -16.8136 -16.6534 -16.4627 -16.1209
  1.9162 -16.8121 -16.6544 -16.4667 -16.1246
  1.9248 -16.8106 -16.6553 -16.4707 -16.1284
  1.9335 -16.8090 -16.6558 -16.4743 -16.1318
  1.9423 -16.8072 -16.6561 -16.4778 -16.1351
  1.9511 -16.8055 -16.6564 -16.4813 -16.1384
  1.9599 -16.8037 -16.6567 -16.4850 -16.1416
  1.9688 -16.8019 -16.6570 -16.4886 -16.1448
  1.9777 -16.7994 -16.6571 -16.4921 -16.1480
  1.9866 -16.7970 -16.6573 -16.4956 -16.1513
  1.9956 -16.7946 -16.6574 -16.4992 -16.1550
  2.0046 -16.7921 -16.6575 -16.5028 -16.1588
  2.0137 -16.7896 -16.6576 -16.5065 -16.1626
  2.0228 -16.7871 -16.6577 -16.5102 -16.1665
  2.0320 -16.7848 -16.6577 -16.5136 -16.1703
  2.0412 -16.7825 -16.6576 -16.5171 -16.1741
  2.0504 -16.7800 -16.6576 -16.5208 -16.1785
  2.0597 -16.7776 -16.6576 -16.5245 -16.1829
  2.0690 -16.7748 -16.6578 -16.5284 -16.1872
  2.0784 -16.7719 -16.6583 -16.5325 -16.1915
  2.0878 -16.7689 -16.6585 -16.5364 -16.1958
  2.0972 -16.7659 -16.6580 -16.5399 -16.1998
  2.1067 -16.7628 -16.6576 -16.5434 -16.2038
  2.1162 -16.7598 -16.6571 -16.5469 -16.2079
  2.1258 -16.7566 -16.6567 -16.5504 -16.2120
  2.1354 -16.7531 -16.6565 -16.5539 -16.2164
  2.1451 -16.7496 -16.6562 -16.5574 -16.2207
  2.1548 -16.7460 -16.6555 -16.5609 -16.2252
  2.1645 -16.7423 -16.6548 -16.5644 -16.2297
  2.1743 -16.7384 -16.6542 -16.5679 -16.2339
  2.1842 -16.7344 -16.6537 -16.5713 -16.2380
  2.1941 -16.7304 -16.6531 -16.5747 -16.2420
  2.2040 -16.7261 -16.6520 -16.5777 -16.2462
  2.2140 -16.7218 -16.6508 -16.5808 -16.2505
  2.2240 -16.7175 -16.6496 -16.5839 -16.2548
  2.2340 -16.7132 -16.6485 -16.5870 -16.2590
  2.2442 -16.7087 -16.6478 -16.5901 -16.2633
  2.2543 -16.7041 -16.6471 -16.5933 -16.2675
  2.2645 -16.6993 -16.6457 -16.5962 -16.2717
  2.2748 -16.6943 -16.6441 -16.5991 -16.2759
  2.2850 -16.6893 -16.6424 -16.6019 -16.2801
  2.2954 -16.6839 -16.6407 -16.6049 -16.2841
  2.3058 -16.6784 -16.6390 -16.6079 -16.2881
  2.3162 -16.6729 -16.6374 -16.6107 -16.2922
  2.3267 -16.6674 -16.6359 -16.6134 -16.2964
  2.3372 -16.6618 -16.6343 -16.6162 -16.3007
  2.3478 -16.6562 -16.6327 -16.6190 -16.3049
  2.3584 -16.6504 -16.6311 -16.6217 -16.3093
  2.3691 -16.6446 -16.6296 -16.6244 -16.3137
  2.3798 -16.6387 -16.6279 -16.6272 -16.3181
  2.3906 -16.6325 -16.6260 -16.6300 -16.3224
  2.4014 -16.6263 -16.6241 -16.6328 -16.3267
  2.4122 -16.6197 -16.6220 -16.6355 -16.3309
  2.4232 -16.6129 -16.6197 -16.6381 -16.3351
  2.4341 -16.6062 -16.6174 -16.6408 -16.3394
  2.4451 -16.5994 -16.6151 -16.6434 -16.3436
  2.4562 -16.5926 -16.6128 -16.6461 -16.3479
  2.4673 -16.5857 -16.6105 -16.6488 -16.3521
  2.4785 -16.5785 -16.6077 -16.6513 -16.3565
  2.4897 -16.5713 -16.6049 -16.6538 -16.3608
  2.5010 -16.5641 -16.6022 -16.6564 -16.3652
  2.5123 -16.5567 -16.5998 -16.6590 -16.3696
  2.5236 -16.5493 -16.5974 -16.6616 -16.3740
  2.5351 -16.5417 -16.5947 -16.6642 -16.3786
  2.5465 -16.5340 -16.5918 -16.6668 -16.3835
  2.5580 -16.5262 -16.5889 -16.6694 -16.3883
  2.5696 -16.5185 -16.5863 -16.6719 -16.3929
  2.5812 -16.5109 -16.5838 -16.6744 -16.3975
  2.5929 -16.5032 -16.5811 -16.6769 -16.4021
  2.6047 -16.4955 -16.5784 -16.6794 -16.4068
  2.6164 -16.4878 -16.5756 -16.6819 -16.4115
  2.6283 -16.4706 -16.5728 -16.6905 -16.4245
  2.6402 -16.4470 -16.5698 -16.7033 -16.4431
  2.6521 -16.4233 -16.5669 -16.7161 -16.4618
  2.6641 -16.4152 -16.5641 -16.7186 -16.4664
  2.6762 -16.4071 -16.5613 -16.7211 -16.4709
  2.6883 -16.3989 -16.5584 -16.7237 -16.4755
  2.7004 -16.3908 -16.5556 -16.7262 -16.4801
  2.7127 -16.3826 -16.5527 -16.7287 -16.4847
  2.7249 -16.3743 -16.5499 -16.7313 -16.4894
  2.7373 -16.3661 -16.5470 -16.7339 -16.4940
  2.7497 -16.3588 -16.5447 -16.7369 -16.4991
  2.7621 -16.3514 -16.5424 -16.7399 -16.5041
  2.7746 -16.3439 -16.5401 -16.7428 -16.5092
  2.7871 -16.3365 -16.5378 -16.7458 -16.5143
  2.7998 -16.3290 -16.5355 -16.7489 -16.5194
  2.8124 -16.3214 -16.5331 -16.7519 -16.5246
  2.8251 -16.3143 -16.5311 -16.7552 -16.5299
  2.8379 -16.3078 -16.5295 -16.7590 -16.5354
  2.8508 -16.3014 -16.5279 -16.7628 -16.5410
  2.8637 -16.2950 -16.5264 -16.7667 -16.5465
  2.8766 -16.2894 -16.5260 -16.7704 -16.5522
  2.8896 -16.2839 -16.5256 -16.7742 -16.5578
  2.9027 -16.2783 -16.5253 -16.7780 -16.5635
  2.9158 -16.2739 -16.5253 -16.7823 -16.5695
  2.9290 -16.2697 -16.5254 -16.7866 -16.5755
  2.9423 -16.2655 -16.5255 -16.7909 -16.5815
  2.9556 -16.2617 -16.5262 -16.7956 -16.5877
  2.9690 -16.2582 -16.5272 -16.8004 -16.5939
  2.9824 -16.2547 -16.5282 -16.8053 -16.6002
  2.9959 -16.2518 -16.5297 -16.8104 -16.6066
  3.0095 -16.2494 -16.5316 -16.8157 -16.6132
  3.0231 -16.2470 -16.5334 -16.8211 -16.6199
  3.0368 -16.2456 -16.5359 -16.8267 -16.6267
  3.0505 -16.2453 -16.5390 -16.8327 -16.6336
  3.0643 -16.2450 -16.5421 -16.8386 -16.6406
  3.0782 -16.2448 -16.5452 -16.8446 -16.6476
  3.0921 -16.2445 -16.5484 -16.8506 -16.6547
  3.1061 -16.2442 -16.5516 -16.8567 -16.6618
  3.1201 -16.2439 -16.5548 -16.8628 -16.6689
  3.1343 -16.2437 -16.5580 -16.8689 -16.6761
  3.1484 -16.2434 -16.5612 -16.8750 -16.6833
  3.1627 -16.2434 -16.5646 -16.8813 -16.6905
  3.1770 -16.2459 -16.5697 -16.8884 -16.6981
  3.1914 -16.2484 -16.5747 -16.8955 -16.7058
  3.2058 -16.2509 -16.5798 -16.9027 -16.7135
  3.2203 -16.2534 -16.5849 -16.9099 -16.7212
  3.2349 -16.2559 -16.5900 -16.9172 -16.7289
  3.2495 -16.2586 -16.5953 -16.9245 -16.7367
  3.2642 -16.2678 -16.6044 -16.9328 -16.7447
  3.2790 -16.2770 -16.6136 -16.9412 -16.7526
  3.2938 -16.2863 -16.6228 -16.9496 -16.7607
  3.3087 -16.2956 -16.6321 -16.9581 -16.7687
  3.3237 -16.3050 -16.6414 -16.9665 -16.7768
  3.3387 -16.3144 -16.6508 -16.9751 -16.7849
  3.3538 -16.3238 -16.6602 -16.9836 -16.7931
  3.3690 -16.3333 -16.6696 -16.9922 -16.8013
  3.3843 -16.3428 -16.6791 -17.0009 -16.8095
  3.3996 -16.3524 -16.6886 -17.0096 -16.8178
  3.4150 -16.3620 -16.6982 -17.0183 -16.8261
  3.4304 -16.3717 -16.7078 -17.0271 -16.8344
  3.4459 -16.3814 -16.7175 -17.0359 -16.8428
  3.4615 -16.3911 -16.7272 -17.0447 -16.8513
  3.4772 -16.4009 -16.7369 -17.0536 -16.8597
  3.4929 -16.4108 -16.7467 -17.0625 -16.8682
  3.5087 -16.4207 -16.7566 -17.0715 -16.8768
  3.5246 -16.4306 -16.7664 -17.0805 -16.8853
  3.5405 -16.4406 -16.7764 -17.0895 -16.8940
  3.5566 -16.4506 -16.7863 -17.0986 -16.9026
  3.5727 -16.4606 -16.7963 -17.1077 -16.9113
  3.5888 -16.4707 -16.8064 -17.1169 -16.9200
  3.6051 -16.4809 -16.8165 -17.1261 -16.9288
  3.6214 -16.4911 -16.8266 -17.1353 -16.9376
  3.6377 -16.5013 -16.8368 -17.1446 -16.9465
  3.6542 -16.5116 -16.8471 -17.1540 -16.9554
  3.6707 -16.5220 -16.8574 -17.1633 -16.9643
  3.6874 -16.5324 -16.8677 -17.1728 -16.9733
  3.7040 -16.5428 -16.8781 -17.1822 -16.9823
  3.7208 -16.5533 -16.8885 -17.1917 -16.9913
  3.7376 -16.5638 -16.8990 -17.2013 -17.0004
  3.7545 -16.5744 -16.9095 -17.2109 -17.0096
  3.7715 -16.5850 -16.9201 -17.2205 -17.0188
  3.7886 -16.5957 -16.9307 -17.2302 -17.0280
  3.8057 -16.6064 -16.9414 -17.2399 -17.0372
  3.8230 -16.6172 -16.9521 -17.2497 -17.0465
  3.8403 -16.6280 -16.9629 -17.2595 -17.0559
  3.8576 -16.6388 -16.9737 -17.2693 -17.0653
  3.8751 -16.6503 -16.9848 -17.2792 -17.0746
  3.8926 -16.6652 -16.9977 -17.2891 -17.0836
  3.9102 -16.6801 -17.0106 -17.2991 -17.0926
  3.9279 -16.6951 -17.0236 -17.3091 -17.1016
  3.9457 -16.7102 -17.0366 -17.3191 -17.1107
  3.9635 -16.7253 -17.0497 -17.3292 -17.1198
  3.9815 -16.7405 -17.0628 -17.3394 -17.1289
  3.9995 -16.7558 -17.0760 -17.3496 -17.1381
  4.0176 -16.7711 -17.0893 -17.3598 -17.1474
  4.0358 -16.7864 -17.1025 -17.3698 -17.1564
  4.0540 -16.8017 -17.1157 -17.3798 -17.1653
  4.0724 -16.8172 -17.1289 -17.3899 -17.1743
  4.0908 -16.8326 -17.1422 -17.4000 -17.1833
  4.1093 -16.8482 -17.1555 -17.4101 -17.1924
  4.1279 -16.8638 -17.1690 -17.4203 -17.2015
  4.1466 -16.8795 -17.1824 -17.4305 -17.2107
  4.1653 -16.8953 -17.1960 -17.4408 -17.2199
  4.1842 -16.9111 -17.2096 -17.4511 -17.2291
  4.2031 -16.9270 -17.2232 -17.4614 -17.2384
  4.2221 -16.9425 -17.2364 -17.4714 -17.2473
  4.2412 -16.9580 -17.2497 -17.4813 -17.2561
  4.2604 -16.9736 -17.2629 -17.4912 -17.2650
  4.2797 -16.9892 -17.2762 -17.5012 -17.2739
  4.2991 -17.0050 -17.2896 -17.5113 -17.2829
  4.3185 -17.0208 -17.3031 -17.5214 -17.2919
  4.3381 -17.0366 -17.3166 -17.5315 -17.3009
  4.3577 -17.0526 -17.3302 -17.5417 -17.3100
  4.3774 -17.0686 -17.3438 -17.5519 -17.3191
  4.3972 -17.0844 -17.3572 -17.5619 -17.3281
  4.4171 -17.0998 -17.3703 -17.5715 -17.3367
  4.4371 -17.1153 -17.3834 -17.5811 -17.3454
  4.4572 -17.1309 -17.3965 -17.5908 -17.3542
  4.4773 -17.1465 -17.4098 -17.6005 -17.3630
  4.4976 -17.1622 -17.4230 -17.6103 -17.3718
  4.5179 -17.1780 -17.4364 -17.6201 -17.3806
  4.5384 -17.1938 -17.4498 -17.6299 -17.3895
  4.5589 -17.2097 -17.4633 -17.6399 -17.3985
  4.5795 -17.2254 -17.4766 -17.6496 -17.4073
  4.6003 -17.2404 -17.4893 -17.6591 -17.4158
  4.6211 -17.2554 -17.5022 -17.6686 -17.4244
  4.6420 -17.2705 -17.5150 -17.6781 -17.4330
  4.6630 -17.2857 -17.5280 -17.6877 -17.4416
  4.6841 -17.3009 -17.5410 -17.6973 -17.4502
  4.7053 -17.3162 -17.5540 -17.7069 -17.4589
  4.7266 -17.3316 -17.5671 -17.7166 -17.4677
  4.7480 -17.3470 -17.5803 -17.7264 -17.4765
  4.7694 -17.3619 -17.5930 -17.7358 -17.4850
  4.7910 -17.3764 -17.6054 -17.7449 -17.4934
  4.8127 -17.3909 -17.6178 -17.7540 -17.5019
  4.8345 -17.4055 -17.6303 -17.7632 -17.5104
  4.8563 -17.4201 -17.6428 -17.7724 -17.5189
  4.8783 -17.4348 -17.6554 -17.7817 -17.5274
  4.9004 -17.4496 -17.6680 -17.7910 -17.5360
  4.9226 -17.4645 -17.6807 -17.8004 -17.5447
  4.9448 -17.4794 -17.6934 -17.8098 -17.5533
  4.9672 -17.4944 -17.7062 -17.8192 -17.5620
  4.9897 -17.5093 -17.7190 -17.8287 -17.5708
  5.0123 -17.5236 -17.7310 -17.8379 -17.5793
  5.0349 -17.5380 -17.7432 -17.8472 -17.5878
  5.0577 -17.5525 -17.7554 -17.8565 -17.5964
  5.0806 -17.5670 -17.7676 -17.8659 -17.6051
  5.1036 -17.5815 -17.7799 -17.8753 -17.6137
  5.1267 -17.5958 -17.7921 -17.8843 -17.6220
  5.1499 -17.6101 -17.8044 -17.8934 -17.6304
  5.1732 -17.6245 -17.8167 -17.9025 -17.6388
  5.1966 -17.6389 -17.8291 -17.9116 -17.6472
  5.2201 -17.6533 -17.8414 -17.9208 -17.6557
  5.2437 -17.6673 -17.8536 -17.9298 -17.6641
  5.2674 -17.6814 -17.8657 -17.9388 -17.6726
  5.2913 -17.6955 -17.8780 -17.9479 -17.6811
  5.3152 -17.7097 -17.8903 -17.9571 -17.6896
  5.3393 -17.7237 -17.9024 -17.9661 -17.6980
  5.3634 -17.7373 -17.9142 -17.9748 -17.7063
  5.3877 -17.7510 -17.9261 -17.9836 -17.7146
  5.4121 -17.7647 -17.9380 -17.9924 -17.7229
  5.4365 -17.7785 -17.9500 -18.0013 -17.7313
  5.4611 -17.7919 -17.9615 -18.0099 -17.7393
  5.4859 -17.8051 -17.9729 -18.0184 -17.7472
  5.5107 -17.8184 -17.9843 -18.0269 -17.7551
  5.5356 -17.8318 -17.9958 -18.0355 -17.7631
  5.5607 -17.8451 -18.0073 -18.0441 -17.7711
  5.5858 -17.8580 -18.0184 -18.0526 -17.7790
  5.6111 -17.8709 -18.0295 -18.0611 -17.7869
  5.6365 -17.8839 -18.0407 -18.0696 -17.7949
  5.6620 -17.8969 -18.0520 -18.0782 -17.8029
  5.6876 -17.9094 -18.0629 -18.0864 -17.8106
  5.7133 -17.9217 -18.0736 -18.0945 -17.8183
  5.7392 -17.9340 -18.0844 -18.1026 -17.8259
  5.7652 -17.9464 -18.0953 -18.1107 -17.8336
  5.7912 -17.9588 -18.1062 -18.1189 -17.8413
  5.8174 -17.9713 -18.1171 -18.1271 -17.8491
  5.8438 -17.9839 -18.1281 -18.1353 -17.8569
  5.8702 -17.9965 -18.1392 -18.1436 -17.8647
  5.8968 -18.0092 -18.1503 -18.1520 -17.8726
  5.9234 -18.0216 -18.1611 -18.1601 -17.8803
  5.9502 -18.0333 -18.1714 -18.1678 -17.8875
  5.9772 -18.0451 -18.1817 -18.1755 -17.8949
  6.0042 -18.0569 -18.1921 -18.1833 -17.9022
  6.0314 -18.0687 -18.2025 -18.1911 -17.9096
  6.0587 -18.0807 -18.2130 -18.1989 -17.9170
  6.0861 -18.0926 -18.2235 -18.2067 -17.9245
  6.1136 -18.1047 -18.2340 -18.2146 -17.9320
  6.1413 -18.1168 -18.2446 -18.2226 -17.9395
  6.1691 -18.1286 -18.2550 -18.2304 -17.9469
  6.1970 -18.1398 -18.2649 -18.2378 -17.9540
  6.2250 -18.1510 -18.2748 -18.2454 -17.9611
  6.2532 -18.1623 -18.2848 -18.2529 -17.9683
  6.2815 -18.1737 -18.2948 -18.2605 -17.9755
  6.3099 -18.1851 -18.3048 -18.2681 -17.9827
  6.3384 -18.1965 -18.3149 -18.2758 -17.9900
  6.3671 -18.2081 -18.3251 -18.2835 -17.9973
  6.3959 -18.2196 -18.3353 -18.2912 -18.0046
  6.4249 -18.2305 -18.3450 -18.2986 -18.0116
  6.4539 -18.2412 -18.3546 -18.3059 -18.0185
  6.4831 -18.2519 -18.3643 -18.3132 -18.0254
  6.5125 -18.2626 -18.3739 -18.3206 -18.0324
  6.5419 -18.2735 -18.3837 -18.3280 -18.0394
  6.5715 -18.2843 -18.3935 -18.3354 -18.0465
  6.6013 -18.2952 -18.4033 -18.3429 -18.0535
  6.6311 -18.3062 -18.4131 -18.3504 -18.0606
  6.6611 -18.3168 -18.4227 -18.3576 -18.0675
  6.6913 -18.3270 -18.4318 -18.3646 -18.0742
  6.7216 -18.3373 -18.4410 -18.3716 -18.0809
  6.7520 -18.3476 -18.4503 -18.3786 -18.0876
  6.7825 -18.3579 -18.4595 -18.3856 -18.0943
  6.8132 -18.3683 -18.4689 -18.3927 -18.1011
  6.8440 -18.3788 -18.4782 -18.3998 -18.1079
  6.8750 -18.3893 -18.4876 -18.4070 -18.1147
  6.9061 -18.3998 -18.4971 -18.4142 -18.1216
  6.9374 -18.4104 -18.5066 -18.4214 -18.1285
  6.9687 -18.4210 -18.5161 -18.4286 -18.1354
  7.0003 -18.4307 -18.5249 -18.4355 -18.1418
  7.0319 -18.4402 -18.5337 -18.4423 -18.1482
  7.0638 -18.4498 -18.5425 -18.4492 -18.1546
  7.0957 -18.4594 -18.5514 -18.4561 -18.1611
  7.1278 -18.4690 -18.5602 -18.4630 -18.1676
  7.1601 -18.4787 -18.5692 -18.4699 -18.1741
  7.1925 -18.4885 -18.5781 -18.4769 -18.1806
  7.2250 -18.4983 -18.5872 -18.4839 -18.1872
  7.2577 -18.5081 -18.5962 -18.4910 -18.1938
  7.2905 -18.5180 -18.6053 -18.4981 -18.2004
  7.3235 -18.5271 -18.6138 -18.5047 -18.2066
  7.3567 -18.5360 -18.6222 -18.5113 -18.2128
  7.3900 -18.5450 -18.6306 -18.5179 -18.2189
  7.4234 -18.5540 -18.6390 -18.5245 -18.2251
  7.4570 -18.5630 -18.6475 -18.5312 -18.2313
  7.4907 -18.5721 -18.6560 -18.5378 -18.2375
  7.5246 -18.5812 -18.6646 -18.5445 -18.2438
  7.5587 -18.5904 -18.6731 -18.5513 -18.2500
  7.5929 -18.5996 -18.6818 -18.5580 -18.2564
  7.6272 -18.6088 -18.6904 -18.5648 -18.2627
  7.6617 -18.6173 -18.6984 -18.5712 -18.2685
  7.6964 -18.6258 -18.7064 -18.5776 -18.2744
  7.7312 -18.6344 -18.7144 -18.5841 -18.2802
  7.7662 -18.6430 -18.7225 -18.5906 -18.2861
  7.8013 -18.6516 -18.7306 -18.5971 -18.2921
  7.8366 -18.6603 -18.7387 -18.6036 -18.2980
  7.8721 -18.6690 -18.7469 -18.6102 -18.3040
  7.9077 -18.6778 -18.7552 -18.6168 -18.3100
  7.9435 -18.6866 -18.7634 -18.6234 -18.3161
  7.9794 -18.6946 -18.7712 -18.6298 -18.3218
  8.0155 -18.7024 -18.7788 -18.6361 -18.3275
  8.0518 -18.7102 -18.7865 -18.6425 -18.3333
  8.0882 -18.7181 -18.7943 -18.6489 -18.3390
  8.1248 -18.7260 -18.8020 -18.6553 -18.3448
  8.1616 -18.7340 -18.8098 -18.6618 -18.3506
  8.1985 -18.7420 -18.8177 -18.6682 -18.3564
  8.2356 -18.7500 -18.8256 -18.6748 -18.3623
  8.2729 -18.7581 -18.8335 -18.6813 -18.3682
  8.3103 -18.7661 -18.8414 -18.6879 -18.3741
  8.3479 -18.7735 -18.8487 -18.6941 -18.3797
  8.3857 -18.7809 -18.8560 -18.7004 -18.3852
  8.4236 -18.7883 -18.8633 -18.7067 -18.3909
  8.4617 -18.7957 -18.8706 -18.7131 -18.3965
  8.5000 -18.8032 -18.8780 -18.7194 -18.4022
  8.5385 -18.8107 -18.8855 -18.7258 -18.4079
  8.5771 -18.8183 -18.8929 -18.7323 -18.4136
  8.6159 -18.8258 -18.9004 -18.7387 -18.4193
  8.6549 -18.8335 -18.9079 -18.7452 -18.4251
  8.6941 -18.8403 -18.9149 -18.7514 -18.4305
  8.7334 -18.8468 -18.9215 -18.7575 -18.4358
  8.7729 -18.8533 -18.9281 -18.7636 -18.4410
  8.8126 -18.8598 -18.9348 -18.7697 -18.4463
  8.8525 -18.8663 -18.9414 -18.7759 -18.4517
  8.8925 -18.8729 -18.9482 -18.7821 -18.4570
  8.9328 -18.8795 -18.9549 -18.7883 -18.4624
  8.9732 -18.8861 -18.9617 -18.7945 -18.4678
  9.0138 -18.8927 -18.9685 -18.8008 -18.4732
  9.0546 -18.8994 -18.9753 -18.8071 -18.4786
  9.0955 -18.9061 -18.9822 -18.8134 -18.4841
  9.1367 -18.9129 -18.9891 -18.8197 -18.4896
  9.1780 -18.9197 -18.9961 -18.8261 -18.4951
  9.2196 -18.9265 -19.0030 -18.8325 -18.5006
  9.2613 -18.9333 -19.0100 -18.8390 -18.5062
  9.3032 -18.9402 -19.0170 -18.8454 -18.5118
  9.3453 -18.9471 -19.0241 -18.8519 -18.5174
  9.3875 -18.9540 -19.0312 -18.8584 -18.5231
  9.4300 -18.9591 -19.0369 -18.8644 -18.5281
  9.4727 -18.9643 -19.0426 -18.8704 -18.5331
  9.5155 -18.9695 -19.0484 -18.8764 -18.5381
  9.5586 -18.9747 -19.0542 -18.8825 -18.5432
  9.6018 -18.9799 -19.0600 -18.8886 -18.5483
  9.6453 -18.9852 -19.0658 -18.8947 -18.5534
  9.6889 -18.9905 -19.0717 -18.9008 -18.5585
  9.7328 -18.9958 -19.0776 -18.9070 -18.5637
  9.7768 -19.0011 -19.0835 -18.9132 -18.5688
  9.8210 -19.0064 -19.0895 -18.9194 -18.5740
  9.8655 -19.0118 -19.0954 -18.9256 -18.5793
  9.9101 -19.0172 -19.1014 -18.9319 -18.5845
  9.9550 -19.0226 -19.1075 -18.9382 -18.5898
 10.0000 -19.0281 -19.1135 -18.9445 -18.5951
