obj ra dec priority note dist ebv muvmag maxaxis minaxis
0 50.88 -37.0 606168.94 "[1150788, 1150831, 1150855, 1158255, 1262976, 1328918, 2120632, 2121666]" 100 0 -20 10 10
1 302.1 -48.66 417338.7 "[1150814, 1150839, 1151331, 1154055, 1157189, 2015131]" 100 0 -20 10 10
2 167.48 -37.0 390219.88 "[1150810, 1151089, 1151141, 1151244, 1151292, 11573207, 11573207]" 100 0 -20 10 10
3 159.0 -27.46 366212.38 "[1151055, 1152092, 1154762, 1155564, 1156789, 1157553, 1161158, 1161911, 1163260, 1163856, 1167132, 1168433, 1171452, 1261193, 1261240, 1322760, 1326377, 1326389, 1326411, 1326413, 1329616, 1331271, 2014989, 2265039, 2265044, 2265052]" 100 0 -20 10 10
4 330.72 -31.7 331385.72 "[1150931, 1155039, 1158734, 1160183, 1164830, 1171834, 1261156, 1261317, 1330828, 1330830, 1330831, 2612428, 2615938]" 100 0 -20 10 10
5 192.92 -26.4 316564.47 "[1150924, 1151398, 1151490, 1151498, 1151690, 1154187, 1156319, 1157721, 1170883, 1263840, 2393191]" 100 0 -20 10 10
6 191.86 -41.24 311753.9 "[1150809, 1151192, 1151615, 1151782, 1152075, 1152078, 1156726, 1159256, 1168531, 1168534, 1263474, 1264128, 1264459, 1324681, 1324683, 1325440, 1325874, 1329904, 1329906, 2389746, 2389749, 12998367, 12998569]" 100 0 -20 10 10
7 74.2 -5.2 297838.12 "[1150879, 1158526, 1164816, 1263987, 1329073]" 100 0 -20 10 10
8 167.48 -38.06 283884.97 "[1150810, 1151141, 1325910, 1325916, 11573207, 11573207]" 100 0 -20 10 10
9 187.62 13.88 273492.22 "[199, 219, 223, 87824, 87842, 1024450, 1024633, 2377329]" 100 0 -20 10 10
10 226.84 1.16 264746.22 "[84704, 84719, 84721, 88173, 88174, 88177, 89322, 1024437, 1024538, 1024750, 1024848, 1042899, 1042900, 1043222, 1043843, 2513157, 2513170, 2513228, 2513287, 22359287]" 100 0 -20 10 10
11 185.5 5.4 260608.48 "[318, 419, 435, 551, 83354, 83380, 87766, 1024497, 1025072, 1025127, 1029178, 1030111, 1031160, 1035477, 1042537, 2368197, 2368263, 2368264, 2368265, 2368273, 2368302, 2368305, 2368344]" 100 0 -20 10 10
12 191.86 -8.38 252656.23 "[1153741, 1170514, 1261094, 2388773]" 100 0 -20 10 10
13 184.44 5.4 251548.08 "[419, 435, 551, 2139, 83354, 88767, 88768, 89210, 1024455, 1025072, 1025727, 1028721, 1028946, 1032190, 1042512, 1042515, 1042522, 1042523, 1043280, 2362898, 2368289, 2368291, 2368338, 2368339, 2368340]" 100 0 -20 10 10
14 344.5 -35.94 247985.56 "[1150801, 1151625, 1151826, 1160468, 1262294, 1330930, 2642380]" 100 0 -20 10 10
15 186.56 -40.18 239462.9 "[1261329, 1329848, 1329849]" 100 0 -20 10 10
16 344.5 -37.0 237310.75 "[1150801, 1208828, 1261293, 1261396, 1261443, 1330929, 1330930]" 100 0 -20 10 10
17 54.06 -34.88 228574.08 "[1150901, 1150916, 1150944, 1151293, 1151799, 1152981, 1155286, 1168331, 1261105, 5961645]" 100 0 -20 10 10
18 198.22 -18.98 219060.0 "[1150842, 1151442, 1151631, 1160267, 1171565, 1330007]" 100 0 -20 10 10
19 284.08 -53.96 213441.25 "[1150872, 1152033, 1152741, 1210194, 1261337, 1330518]" 100 0 -20 10 10
20 196.1 -30.64 206577.75 "[1151591, 1151734, 1151749, 1261138, 1262272, 1263096, 1329977, 2400104]" 100 0 -20 10 10
21 67.84 1.16 200989.34 "[287, 86935, 86938, 1024568, 1032075]" 100 0 -20 10 10
22 190.8 -41.24 198897.89 "[1150947, 1157935, 1168523, 1261245, 1261665, 1329889]" 100 0 -20 10 10
23 149.46 -26.4 197659.19 "[1150861, 1151053, 1152581, 1329524]" 100 0 -20 10 10
24 198.22 -20.04 196204.64 "[1150842, 1151631, 1153282, 1169495, 1264971, 1330007]" 100 0 -20 10 10
25 288.32 -56.08 194948.28 "[1150939, 1151467, 1171694, 1262960, 1265098, 1330554]" 100 0 -20 10 10
26 230.02 -24.28 185121.28 "[1150873, 1150882, 1151740, 1152902, 1159545, 1170182, 1171652, 2015121, 2521599, 2521600, 2521601, 2521602]" 100 0 -20 10 10
27 189.74 9.64 183318.95 "[4407, 83473, 87872, 88844, 1024461, 1024520, 1024560, 1044157, 2384232, 2384259]" 100 0 -20 10 10
28 23.32 -7.32 181147.92 "[1150817, 1150998, 1152955, 1170538, 1261154, 1262530, 1328743, 4159929]" 100 0 -20 10 10
29 213.06 -3.08 178712.9 "[1150893, 1151269, 1326953, 1331810, 2468685, 22333123]" 100 0 -20 10 10
30 55.12 -35.94 178502.0 "[1150907, 1261104, 1327231, 1341908]" 100 0 -20 10 10
31 175.96 13.88 159970.14 "[89163, 1024583, 1043327, 2334151, 22276201]" 100 0 -20 10 10
32 137.8 7.52 159308.7 "[216, 84542, 1043972]" 100 0 -20 10 10
33 172.78 -35.94 158647.73 "[1150863, 2320618]" 100 0 -20 10 10
34 150.52 16.0 158568.69 "[1025281, 22241897]" 100 0 -20 10 10
35 137.8 6.46 158505.1 "[216, 89033]" 100 0 -20 10 10
36 149.46 -27.46 155040.5 "[1150861, 1151663, 1262652, 1329524]" 100 0 -20 10 10
37 189.74 -5.2 154725.69 "[1150881, 1150996, 1153889, 1168515, 1263080, 1329881]" 100 0 -20 10 10
38 199.28 -16.86 149535.45 "[1150982, 1151523, 1151627, 1153255, 1153431, 1168789, 1168790, 1168792, 1168793, 1168794, 1261139, 1261142, 1263506, 1263589, 2412676]" 100 0 -20 10 10
39 200.34 -12.62 147591.61 "[1150909, 1153010, 1153059, 1153365, 1155201, 1171573, 1262340, 1324736, 2417408]" 100 0 -20 10 10
40 21.2 9.64 147337.14 "[375, 466, 1389, 3999, 86645, 1024448, 1025581, 1027879, 1028442, 1034729]" 100 0 -20 10 10
41 184.44 7.52 146263.02 "[313, 83335, 87753, 87758, 115771, 1024611, 1024657, 1038031, 2366488]" 100 0 -20 10 10
42 203.52 -33.82 143735.52 "[1169642, 1261299, 1261492, 1261637, 1325600, 1330087, 1330088, 2432185]" 100 0 -20 10 10
43 169.6 58.4 143457.28 "[263, 3499, 83203, 83204, 100957, 1024503, 2302560]" 100 0 -20 10 10
44 179.14 31.9 141583.53 "[407, 1243, 1521, 84518, 85386, 87654, 87657, 89924, 89928, 89930, 1025354, 1028857, 22285187]" 100 0 -20 10 10
45 184.44 6.46 140394.62 "[418, 430, 87757, 88769, 1024595, 1025833, 1032587, 1042514, 1042518, 1042519, 1042520, 1042522, 2362894, 2362896, 2362897, 2362898, 2362905, 2362964, 2368293, 2368296, 2368298, 2368427]" 100 0 -20 10 10
46 67.84 0.1 136146.98 "[86935, 1024568, 1027737, 1029640, 1153452]" 100 0 -20 10 10
47 55.12 -18.98 134392.11 "[1151338, 1153628, 1154669, 1157345, 1158003, 1168753, 1168754, 1168755, 1261099, 1264744]" 100 0 -20 10 10
48 199.28 -34.88 133992.27 "[1151084, 1151535, 1162383, 1264162, 1274052]" 100 0 -20 10 10
49 163.24 -32.76 133167.1 "[1151866, 1261252, 1261385]" 100 0 -20 10 10
50 224.72 -16.86 132677.25 "[1150887, 1261628, 1262536, 1324787, 2506700]" 100 0 -20 10 10
51 75.26 -11.56 130980.08 "[1151185, 1169589, 1170808, 1262136, 1329077]" 100 0 -20 10 10
52 198.22 -15.8 130292.67 "[1151357, 1151387, 1151616, 1157373, 1168785, 1330014, 2412683]" 100 0 -20 10 10
53 189.74 10.7 129602.516 "[83474, 87884, 1024461, 1024520, 2382006]" 100 0 -20 10 10
54 154.76 22.36 127373.875 "[272, 4301, 85144, 1032915, 1040379, 2248532, 2250168]" 100 0 -20 10 10
55 64.66 2.22 127364.93 "[86920, 86922, 86924, 94867, 1025139, 1025337, 1025390, 1030754, 1032796]" 100 0 -20 10 10
56 53.0 -35.94 127108.336 "[1168323, 1261095, 1332888, 2125654, 5870850]" 100 0 -20 10 10
57 42.4 8.58 126892.516 "[97867, 1024548]" 100 0 -20 10 10
58 197.16 -24.28 126251.59 "[1151235, 1151752, 1261378, 1263265, 1326516, 1331138, 2406489, 13280171, 13280775]" 100 0 -20 10 10
60 179.14 -13.68 125892.516 [1261134] 100 0 -20 10 10
61 42.4 7.52 125892.516 [1024548] 100 0 -20 10 10
59 320.12 -48.66 125892.516 [1150811] 100 0 -20 10 10
62 331.78 -49.72 125553.12 "[1150919, 1152642, 1263030]" 100 0 -20 10 10
63 133.56 -3.08 124564.47 "[1151103, 1151120, 1151151, 1151487, 1151646, 1152355, 1165921, 1261498]" 100 0 -20 10 10
64 325.42 -42.3 124318.516 "[1151041, 1171820, 1330792, 20071619]" 100 0 -20 10 10
65 186.56 5.4 122320.9 "[2211, 87795, 1024587, 1040580, 1042556, 1044141, 2368197, 2373629, 2373631]" 100 0 -20 10 10
66 55.12 -23.22 121491.76 "[1150803, 1151481, 1156424, 1171258]" 100 0 -20 10 10
67 192.92 -41.24 120774.234 "[1151590, 1151655, 1154742, 1156509, 1156745, 1168539, 1261370, 1263492, 1324690, 1325441, 1325852, 1325855, 1325856, 2397437]" 100 0 -20 10 10
68 159.0 -28.52 117066.914 "[1151533, 1152127, 1153348, 1156284, 1156592, 1159525, 1171450, 1171452, 1263433, 1326350, 2267225]" 100 0 -20 10 10
69 27.56 22.36 116224.516 "[337, 4025, 86682, 86686, 1024574, 1024734, 1039836]" 100 0 -20 10 10
70 198.22 -42.3 107943.28 "[1330006, 2014925]" 100 0 -20 10 10
71 186.56 -39.12 107717.77 "[1150859, 1151092, 1169980, 1329850, 2369954]" 100 0 -20 10 10
72 195.04 -4.14 107152.35 "[1151090, 1170784, 1262076, 1326905, 2405083, 2405086, 2405090]" 100 0 -20 10 10
73 197.16 -23.22 106606.5 "[1151336, 1151925, 1159936, 1261378, 1326516, 1328590, 1329989, 2409443]" 100 0 -20 10 10
74 75.26 -10.5 103225.05 "[1151185, 1324495, 2014841]" 100 0 -20 10 10
75 51.94 -30.64 102977.91 "[1150825, 1328924, 2123108, 2123259]" 100 0 -20 10 10
76 45.58 -26.4 102906.47 "[1150840, 1331026]" 100 0 -20 10 10
78 137.8 59.46 102906.47 "[87268, 1024444]" 100 0 -20 10 10
77 137.8 60.52 102906.47 "[87268, 1024444]" 100 0 -20 10 10
79 186.56 18.12 101995.266 "[87797, 1024529]" 100 0 -20 10 10
80 301.04 -48.66 101774.67 "[1151071, 1168649, 1264095, 1264099]" 100 0 -20 10 10
81 199.28 -35.94 101192.44 "[1151084, 1274052, 1325941]" 100 0 -20 10 10
82 225.78 1.16 100477.45 "[236, 84728, 88732, 90788, 1024563, 1042892, 1043235, 2508353, 2508394, 2508407, 2508417, 2513217]" 100 0 -20 10 10
83 174.9 -38.06 100442.12 "[1261250, 1331211, 2332611]" 100 0 -20 10 10
84 188.68 7.52 100271.14 "[87839, 1024480, 2381817]" 100 0 -20 10 10
85 305.28 -48.66 100100.0 "[1261153, 18833468]" 100 0 -20 10 10
86 189.74 7.52 100063.09 "[87875, 1024480]" 100 0 -20 10 10
87 65.72 -57.14 100000.0 [1261118] 100 0 -20 10 10
88 55.12 -26.4 99741.516 "[1150797, 1151852, 1331209, 2127153]" 100 0 -20 10 10
89 197.16 -5.2 99385.48 "[1151356, 1154019]" 100 0 -20 10 10
90 344.5 -43.36 98699.61 "[1150830, 1152889, 1330931]" 100 0 -20 10 10
91 44.52 3.28 98274.266 "[1024745, 1026339, 1026361, 1028872]" 100 0 -20 10 10
92 186.56 12.82 96973.32 "[7, 8, 200, 226, 279, 311, 413, 34968, 83389, 83397, 83398, 83427, 87813, 1027665, 1030322, 1042561, 1044138, 2374067, 2374252, 2377241, 12667738]" 100 0 -20 10 10
93 195.04 13.88 95510.56 "[264, 1029266, 2398071, 2403729, 22308191]" 100 0 -20 10 10
94 54.06 -35.94 94328.14 "[1150820, 1150877, 1150916, 1156841, 1168331, 1259088, 1263388, 2125657]" 100 0 -20 10 10
95 146.28 -21.1 94301.74 "[1150843, 1171414, 1261661, 2217233, 2222131]" 100 0 -20 10 10
96 37.1 -0.96 92771.86 "[1150804, 1157227, 1261274, 1264712, 1328816, 2097993]" 100 0 -20 10 10
97 339.2 23.42 92210.664 "[323, 88584, 1024504]" 100 0 -20 10 10
98 224.72 2.22 91826.266 "[236, 322, 88732, 88733, 88734, 89649, 90785, 1032755, 1042890, 1043148, 2508506]" 100 0 -20 10 10
99 198.22 -37.0 91533.94 "[1151480, 1154902, 1157555]" 100 0 -20 10 10
100 339.2 -25.34 90323.31 "[1151600, 1152455, 1326470, 1326478, 2632451, 2632582]" 100 0 -20 10 10
101 269.24 18.12 89929.41 "[1024773, 1024804]" 100 0 -20 10 10
102 144.16 -21.1 88490.31 "[1150935, 1151364, 1329477, 2213329]" 100 0 -20 10 10
103 346.62 12.82 88254.44 "[288, 89509, 1044303]" 100 0 -20 10 10
104 346.62 11.76 88214.63 "[288, 1044303]" 100 0 -20 10 10
105 27.56 6.46 87376.125 "[86679, 1024861]" 100 0 -20 10 10
106 187.62 12.82 86457.71 "[276, 406, 4395, 83427, 83443, 87813, 1024422, 1025083, 1026077, 1042564, 1044143, 2377250, 2379335, 2379484]" 100 0 -20 10 10
107 331.78 -64.56 85742.414 "[1150984, 1153257]" 100 0 -20 10 10
108 51.94 -21.1 85263.37 "[1156142, 1159876, 1171008, 1261111, 1264737, 1328921, 2122500]" 100 0 -20 10 10
109 27.56 27.66 84998.805 "[351, 1900, 1068416]" 100 0 -20 10 10
110 190.8 11.76 84790.06 "[15, 190, 281, 285, 521, 1764, 2180, 83482, 1024523, 1024891, 2384449, 2387318, 2389132]" 100 0 -20 10 10
111 146.28 -14.74 84098.51 "[1151016, 1153136, 1213681, 1333271]" 100 0 -20 10 10
112 200.34 -27.46 83100.41 "[1157803, 1261112, 1261125, 13566802]" 100 0 -20 10 10
113 262.88 7.52 83048.39 "[88323, 1024481]" 100 0 -20 10 10
114 171.72 57.34 82531.66 "[336, 491, 1043710, 2313804, 2313812, 2313843]" 100 0 -20 10 10
115 255.46 23.42 82426.664 "[3606, 1024727, 1044285, 2576911, 2576917]" 100 0 -20 10 10
116 208.82 -26.4 81941.01 "[1151153, 1330151, 2451517]" 100 0 -20 10 10
117 53.0 -33.82 81844.336 "[1150822, 1168325, 1324431, 5872172]" 100 0 -20 10 10
119 187.62 25.54 81741.484 "[87828, 1024442]" 100 0 -20 10 10
120 82.68 -13.68 81741.484 "[1151365, 1329140]" 100 0 -20 10 10
118 83.74 -13.68 81741.484 "[1151365, 1329140]" 100 0 -20 10 10
121 230.02 -12.62 81491.22 "[1151641, 1151813, 1261513, 1263113]" 100 0 -20 10 10
122 306.34 -18.98 81229.55 "[1150940, 1171004, 2589277, 2589290]" 100 0 -20 10 10
123 207.76 39.32 80761.12 "[731, 3722, 88926, 1024691, 1029179, 1042775, 1043629, 2446997, 2447004]" 100 0 -20 10 10
124 138.86 40.38 80750.484 "[85537, 1024705, 1024984, 1043974, 1043976]" 100 0 -20 10 10
125 182.32 69.0 80731.58 "[1996, 89634, 1024644]" 100 0 -20 10 10
126 189.74 -41.24 80696.89 "[1151335, 1153683, 1261672]" 100 0 -20 10 10
127 173.84 -38.06 80621.414 "[1151030, 1151036, 1264918]" 100 0 -20 10 10
128 225.78 2.22 80546.08 "[236, 84763, 84772, 84810, 88170, 88732, 88734, 88735, 89649, 1043254, 1068497, 2508445, 2508452, 2508465, 2513294]" 100 0 -20 10 10
129 224.72 1.16 80457.24 "[236, 84728, 88732, 89688, 1042892, 1068496, 2503383, 2503440, 2508353, 2508357]" 100 0 -20 10 10
130 46.64 -15.8 80201.5 "[1150926, 1171230, 2113574, 2113582, 2115719, 2115988, 22186192]" 100 0 -20 10 10
131 206.7 60.52 80026.914 "[303, 4440, 85922, 88034, 89271]" 100 0 -20 10 10
132 198.22 -16.86 79994.51 "[1150982, 1151371, 1151891, 1152293, 1152766, 1155495, 1168786, 1168787, 1168788, 1168789, 1170293, 2412676, 2412683]" 100 0 -20 10 10
133 15.9 -6.26 79979.43 "[1150978, 1152281, 1328702, 2056108]" 100 0 -20 10 10
134 217.3 -33.82 79934.03 "[1151006, 1263150]" 100 0 -20 10 10
135 224.72 -0.96 79790.86 "[1168636, 1261143, 2503076]" 100 0 -20 10 10
136 339.2 34.02 79749.07 "[194, 1306]" 100 0 -20 10 10
137 178.08 -39.12 79749.07 "[1151304, 1329767]" 100 0 -20 10 10
138 175.96 10.7 79532.84 "[1024809, 2336433]" 100 0 -20 10 10
139 318.0 -49.72 79512.47 "[1261239, 1325783, 1325786]" 100 0 -20 10 10
149 201.4 -33.82 79432.84 [1330058] 100 0 -20 10 10
148 63.6 -31.7 79432.84 [1150850] 100 0 -20 10 10
142 284.08 -55.02 79432.84 [1150927] 100 0 -20 10 10
150 27.56 5.4 79432.84 [86679] 100 0 -20 10 10
146 138.86 -16.86 79432.84 [1261149] 100 0 -20 10 10
147 259.7 61.58 79432.84 [1025099] 100 0 -20 10 10
141 138.86 -15.8 79432.84 [1261149] 100 0 -20 10 10
145 2.12 27.66 79432.84 [352] 100 0 -20 10 10
144 86.92 -17.92 79432.84 [1151101] 100 0 -20 10 10
143 193.98 -20.04 79432.84 [1151111] 100 0 -20 10 10
140 26.5 28.72 79432.84 [1024846] 100 0 -20 10 10
151 170.66 3.28 78460.88 "[2414, 87533, 87550, 88831, 89434, 89886, 1024462, 1025548, 1026773, 1032769, 2310816]" 100 0 -20 10 10
152 45.58 -15.8 77868.32 "[1151295, 1155556, 1157203, 1161954, 1169208, 1324416, 1325581, 1328879, 1328881, 2113574, 2113582, 22186192]" 100 0 -20 10 10
153 193.98 8.58 77073.19 "[1909, 84134, 1024722, 1028811]" 100 0 -20 10 10
154 355.1 -12.62 77023.37 "[1150933, 1153874, 1261140, 1324910]" 100 0 -20 10 10
155 153.7 3.28 76587.06 "[221, 224, 554, 87393, 89098, 2247732, 2247737]" 100 0 -20 10 10
156 192.92 -42.3 75419.07 "[1150903, 1152905, 1156509, 1168537, 1261489, 1262812, 1325852]" 100 0 -20 10 10
157 341.32 -23.22 71833.375 "[1151644, 1169127, 1330918]" 100 0 -20 10 10
158 202.46 46.74 71063.3 "[85653, 88002, 90606, 90955, 1024696, 1026100, 1041752, 1042724]" 100 0 -20 10 10
159 221.54 2.22 70979.5 "[209, 88148, 1024706]" 100 0 -20 10 10
160 181.26 -29.58 70094.34 "[1151460, 1159024, 1168498, 1169339, 1170097, 1261127, 1329809, 2355492]" 100 0 -20 10 10
161 159.0 -26.4 69543.38 "[1151346, 1156272, 1168444, 1170156, 1262598, 1326411, 1326413, 1329614, 2265055]" 100 0 -20 10 10
162 208.82 40.38 69336.96 "[249, 1470, 83598, 88051, 89277, 89278, 1027727, 2449207, 2449208, 2454611, 2454615]" 100 0 -20 10 10
163 307.4 -35.94 68836.945 "[1151003, 1166127, 1330698, 2589811]" 100 0 -20 10 10
164 75.26 -8.38 68056.99 "[1151190, 1324496, 1329085, 1332001, 2137890]" 100 0 -20 10 10
165 155.82 20.24 66391.17 "[3582, 85106, 87406, 1024483, 1024618, 2014903, 2257363]" 100 0 -20 10 10
166 178.08 -28.52 66218.95 "[1150796, 1167534, 1171496, 1261490, 1263683, 2015031, 2340063]" 100 0 -20 10 10
167 28.62 -13.68 65029.098 "[1150815, 1168809, 1261788, 1324357, 2081288]" 100 0 -20 10 10
168 346.62 -35.94 64971.656 "[1151139, 1168885, 1330947, 2645930]" 100 0 -20 10 10
169 226.84 2.22 64381.867 "[239, 84750, 84766, 84768, 84772, 84775, 1024664, 1027913, 1042898, 1042900, 2513172, 2513335, 2513337, 2513338, 22359287]" 100 0 -20 10 10
170 1.06 5.4 64354.688 "[3908, 1025182]" 100 0 -20 10 10
171 62.54 -56.08 63826.72 "[1261135, 2015301, 6265208]" 100 0 -20 10 10
172 210.94 55.22 63663.176 "[1024550, 1043099, 2460224]" 100 0 -20 10 10
173 188.68 2.22 63547.68 "[83450, 83460, 84747, 87840, 87856, 1024474, 2376506, 2381510]" 100 0 -20 10 10
174 77.38 -37.0 63493.867 "[1150798, 1170005]" 100 0 -20 10 10
175 333.9 -37.0 63364.184 "[1151017, 1325926, 2619941, 2620050]" 100 0 -20 10 10
177 338.14 -13.68 63295.29 "[1151242, 1324884]" 100 0 -20 10 10
176 289.38 -60.32 63295.29 "[1328568, 1330565]" 100 0 -20 10 10
178 182.32 39.32 63224.0 "[85512, 87709, 89952, 89954, 1024459, 2356269, 2356271, 22289152]" 100 0 -20 10 10
179 347.68 -28.52 63190.48 "[1150812, 2648548, 2648553]" 100 0 -20 10 10
180 93.28 -27.46 63145.88 "[1151520, 7611383]" 100 0 -20 10 10
181 183.38 54.16 63127.383 "[89207, 1025249]" 100 0 -20 10 10
188 330.72 -51.84 63095.76 [1151147] 100 0 -20 10 10
193 295.74 -58.2 63095.76 [1150833] 100 0 -20 10 10
192 230.02 -11.56 63095.76 [1151641] 100 0 -20 10 10
191 213.06 -5.2 63095.76 [1150958] 100 0 -20 10 10
190 109.18 -62.44 63095.76 [1261217] 100 0 -20 10 10
189 77.38 -38.06 63095.76 [1150798] 100 0 -20 10 10
185 67.84 -55.02 63095.76 [1261113] 100 0 -20 10 10
187 315.88 -67.74 63095.76 [1151290] 100 0 -20 10 10
186 315.88 -66.68 63095.76 [1151290] 100 0 -20 10 10
184 286.2 -47.6 63095.76 [1151606] 100 0 -20 10 10
183 39.22 11.76 63095.76 [1024925] 100 0 -20 10 10
182 283.02 -59.26 63095.76 [1151259] 100 0 -20 10 10
194 199.28 -26.4 62921.168 "[1156123, 1261121, 1330029, 2417828, 13457461]" 100 0 -20 10 10
195 169.6 3.28 62839.58 "[87533, 89885, 1024668, 1025548]" 100 0 -20 10 10
196 193.98 7.52 62356.41 "[1909, 84134, 87933, 1024722, 1044166]" 100 0 -20 10 10
197 155.82 12.82 61330.28 "[4305, 84996, 87407, 1038012, 1044016]" 100 0 -20 10 10
198 208.82 59.46 61303.7 "[335, 1030, 1024801, 2459428]" 100 0 -20 10 10
199 330.72 -21.1 60218.703 "[1150853, 1151806, 1330832]" 100 0 -20 10 10
200 162.18 -31.7 60118.703 "[1150970, 1155134]" 100 0 -20 10 10
201 50.88 -3.08 60060.953 "[1151452, 1152688, 1328917]" 100 0 -20 10 10
202 170.66 38.26 59370.29 "[84553, 84554, 87547, 1024811, 1030169, 1042278, 2307879, 2308274, 22266417]" 100 0 -20 10 10
203 190.8 10.7 58478.88 "[285, 87904, 1024520, 2387317, 2387383]" 100 0 -20 10 10
204 345.56 16.0 58087.01 "[1024670, 1024738, 1025104, 1026749, 1044301, 2643679]" 100 0 -20 10 10
205 40.28 -8.38 57779.426 "[1150819, 1151472, 1161402, 1170522, 1328838, 2105974]" 100 0 -20 10 10
206 189.74 11.76 57658.312 "[521, 83474, 1024427, 1024891]" 100 0 -20 10 10
207 168.54 47.8 57242.836 "[85674, 1024565, 1025043]" 100 0 -20 10 10
208 187.62 8.58 56932.62 "[5, 472, 541, 83435, 87827, 87839, 1024421, 1024842, 1025167, 1042566, 2373782, 2373793]" 100 0 -20 10 10
209 183.38 7.52 56924.93 "[83317, 92601, 105504, 1024758, 1025734, 2360263]" 100 0 -20 10 10
210 206.7 41.44 56921.082 "[314, 619, 83592, 2443789]" 100 0 -20 10 10
211 228.96 42.5 56741.65 "[1024598, 1024993]" 100 0 -20 10 10
212 102.82 60.52 56741.65 "[87040, 1024573]" 100 0 -20 10 10
213 183.38 12.82 56456.96 "[11, 1447, 83312, 83315, 87732, 89450, 1024571, 1024983, 2357517, 2357639, 2360708, 2360743, 2360751, 2363380, 2363383]" 100 0 -20 10 10
214 190.8 7.52 55672.223 "[83501, 1024600, 1025086]" 100 0 -20 10 10
215 169.6 18.12 55348.98 "[87524, 1024438, 1024513, 1024524, 1028097, 1068151, 2305231]" 100 0 -20 10 10
216 195.04 -29.58 55321.617 "[1152711, 1153503, 1261777, 1326278, 2403086, 2403089]" 100 0 -20 10 10
217 157.94 -27.46 55130.58 "[1151010, 1163114]" 100 0 -20 10 10
218 55.12 -22.16 54410.05 "[1150930, 1151481, 1156424, 1171258, 1171259, 1262323]" 100 0 -20 10 10
219 187.62 17.06 54396.668 "[87826, 1024447, 1025059, 1026090, 1044144]" 100 0 -20 10 10
220 87.98 -17.92 54187.297 "[1152298, 1153978, 1263146, 1329158]" 100 0 -20 10 10
221 199.28 -15.8 54112.098 "[1151616, 1153431, 1162179, 1162596, 1168791, 1168792, 1262095, 1263507, 1330014]" 100 0 -20 10 10
222 303.16 -46.54 54109.227 "[1151143, 1261657, 1264111]" 100 0 -20 10 10
223 192.92 11.76 53907.164 "[517, 1024457, 1024464, 2394851]" 100 0 -20 10 10
224 168.54 -33.82 53889.516 "[1151677, 1171480, 1264912]" 100 0 -20 10 10
225 190.8 -42.3 53380.98 "[1150947, 1171533, 1331921]" 100 0 -20 10 10
226 200.34 -22.16 52957.21 "[1151843, 1153541, 1261116, 1264981, 2421404, 22316628]" 100 0 -20 10 10
227 215.18 35.08 52908.92 "[1025359, 1042849, 2014778, 2476895, 2476913]" 100 0 -20 10 10
228 20.14 5.4 52220.82 "[214, 3996, 86618, 86624, 4067552]" 100 0 -20 10 10
229 20.14 3.28 52139.695 "[390, 2505, 84825, 1024642]" 100 0 -20 10 10
230 225.78 -7.32 51623.918 "[1150867, 1167328, 1324793, 2509454, 2509461]" 100 0 -20 10 10
231 111.3 43.56 51575.41 "[87096, 1025461]" 100 0 -20 10 10
232 214.12 36.14 51509.79 "[324, 946, 83618, 85465, 88093, 89288, 89483, 2473134, 2473136, 2473142]" 100 0 -20 10 10
233 119.78 23.42 51490.844 "[85180, 1024784, 1043923, 2153242]" 100 0 -20 10 10
234 127.2 25.54 51018.906 "[85924, 86177, 87197, 1024781, 1027225, 1039203, 2169494, 2169537]" 100 0 -20 10 10
235 209.88 55.22 50913.03 "[357, 83601]" 100 0 -20 10 10
236 187.62 7.52 50769.94 "[817, 83435, 87821, 87827, 87839, 91992, 1024421, 1024842, 1030852, 1042566]" 100 0 -20 10 10
237 30.74 14.94 50749.66 "[1025326, 2088285]" 100 0 -20 10 10
238 190.8 9.64 50619.33 "[4412, 1024520, 1042591, 2384259, 2387333]" 100 0 -20 10 10
239 50.88 -35.94 50579.906 "[1150831, 1171241, 1328919]" 100 0 -20 10 10
240 191.86 -7.32 50434.93 "[1151414, 2392174]" 100 0 -20 10 10
241 140.98 35.08 50377.57 "[4265, 1024509, 2206390, 2206420]" 100 0 -20 10 10
242 219.42 52.04 50318.23 "[83643, 88139]" 100 0 -20 10 10
243 208.82 28.72 50317.17 "[88053, 90432, 1024950]" 100 0 -20 10 10
244 261.82 11.76 50237.74 "[90984, 1024795]" 100 0 -20 10 10
245 348.74 -42.3 50221.613 "[1261129, 2647936, 2647960]" 100 0 -20 10 10
247 140.98 34.02 50198.137 "[1024509, 2206396]" 100 0 -20 10 10
246 168.54 -26.4 50198.137 "[1150799, 1171482]" 100 0 -20 10 10
248 224.72 -7.32 50158.516 "[1150867, 1324786]" 100 0 -20 10 10
249 192.92 -0.96 50138.656 "[1261098, 2396053]" 100 0 -20 10 10
250 23.32 -29.58 50134.55 "[1261115, 2074287]" 100 0 -20 10 10
255 326.48 -34.88 50118.703 [1151484] 100 0 -20 10 10
260 352.98 -45.48 50118.703 [1261204] 100 0 -20 10 10
259 145.22 -4.14 50118.703 [1261092] 100 0 -20 10 10
258 319.06 -48.66 50118.703 [1150910] 100 0 -20 10 10
257 180.2 61.58 50118.703 [1024468] 100 0 -20 10 10
256 133.56 50.98 50118.703 [237] 100 0 -20 10 10
254 325.42 -63.5 50118.703 [1151173] 100 0 -20 10 10
253 132.5 60.52 50118.703 [317] 100 0 -20 10 10
252 271.36 25.54 50118.703 [1025045] 100 0 -20 10 10
251 306.34 -44.42 50118.703 [1151067] 100 0 -20 10 10
261 181.26 10.7 49890.14 "[1025745, 1025757, 2354801]" 100 0 -20 10 10
262 126.14 22.36 49210.47 "[84534, 85149, 87186, 1024744, 1025305, 2166871, 22204217, 22204245]" 100 0 -20 10 10
263 306.34 -25.34 48803.65 "[1154935, 1261213, 1331254]" 100 0 -20 10 10
264 330.72 -32.76 48765.176 "[1151588, 1155677, 1169718, 1171835, 1326083, 1326095, 1330826, 1330836, 2614755]" 100 0 -20 10 10
265 74.2 -4.14 48479.508 "[1152505, 1158526, 1169233, 1324491]" 100 0 -20 10 10
266 221.54 -22.16 48091.27 "[1158938, 1164463, 1259870, 1261501, 1326530]" 100 0 -20 10 10
267 150.52 72.18 47753.992 "[1024736, 1025905]" 100 0 -20 10 10
268 26.5 27.66 46634.65 "[86072, 1025025, 1034284]" 100 0 -20 10 10
269 195.04 -14.74 46310.29 "[1150823, 1158413, 1160128, 1261202, 13231412]" 100 0 -20 10 10
270 177.02 -38.06 46224.832 "[1151682, 1153575, 1325212, 1329760]" 100 0 -20 10 10
271 177.02 -37.0 46224.832 "[1151682, 1153575, 1325212, 1329760]" 100 0 -20 10 10
272 186.56 16.0 45488.53 "[358, 87799, 1024681, 1025016, 1025113, 1040229, 2372526, 2372528, 22298251]" 100 0 -20 10 10
273 142.04 7.52 45155.203 "[1060, 87305, 89049, 1024782, 1025790]" 100 0 -20 10 10
274 177.02 56.28 45081.5 "[461, 1024485, 2331108]" 100 0 -20 10 10
275 1.06 16.0 45071.5 "[86507, 1024445]" 100 0 -20 10 10
276 339.2 -26.4 44872.695 "[1150915, 1151600, 2628894]" 100 0 -20 10 10
277 193.98 -29.58 44834.48 "[1151521, 1154479, 1329941]" 100 0 -20 10 10
278 306.34 -24.28 44822.58 "[1261213, 1331254]" 100 0 -20 10 10
279 190.8 -40.18 44822.58 "[1157935, 1261245]" 100 0 -20 10 10
280 190.8 2.22 43907.625 "[230, 1024428, 1042592, 2386897]" 100 0 -20 10 10
281 190.8 -7.32 43791.777 "[1151534, 1274347]" 100 0 -20 10 10
282 306.34 -43.36 43740.008 "[1151098, 1169447, 1169928, 2589333]" 100 0 -20 10 10
283 226.84 -11.56 43547.133 "[1151022, 1151283, 1330286]" 100 0 -20 10 10
284 147.34 -12.62 43541.883 "[1153518, 1153714, 1263427, 1324572]" 100 0 -20 10 10
285 159.0 13.88 43125.25 "[979, 89114, 1025000, 1027325]" 100 0 -20 10 10
286 215.18 4.34 43072.37 "[4456, 1024460, 1025067, 2476369]" 100 0 -20 10 10
287 76.32 -9.44 43052.633 "[1151079, 1170483, 1262740, 22193555]" 100 0 -20 10 10
288 157.94 -28.52 42972.984 "[1324601, 1329598]" 100 0 -20 10 10
289 185.5 75.36 42719.992 "[87773, 1024699, 1033924]" 100 0 -20 10 10
290 233.2 -3.08 42322.594 "[1151205, 1264650]" 100 0 -20 10 10
291 143.1 -16.86 41999.855 "[1152436, 1261182, 1263424, 2212206]" 100 0 -20 10 10
292 212.0 50.98 41943.305 "[85716, 88081, 88083, 89575, 90057, 1025080, 2462263, 2462264]" 100 0 -20 10 10
293 336.02 -3.08 41607.41 "[1151315, 1170663, 2624284, 2624291]" 100 0 -20 10 10
294 185.5 -39.12 41592.945 "[1161498, 1329840, 1329843, 1331920]" 100 0 -20 10 10
295 51.94 -32.76 41395.6 "[1157364, 1261264]" 100 0 -20 10 10
296 188.68 -39.12 41003.14 "[1151211, 1169978, 2014509]" 100 0 -20 10 10
297 56.18 -22.16 40967.793 "[1151028, 1151040]" 100 0 -20 10 10
298 180.2 2.22 40967.793 "[87677, 1024660]" 100 0 -20 10 10
299 198.22 -40.18 40890.14 "[1152515, 1171567, 1264973]" 100 0 -20 10 10
