3300 1.93709 0
3310 1.45658 0
3320 0.984163 0
3330 0.630431 0
3340 0.593903 0
3350 0.566735 0
3360 0.533932 0
3370 0.485499 0
3380 0.46144 0
3390 0.448462 0
3400 0.443288 0
3410 0.447812 0
3420 0.457997 0
3430 0.476739 0
3440 0.498748 0
3450 0.525028 0
3460 0.55142 0
3470 0.580863 0
3480 0.610813 0
3490 0.63982 0
3500 0.670662 0
3510 0.702985 0
3520 0.735771 0
3530 0.769038 0
3540 0.837379 0
3550 0.91547 0
3560 1.1331 0
3570 1.48972 0
3580 1.84134 0
3590 2.14965 0
3600 2.48642 0
3610 2.7228 0
3620 3.0084 0
3630 3.23079 0
3640 3.45277 0
3650 3.60427 0
3660 3.81545 0
3670 3.94942 0
3680 3.89692 0
3690 3.8368 0
3700 3.79466 0
3710 3.74066 0
3720 3.69591 0
3730 3.63902 0
3740 3.57815 0
3750 3.51482 0
3760 3.49327 0
3770 3.51997 0
3780 3.53939 0
3790 3.55928 0
3800 3.60092 0
3810 3.62024 0
3820 3.63909 0
3830 3.6592 0
3840 3.69717 0
3850 3.71637 0
3860 3.75183 0
3870 3.78106 0
3880 3.81718 0
3890 3.84981 0
3900 3.87244 0
3910 3.9021 0
3920 3.89334 0
3930 3.87271 0
3940 3.84068 0
3950 3.82084 0
3960 3.79939 0
3970 3.77823 0
3980 3.76183 0
3990 3.73974 0
4000 3.72264 0
4010 3.71385 0
4020 3.70546 0
4030 3.68843 0
4040 3.66931 0
4050 3.65108 0
4060 3.63723 0
4070 3.61989 0
4080 3.59694 0
4090 3.56884 0
4100 3.53148 0
4110 3.50632 0
4120 3.47384 0
4130 3.44894 0
4140 3.42096 0
4150 3.38927 0
4160 3.36633 0
4170 3.34027 0
4180 3.31152 0
4190 3.28899 0
4200 3.26849 0
4210 3.24567 0
4220 3.2243 0
4230 3.20193 0
4240 3.17942 0
4250 3.16566 0
4260 3.14421 0
4270 3.12309 0
4280 3.10831 0
4290 3.08805 0
4300 3.06204 0
4310 3.03709 0
4320 3.01862 0
4330 2.98676 0
4340 2.95589 0
4350 2.9264 0
4360 2.89766 0
4370 2.8707 0
4380 2.84458 0
4390 2.81835 0
4400 2.79346 0
4410 2.76916 0
4420 2.74146 0
4430 2.70743 0
4440 2.67013 0
4450 2.63218 0
4460 2.59147 0
4470 2.55069 0
4480 2.50721 0
4490 2.46323 0
4500 2.41604 0
4510 2.36806 0
4520 2.31726 0
4530 2.26645 0
4540 2.21778 0
4550 2.16757 0
4560 2.11517 0
4570 2.06086 0
4580 2.00487 0
4590 1.96263 0
4600 1.94559 0
4610 1.9517 0
4620 1.9604 0
4630 1.96903 0
4640 1.9795 0
4650 1.99061 0
4660 2.00453 0
4670 2.01911 0
4680 2.03519 0
4690 2.05189 0
4700 2.07102 0
4710 2.09255 0
4720 2.11299 0
4730 2.13467 0
4740 2.15739 0
4750 2.17923 0
4760 2.20092 0
4770 2.22309 0
4780 2.24031 0
4790 2.24938 0
4800 2.23952 0
4810 2.22969 0
4820 2.21987 0
4830 2.20996 0
4840 2.20035 0
4850 2.19085 0
4860 2.18131 0
4870 2.17134 0
4880 2.16221 0
4890 2.15257 0
4900 2.1433 0
4910 2.1339 0
4920 2.12471 0
4930 2.11489 0
4940 2.10624 0
4950 2.097 0
4960 2.0874 0
4970 2.07909 0
4980 2.06987 0
4990 2.06055 0
5000 2.05155 0
5010 2.04284 0
5020 2.03441 0
5030 2.02559 0
5040 2.01677 0
5050 2.00798 0
5060 1.99923 0
5070 1.99054 0
5080 1.98189 0
5090 1.97306 0
5100 1.96431 0
5110 1.95542 0
5120 1.94727 0
5130 1.93903 0
5140 1.93053 0
5150 1.92229 0
5160 1.91368 0
5170 1.90566 0
5180 1.89744 0
5190 1.88895 0
5200 1.88094 0
5210 1.87308 0
5220 1.8642 0
5230 1.85559 0
5240 1.84553 0
5250 1.8353 0
5260 1.8244 0
5270 1.81363 0
5280 1.80236 0
5290 1.79069 0
5300 1.77915 0
5310 1.76704 0
5320 1.75449 0
5330 1.74162 0
5340 1.72853 0
5350 1.71417 0
5360 1.69862 0
5370 1.68205 0
5380 1.6653 0
5390 1.64846 0
5400 1.63133 0
5410 1.61386 0
5420 1.59863 0
5430 1.58491 0
5440 1.57488 0
5450 1.57018 0
5460 1.56563 0
5470 1.5613 0
5480 1.55736 0
5490 1.55368 0
5500 1.55027 0
5510 1.54685 0
5520 1.5441 0
5530 1.54149 0
5540 1.53867 0
5550 1.53635 0
5560 1.52853 0
5570 1.50427 0
5580 1.47301 0
5590 1.43584 0
5600 1.39744 0
5610 1.35598 0
5620 1.31258 0
5630 1.26685 0
5640 1.21882 0
5650 1.16739 0
5660 1.11303 0
5670 1.05583 0
5680 0.994804 0
5690 0.932602 0
5700 0.882289 0
5710 0.835455 0
5720 0.793895 0
5730 0.753353 0
5740 0.714297 0
5750 0.677247 0
5760 0.642331 0
5770 0.610322 0
5780 0.598781 0
5790 0.601754 0
5800 0.638011 0
5810 0.677822 0
5820 0.716981 0
5830 0.757751 0
5840 0.799054 0
5850 0.839201 0
5860 0.879123 0
5870 0.920875 0
5880 0.962709 0
5890 1.00362 0
5900 1.04024 0
5910 1.08082 0
5920 1.12031 0
5930 1.1577 0
5940 1.19501 0
5950 1.22949 0
5960 1.26313 0
5970 1.29712 0
5980 1.33014 0
5990 1.36192 0
6000 1.39178 0
6010 1.41924 0
6020 1.44256 0
6030 1.45731 0
6040 1.45868 0
6050 1.45207 0
6060 1.4448 0
6070 1.43723 0
6080 1.43127 0
6090 1.42409 0
6100 1.41649 0
6110 1.41091 0
6120 1.40267 0
6130 1.39748 0
6140 1.38987 0
6150 1.38407 0
6160 1.37656 0
6170 1.37101 0
6180 1.36503 0
6190 1.35977 0
6200 1.35387 0
6210 1.34776 0
6220 1.34316 0
6230 1.33662 0
6240 1.3308 0
6250 1.32459 0
6260 1.32049 0
6270 1.31489 0
6280 1.30873 0
6290 1.30195 0
6300 1.296 0
6310 1.29047 0
6320 1.28569 0
6330 1.28036 0
6340 1.27476 0
6350 1.26868 0
6360 1.26258 0
6370 1.2565 0
6380 1.25043 0
6390 1.24437 0
6400 1.23828 0
6410 1.23197 0
6420 1.22612 0
6430 1.22136 0
6440 1.21628 0
6450 1.21113 0
6460 1.20529 0
6470 1.19906 0
6480 1.19339 0
6490 1.18961 0
6500 1.18405 0
6510 1.17819 0
6520 1.17241 0
6530 1.16888 0
6540 1.16302 0
6550 1.15662 0
6560 1.15343 0
6570 1.14768 0
6580 1.14247 0
6590 1.13848 0
6600 1.1323 0
6610 1.12869 0
6620 1.12315 0
6630 1.11878 0
6640 1.1135 0
6650 1.10913 0
6660 1.10377 0
6670 1.09973 0
6680 1.09396 0
6690 1.09029 0
6700 1.085 0
6710 1.08058 0
6720 1.07637 0
6730 1.07034 0
6740 1.06272 0
6750 1.05497 0
6760 1.0459 0
6770 1.03708 0
6780 1.02851 0
6790 1.02107 0
6800 1.01376 0
6810 1.00661 0
6820 0.999566 0
6830 0.992653 0
6840 0.985808 0
6850 0.97903 0
6860 0.972341 0
6870 0.965791 0
6880 0.959093 0
6890 0.952289 0
6900 0.945588 0
6910 0.938953 0
6920 0.932437 0
6930 0.925935 0
6940 0.919611 0
6950 0.913322 0
6960 0.907159 0
6970 0.901049 0
6980 0.89497 0
6990 0.889092 0
7000 0.883304 0
7010 0.877572 0
7020 0.871855 0
7030 0.866172 0
7040 0.860626 0
7050 0.855173 0
7060 0.849734 0
7070 0.8443 0
7080 0.83887 0
7090 0.831744 0
7100 0.824376 0
7110 0.816918 0
7120 0.80367 0
7130 0.782283 0
7140 0.759864 0
7150 0.739146 0
7160 0.715226 0
7170 0.692311 0
7180 0.671324 0
7190 0.644935 0
7200 0.622258 0
7210 0.598336 0
7220 0.571589 0
7230 0.548351 0
7240 0.529845 0
7250 0.509719 0
7260 0.490571 0
7270 0.470611 0
7280 0.450131 0
7290 0.430424 0
7300 0.410314 0
7310 0.389959 0
7320 0.369435 0
7330 0.350111 0
7340 0.334179 0
7350 0.318586 0
7360 0.303234 0
7370 0.288484 0
7380 0.273858 0
7390 0.259995 0
7400 0.246758 0
7410 0.233982 0
7420 0.222111 0
7430 0.21063 0
7440 0.199643 0
7450 0.189298 0
7460 0.179762 0
7470 0.171207 0
7480 0.163234 0
7490 0.155979 0
7500 0.149532 0
7510 0.143937 0
7520 0.13901 0
7530 0.134848 0
7540 0.131426 0
7550 0.128727 0
7560 0.126647 0
7570 0.125175 0
7580 0.12397 0
7590 0.12348 0
7600 0.123491 0
7610 0.123936 0
7620 0.124938 0
7630 0.126402 0
7640 0.127865 0
7650 0.130408 0
7660 0.136022 0
7670 0.141884 0
7680 0.148399 0
7690 0.155941 0
7700 0.163348 0
7710 0.170075 0
7720 0.176434 0
7730 0.18291 0
7740 0.188758 0
7750 0.194184 0
7760 0.209527 0
7770 0.237854 0
7780 0.266026 0
7790 0.291507 0
7800 0.317802 0
7810 0.34253 0
7820 0.36504 0
7830 0.390224 0
7840 0.412079 0
7850 0.433154 0
7860 0.45479 0
7870 0.472561 0
7880 0.490921 0
7890 0.51152 0
7900 0.525989 0
7910 0.5446 0
7920 0.556486 0
7930 0.569719 0
7940 0.585502 0
7950 0.598446 0
7960 0.609374 0
7970 0.620094 0
7980 0.630766 0
7990 0.642637 0
8000 0.655782 0
8010 0.66815 0
8020 0.667892 0
8030 0.668147 0
8040 0.667938 0
8050 0.667473 0
8060 0.668905 0
8070 0.669718 0
8080 0.669862 0
8090 0.669549 0
8100 0.671056 0
8110 0.67178 0
8120 0.671928 0
8130 0.673106 0
8140 0.674328 0
8150 0.674491 0
8160 0.676581 0
8170 0.67662 0
8180 0.67804 0
8190 0.679453 0
8200 0.680624 0
8210 0.681692 0
8220 0.682826 0
8230 0.683841 0
8240 0.685218 0
8250 0.683876 0
8260 0.682997 0
8270 0.677825 0
8280 0.675408 0
8290 0.671825 0
8300 0.667609 0
8310 0.665155 0
8320 0.660802 0
8330 0.656845 0
8340 0.65393 0
8350 0.649859 0
8360 0.6455 0
8370 0.642407 0
8380 0.638988 0
8390 0.634019 0
8400 0.630747 0
8410 0.627779 0
8420 0.624281 0
8430 0.619814 0
8440 0.615629 0
8450 0.612521 0
8460 0.609167 0
8470 0.605601 0
8480 0.601589 0
8490 0.59683 0
8500 0.593582 0
8510 0.590153 0
8520 0.586658 0
8530 0.582882 0
8540 0.579016 0
8550 0.574915 0
8560 0.570922 0
8570 0.56791 0
8580 0.564917 0
8590 0.562631 0
8600 0.560527 0
8610 0.558375 0
8620 0.556343 0
8630 0.55484 0
8640 0.552887 0
8650 0.550712 0
8660 0.548525 0
8670 0.546044 0
8680 0.543836 0
8690 0.541274 0
8700 0.538957 0
8710 0.536706 0
8720 0.534834 0
8730 0.532904 0
8740 0.530827 0
8750 0.528733 0
8760 0.52652 0
8770 0.524205 0
8780 0.522474 0
8790 0.520805 0
8800 0.518648 0
8810 0.516159 0
8820 0.51354 0
8830 0.512223 0
8840 0.510272 0
8850 0.508094 0
8860 0.506063 0
8870 0.506445 0
8880 0.506358 0
8890 0.505757 0
8900 0.505335 0
8910 0.506547 0
8920 0.506226 0
8930 0.50536 0
8940 0.50522 0
8950 0.504387 0
8960 0.503739 0
8970 0.503414 0
8980 0.502619 0
8990 0.501529 0
9000 0.50166 0

