3300 3.29389 0
3310 3.25741 0
3320 3.21959 0
3330 3.18284 0
3340 3.14483 0
3350 3.108 0
3360 3.07163 0
3370 3.0385 0
3380 2.77216 0
3390 2.45458 0
3400 2.17518 0
3410 1.841 0
3420 1.58382 0
3430 1.31905 0
3440 1.0524 0
3450 0.843199 0
3460 0.639541 0
3470 0.448909 0
3480 0.447971 0
3490 0.469769 0
3500 0.488435 0
3510 0.515001 0
3520 0.552336 0
3530 0.592805 0
3540 0.630975 0
3550 0.68059 0
3560 0.733613 0
3570 0.782846 0
3580 0.835821 0
3590 0.917778 0
3600 1.00961 0
3610 1.13439 0
3620 1.32665 0
3630 1.51028 0
3640 1.68015 0
3650 1.85211 0
3660 2.00698 0
3670 2.161 0
3680 2.29097 0
3690 2.41705 0
3700 2.5303 0
3710 2.64942 0
3720 2.74103 0
3730 2.84639 0
3740 2.9298 0
3750 3.03408 0
3760 3.10359 0
3770 3.17347 0
3780 3.23473 0
3790 3.29053 0
3800 3.35309 0
3810 3.37497 0
3820 3.42086 0
3830 3.47045 0
3840 3.48719 0
3850 3.52265 0
3860 3.55773 0
3870 3.56275 0
3880 3.57411 0
3890 3.60222 0
3900 3.59839 0
3910 3.59173 0
3920 3.61392 0
3930 3.60641 0
3940 3.59598 0
3950 3.58327 0
3960 3.56869 0
3970 3.5527 0
3980 3.53537 0
3990 3.5168 0
4000 3.49678 0
4010 3.47322 0
4020 3.44959 0
4030 3.42415 0
4040 3.39653 0
4050 3.37081 0
4060 3.34517 0
4070 3.31812 0
4080 3.29211 0
4090 3.26132 0
4100 3.23514 0
4110 3.20919 0
4120 3.17993 0
4130 3.15462 0
4140 3.13052 0
4150 3.10381 0
4160 3.08215 0
4170 3.05672 0
4180 3.0351 0
4190 3.01076 0
4200 2.98845 0
4210 2.96607 0
4220 2.94455 0
4230 2.92176 0
4240 2.89997 0
4250 2.88002 0
4260 2.85838 0
4270 2.83657 0
4280 2.81577 0
4290 2.79765 0
4300 2.77726 0
4310 2.75767 0
4320 2.73854 0
4330 2.71968 0
4340 2.7012 0
4350 2.68254 0
4360 2.66511 0
4370 2.64809 0
4380 2.63089 0
4390 2.61211 0
4400 2.59635 0
4410 2.58047 0
4420 2.56235 0
4430 2.54787 0
4440 2.53056 0
4450 2.51657 0
4460 2.50026 0
4470 2.48786 0
4480 2.47318 0
4490 2.45895 0
4500 2.44516 0
4510 2.43675 0
4520 2.42834 0
4530 2.41994 0
4540 2.41155 0
4550 2.40318 0
4560 2.39483 0
4570 2.38649 0
4580 2.37817 0
4590 2.36987 0
4600 2.3616 0
4610 2.35332 0
4620 2.34503 0
4630 2.33674 0
4640 2.32846 0
4650 2.32018 0
4660 2.31192 0
4670 2.30366 0
4680 2.29542 0
4690 2.28719 0
4700 2.27898 0
4710 2.27078 0
4720 2.26261 0
4730 2.25446 0
4740 2.24633 0
4750 2.23823 0
4760 2.23015 0
4770 2.22209 0
4780 2.21407 0
4790 2.20608 0
4800 2.19812 0
4810 2.19019 0
4820 2.1823 0
4830 2.17443 0
4840 2.16658 0
4850 2.15874 0
4860 2.15091 0
4870 2.14308 0
4880 2.13527 0
4890 2.12746 0
4900 2.11967 0
4910 2.11191 0
4920 2.10415 0
4930 2.09642 0
4940 2.08871 0
4950 2.08101 0
4960 2.07334 0
4970 2.0657 0
4980 2.05808 0
4990 2.05049 0
5000 2.04292 0
5010 2.03538 0
5020 2.02786 0
5030 2.02038 0
5040 2.01293 0
5050 2.00551 0
5060 1.99812 0
5070 1.99076 0
5080 1.98341 0
5090 1.97608 0
5100 1.96876 0
5110 1.96145 0
5120 1.95416 0
5130 1.94688 0
5140 1.93963 0
5150 1.93239 0
5160 1.92517 0
5170 1.91797 0
5180 1.91079 0
5190 1.90364 0
5200 1.89651 0
5210 1.8894 0
5220 1.88231 0
5230 1.87526 0
5240 1.86823 0
5250 1.86123 0
5260 1.85425 0
5270 1.84729 0
5280 1.84037 0
5290 1.83348 0
5300 1.82662 0
5310 1.81978 0
5320 1.81296 0
5330 1.80616 0
5340 1.79937 0
5350 1.7926 0
5360 1.78585 0
5370 1.77912 0
5380 1.7724 0
5390 1.76572 0
5400 1.75904 0
5410 1.75239 0
5420 1.74577 0
5430 1.73917 0
5440 1.73259 0
5450 1.72604 0
5460 1.7195 0
5470 1.71299 0
5480 1.70652 0
5490 1.70006 0
5500 1.69364 0
5510 1.68724 0
5520 1.68086 0
5530 1.67451 0
5540 1.66819 0
5550 1.66189 0
5560 1.65561 0
5570 1.64935 0
5580 1.6431 0
5590 1.63688 0
5600 1.63067 0
5610 1.62448 0
5620 1.61832 0
5630 1.61218 0
5640 1.60606 0
5650 1.59996 0
5660 1.59388 0
5670 1.58783 0
5680 1.5818 0
5690 1.57579 0
5700 1.56981 0
5710 1.56385 0
5720 1.55791 0
5730 1.552 0
5740 1.54611 0
5750 1.54025 0
5760 1.53442 0
5770 1.5286 0
5780 1.52281 0
5790 1.51704 0
5800 1.51129 0
5810 1.50556 0
5820 1.49984 0
5830 1.49415 0
5840 1.48848 0
5850 1.48283 0
5860 1.47719 0
5870 1.47158 0
5880 1.46599 0
5890 1.46042 0
5900 1.45488 0
5910 1.44935 0
5920 1.44385 0
5930 1.43837 0
5940 1.43291 0
5950 1.42747 0
5960 1.42206 0
5970 1.41667 0
5980 1.4113 0
5990 1.40595 0
6000 1.40063 0
6010 1.39533 0
6020 1.39005 0
6030 1.38479 0
6040 1.37955 0
6050 1.37432 0
6060 1.36911 0
6070 1.36393 0
6080 1.35876 0
6090 1.35361 0
6100 1.34848 0
6110 1.34338 0
6120 1.33829 0
6130 1.33322 0
6140 1.32817 0
6150 1.32315 0
6160 1.31814 0
6170 1.31316 0
6180 1.30819 0
6190 1.30325 0
6200 1.29832 0
6210 1.29342 0
6220 1.28854 0
6230 1.28368 0
6240 1.27884 0
6250 1.27402 0
6260 1.26922 0
6270 1.26444 0
6280 1.25966 0
6290 1.25491 0
6300 1.25017 0
6310 1.24545 0
6320 1.24075 0
6330 1.23606 0
6340 1.23139 0
6350 1.22674 0
6360 1.22211 0
6370 1.21749 0
6380 1.2129 0
6390 1.20832 0
6400 1.20376 0
6410 1.19921 0
6420 1.19469 0
6430 1.19018 0
6440 1.18569 0
6450 1.18122 0
6460 1.17677 0
6470 1.17234 0
6480 1.16793 0
6490 1.16353 0
6500 1.15916 0
6510 1.1548 0
6520 1.15046 0
6530 1.14614 0
6540 1.14184 0
6550 1.13755 0
6560 1.13329 0
6570 1.12904 0
6580 1.12481 0
6590 1.1206 0
6600 1.11641 0
6610 1.11224 0
6620 1.10809 0
6630 1.10396 0
6640 1.09984 0
6650 1.09575 0
6660 1.09167 0
6670 1.08761 0
6680 1.08357 0
6690 1.07955 0
6700 1.07554 0
6710 1.07156 0
6720 1.06759 0
6730 1.06364 0
6740 1.0597 0
6750 1.05578 0
6760 1.05187 0
6770 1.04798 0
6780 1.0441 0
6790 1.04023 0
6800 1.03638 0
6810 1.03255 0
6820 1.02873 0
6830 1.02493 0
6840 1.02114 0
6850 1.01736 0
6860 1.01361 0
6870 1.00986 0
6880 1.00614 0
6890 1.00242 0
6900 0.998726 0
6910 0.995044 0
6920 0.991377 0
6930 0.987725 0
6940 0.984088 0
6950 0.980466 0
6960 0.976859 0
6970 0.973267 0
6980 0.96969 0
6990 0.966128 0
7000 0.962581 0
7010 0.959049 0
7020 0.955531 0
7030 0.952029 0
7040 0.948541 0
7050 0.945068 0
7060 0.941609 0
7070 0.938155 0
7080 0.934583 0
7090 0.931044 0
7100 0.927513 0
7110 0.923972 0
7120 0.920461 0
7130 0.916948 0
7140 0.913434 0
7150 0.909968 0
7160 0.906506 0
7170 0.903049 0
7180 0.899598 0
7190 0.89615 0
7200 0.892706 0
7210 0.889325 0
7220 0.885892 0
7230 0.882464 0
7240 0.8791 0
7250 0.875744 0
7260 0.872333 0
7270 0.868991 0
7280 0.865658 0
7290 0.861778 0
7300 0.857311 0
7310 0.852778 0
7320 0.848237 0
7330 0.835674 0
7340 0.821658 0
7350 0.808414 0
7360 0.793774 0
7370 0.780186 0
7380 0.765026 0
7390 0.749262 0
7400 0.736364 0
7410 0.72235 0
7420 0.707744 0
7430 0.690685 0
7440 0.671928 0
7450 0.651976 0
7460 0.636193 0
7470 0.616461 0
7480 0.599629 0
7490 0.578503 0
7500 0.562424 0
7510 0.542361 0
7520 0.5263 0
7530 0.510049 0
7540 0.493544 0
7550 0.48222 0
7560 0.470365 0
7570 0.460159 0
7580 0.448297 0
7590 0.438239 0
7600 0.426434 0
7610 0.416607 0
7620 0.406892 0
7630 0.397345 0
7640 0.386242 0
7650 0.37899 0
7660 0.371294 0
7670 0.364521 0
7680 0.358065 0
7690 0.351922 0
7700 0.346062 0
7710 0.340125 0
7720 0.33509 0
7730 0.330565 0
7740 0.326168 0
7750 0.322856 0
7760 0.320343 0
7770 0.320318 0
7780 0.322912 0
7790 0.32684 0
7800 0.330085 0
7810 0.333142 0
7820 0.336266 0
7830 0.340828 0
7840 0.345422 0
7850 0.348946 0
7860 0.354743 0
7870 0.359521 0
7880 0.369003 0
7890 0.379269 0
7900 0.389777 0
7910 0.400424 0
7920 0.409605 0
7930 0.419469 0
7940 0.429381 0
7950 0.439309 0
7960 0.447866 0
7970 0.458537 0
7980 0.467485 0
7990 0.472524 0
8000 0.483882 0
8010 0.492734 0
8020 0.501286 0
8030 0.506679 0
8040 0.515695 0
8050 0.524263 0
8060 0.529396 0
8070 0.538668 0
8080 0.543972 0
8090 0.549162 0
8100 0.554278 0
8110 0.563275 0
8120 0.569289 0
8130 0.574328 0
8140 0.580716 0
8150 0.58971 0
8160 0.591584 0
8170 0.597194 0
8180 0.602046 0
8190 0.607901 0
8200 0.616412 0
8210 0.617551 0
8220 0.623016 0
8230 0.627067 0
8240 0.632549 0
8250 0.633117 0
8260 0.634659 0
8270 0.642164 0
8280 0.642737 0
8290 0.64737 0
8300 0.647556 0
8310 0.651394 0
8320 0.655765 0
8330 0.655703 0
8340 0.655777 0
8350 0.65966 0
8360 0.662349 0
8370 0.661991 0
8380 0.661983 0
8390 0.665284 0
8400 0.66469 0
8410 0.664418 0
8420 0.663895 0
8430 0.667456 0
8440 0.668743 0
8450 0.667836 0
8460 0.666469 0
8470 0.665654 0
8480 0.668078 0
8490 0.666651 0
8500 0.665194 0
8510 0.663542 0
8520 0.66195 0
8530 0.660186 0
8540 0.658721 0
8550 0.656728 0
8560 0.658545 0
8570 0.656655 0
8580 0.654452 0
8590 0.652158 0
8600 0.650314 0
8610 0.647854 0
8620 0.645383 0
8630 0.643024 0
8640 0.640775 0
8650 0.638063 0
8660 0.635401 0
8670 0.632916 0
8680 0.630492 0
8690 0.627274 0
8700 0.62445 0
8710 0.621594 0
8720 0.618704 0
8730 0.615959 0
8740 0.613303 0
8750 0.610277 0
8760 0.607255 0
8770 0.604219 0
8780 0.601163 0
8790 0.597789 0
8800 0.59477 0
8810 0.591746 0
8820 0.588985 0
8830 0.585935 0
8840 0.582837 0
8850 0.579694 0
8860 0.57618 0
8870 0.57303 0
8880 0.56991 0
8890 0.566851 0
8900 0.56379 0
8910 0.56068 0
8920 0.557002 0
8930 0.553879 0
8940 0.550831 0
8950 0.547809 0
8960 0.544755 0
8970 0.541355 0
8980 0.538341 0
8990 0.535224 0
9000 0.532394 0

