3300 1.94865 0
3310 1.87347 0
3320 1.7879 0
3330 1.71033 0
3340 1.66006 0
3350 1.62471 0
3360 1.6076 0
3370 1.68702 0
3380 1.4781 0
3390 1.27576 0
3400 1.08727 0
3410 0.949127 0
3420 0.83082 0
3430 0.719486 0
3440 0.631093 0
3450 0.570186 0
3460 0.514346 0
3470 0.466112 0
3480 0.473871 0
3490 0.480215 0
3500 0.49899 0
3510 0.513732 0
3520 0.534987 0
3530 0.551946 0
3540 0.581464 0
3550 0.630276 0
3560 0.699131 0
3570 0.80928 0
3580 0.996458 0
3590 1.18719 0
3600 1.34464 0
3610 1.51863 0
3620 1.66169 0
3630 1.81253 0
3640 1.9312 0
3650 2.07738 0
3660 2.17965 0
3670 2.27994 0
3680 2.38016 0
3690 2.43439 0
3700 2.52537 0
3710 2.56856 0
3720 2.60958 0
3730 2.68808 0
3740 2.72062 0
3750 2.73959 0
3760 2.77316 0
3770 2.81 0
3780 2.84526 0
3790 2.86296 0
3800 2.87907 0
3810 2.89734 0
3820 2.92866 0
3830 2.93475 0
3840 2.93715 0
3850 2.95689 0
3860 2.95695 0
3870 2.97452 0
3880 2.98977 0
3890 2.98611 0
3900 2.99446 0
3910 2.99786 0
3920 3.00947 0
3930 3.01299 0
3940 2.99387 0
3950 2.99613 0
3960 2.99309 0
3970 3.0014 0
3980 2.99514 0
3990 2.98993 0
4000 2.98964 0
4010 2.9838 0
4020 2.99034 0
4030 2.97638 0
4040 2.9639 0
4050 2.96315 0
4060 2.95422 0
4070 2.93964 0
4080 2.94022 0
4090 2.92638 0
4100 2.91572 0
4110 2.89729 0
4120 2.8876 0
4130 2.87388 0
4140 2.86002 0
4150 2.84713 0
4160 2.82723 0
4170 2.80861 0
4180 2.78836 0
4190 2.7701 0
4200 2.74897 0
4210 2.72674 0
4220 2.70644 0
4230 2.6844 0
4240 2.66256 0
4250 2.644 0
4260 2.62473 0
4270 2.60599 0
4280 2.58801 0
4290 2.57335 0
4300 2.55588 0
4310 2.53934 0
4320 2.52311 0
4330 2.50707 0
4340 2.49136 0
4350 2.47598 0
4360 2.46102 0
4370 2.44652 0
4380 2.42942 0
4390 2.41571 0
4400 2.40201 0
4410 2.3887 0
4420 2.37302 0
4430 2.36041 0
4440 2.34518 0
4450 2.33264 0
4460 2.31432 0
4470 2.28888 0
4480 2.26413 0
4490 2.23607 0
4500 2.20701 0
4510 2.18171 0
4520 2.15498 0
4530 2.12666 0
4540 2.09697 0
4550 2.06664 0
4560 2.03438 0
4570 2.00096 0
4580 1.96699 0
4590 1.93854 0
4600 1.92347 0
4610 1.9204 0
4620 1.92102 0
4630 1.9155 0
4640 1.91429 0
4650 1.9164 0
4660 1.92755 0
4670 1.92894 0
4680 1.93496 0
4690 1.93529 0
4700 1.94153 0
4710 1.95273 0
4720 1.95359 0
4730 1.95573 0
4740 1.96719 0
4750 1.97141 0
4760 1.97656 0
4770 1.98191 0
4780 1.98839 0
4790 1.9957 0
4800 2.00309 0
4810 2.0118 0
4820 2.00726 0
4830 2.01623 0
4840 2.02553 0
4850 2.02231 0
4860 2.03178 0
4870 2.02909 0
4880 2.03869 0
4890 2.03584 0
4900 2.04238 0
4910 2.04256 0
4920 2.04868 0
4930 2.0455 0
4940 2.04553 0
4950 2.05091 0
4960 2.04675 0
4970 2.04263 0
4980 2.04179 0
4990 2.03735 0
5000 2.04127 0
5010 2.03586 0
5020 2.03022 0
5030 2.02432 0
5040 2.01816 0
5050 2.01172 0
5060 2.00503 0
5070 1.99808 0
5080 1.99091 0
5090 1.98352 0
5100 1.97597 0
5110 1.96821 0
5120 1.96028 0
5130 1.95216 0
5140 1.94401 0
5150 1.93584 0
5160 1.92777 0
5170 1.91964 0
5180 1.91146 0
5190 1.90313 0
5200 1.89487 0
5210 1.88682 0
5220 1.87872 0
5230 1.87057 0
5240 1.8625 0
5250 1.85459 0
5260 1.84644 0
5270 1.8377 0
5280 1.82877 0
5290 1.81855 0
5300 1.80806 0
5310 1.79771 0
5320 1.78686 0
5330 1.7761 0
5340 1.76495 0
5350 1.75374 0
5360 1.74221 0
5370 1.73049 0
5380 1.71855 0
5390 1.7065 0
5400 1.69403 0
5410 1.68157 0
5420 1.66992 0
5430 1.65932 0
5440 1.65051 0
5450 1.64485 0
5460 1.64001 0
5470 1.63391 0
5480 1.62871 0
5490 1.62456 0
5500 1.61977 0
5510 1.61592 0
5520 1.61252 0
5530 1.60872 0
5540 1.60361 0
5550 1.60172 0
5560 1.5973 0
5570 1.59313 0
5580 1.59127 0
5590 1.58756 0
5600 1.58406 0
5610 1.56725 0
5620 1.54063 0
5630 1.5052 0
5640 1.46831 0
5650 1.42834 0
5660 1.3866 0
5670 1.34551 0
5680 1.30358 0
5690 1.26174 0
5700 1.21682 0
5710 1.17365 0
5720 1.12694 0
5730 1.08476 0
5740 1.04407 0
5750 1.00151 0
5760 0.962114 0
5770 0.927663 0
5780 0.898607 0
5790 0.885681 0
5800 0.891251 0
5810 0.896468 0
5820 0.896411 0
5830 0.903112 0
5840 0.911147 0
5850 0.924869 0
5860 0.94452 0
5870 0.961364 0
5880 0.98448 0
5890 1.00518 0
5900 1.0243 0
5910 1.04721 0
5920 1.06362 0
5930 1.08046 0
5940 1.09715 0
5950 1.11563 0
5960 1.1343 0
5970 1.15214 0
5980 1.17212 0
5990 1.19047 0
6000 1.21111 0
6010 1.22435 0
6020 1.24453 0
6030 1.26366 0
6040 1.27031 0
6050 1.28864 0
6060 1.30937 0
6070 1.31349 0
6080 1.33242 0
6090 1.33762 0
6100 1.3553 0
6110 1.35931 0
6120 1.37768 0
6130 1.38035 0
6140 1.39116 0
6150 1.39993 0
6160 1.40202 0
6170 1.41171 0
6180 1.41849 0
6190 1.41952 0
6200 1.42847 0
6210 1.42887 0
6220 1.43407 0
6230 1.43286 0
6240 1.43924 0
6250 1.43793 0
6260 1.43671 0
6270 1.43513 0
6280 1.43798 0
6290 1.44294 0
6300 1.43923 0
6310 1.43524 0
6320 1.43103 0
6330 1.42659 0
6340 1.42197 0
6350 1.41706 0
6360 1.41187 0
6370 1.40638 0
6380 1.40065 0
6390 1.39463 0
6400 1.38838 0
6410 1.38187 0
6420 1.37527 0
6430 1.3684 0
6440 1.36123 0
6450 1.35387 0
6460 1.34627 0
6470 1.33875 0
6480 1.33134 0
6490 1.32392 0
6500 1.31664 0
6510 1.30944 0
6520 1.30182 0
6530 1.29417 0
6540 1.2869 0
6550 1.27967 0
6560 1.27276 0
6570 1.26527 0
6580 1.25779 0
6590 1.25065 0
6600 1.2436 0
6610 1.23633 0
6620 1.22904 0
6630 1.22214 0
6640 1.21515 0
6650 1.20788 0
6660 1.20124 0
6670 1.19449 0
6680 1.18735 0
6690 1.18095 0
6700 1.17438 0
6710 1.16739 0
6720 1.1614 0
6730 1.1548 0
6740 1.14837 0
6750 1.14262 0
6760 1.1359 0
6770 1.13038 0
6780 1.12412 0
6790 1.11838 0
6800 1.1127 0
6810 1.10683 0
6820 1.10154 0
6830 1.09572 0
6840 1.09067 0
6850 1.08503 0
6860 1.08008 0
6870 1.07477 0
6880 1.06977 0
6890 1.0649 0
6900 1.05972 0
6910 1.05532 0
6920 1.05027 0
6930 1.04577 0
6940 1.04097 0
6950 1.03596 0
6960 1.03139 0
6970 1.02674 0
6980 1.0227 0
6990 1.01866 0
7000 1.01482 0
7010 1.01097 0
7020 1.0071 0
7030 1.00321 0
7040 0.999038 0
7050 0.994657 0
7060 0.990372 0
7070 0.985948 0
7080 0.98117 0
7090 0.975891 0
7100 0.970473 0
7110 0.965107 0
7120 0.959657 0
7130 0.954195 0
7140 0.948801 0
7150 0.943937 0
7160 0.939371 0
7170 0.934512 0
7180 0.929404 0
7190 0.924433 0
7200 0.919593 0
7210 0.914293 0
7220 0.909696 0
7230 0.904623 0
7240 0.899685 0
7250 0.894528 0
7260 0.890098 0
7270 0.885278 0
7280 0.880037 0
7290 0.870929 0
7300 0.860471 0
7310 0.848985 0
7320 0.837789 0
7330 0.799278 0
7340 0.759346 0
7350 0.724795 0
7360 0.690823 0
7370 0.647571 0
7380 0.618639 0
7390 0.579127 0
7400 0.547299 0
7410 0.516536 0
7420 0.482789 0
7430 0.44549 0
7440 0.410126 0
7450 0.37194 0
7460 0.335169 0
7470 0.308697 0
7480 0.272172 0
7490 0.248365 0
7500 0.213222 0
7510 0.193871 0
7520 0.174217 0
7530 0.155809 0
7540 0.140475 0
7550 0.136811 0
7560 0.133656 0
7570 0.132616 0
7580 0.13047 0
7590 0.130307 0
7600 0.129098 0
7610 0.129516 0
7620 0.130714 0
7630 0.130585 0
7640 0.132643 0
7650 0.135877 0
7660 0.138152 0
7670 0.141517 0
7680 0.145983 0
7690 0.151147 0
7700 0.156549 0
7710 0.1619 0
7720 0.169691 0
7730 0.177756 0
7740 0.185443 0
7750 0.194255 0
7760 0.202635 0
7770 0.20936 0
7780 0.218138 0
7790 0.23853 0
7800 0.258192 0
7810 0.279732 0
7820 0.299677 0
7830 0.317842 0
7840 0.335264 0
7850 0.353862 0
7860 0.370398 0
7870 0.389263 0
7880 0.405125 0
7890 0.421056 0
7900 0.433833 0
7910 0.453316 0
7920 0.464289 0
7930 0.477455 0
7940 0.488659 0
7950 0.50215 0
7960 0.513382 0
7970 0.524165 0
7980 0.534931 0
7990 0.544417 0
8000 0.553663 0
8010 0.56515 0
8020 0.576568 0
8030 0.590601 0
8040 0.599464 0
8050 0.611766 0
8060 0.627073 0
8070 0.642463 0
8080 0.647327 0
8090 0.66106 0
8100 0.672649 0
8110 0.68123 0
8120 0.694056 0
8130 0.697839 0
8140 0.712534 0
8150 0.717084 0
8160 0.72824 0
8170 0.732503 0
8180 0.743442 0
8190 0.748407 0
8200 0.7603 0
8210 0.762994 0
8220 0.774052 0
8230 0.776109 0
8240 0.778713 0
8250 0.774992 0
8260 0.776733 0
8270 0.774974 0
8280 0.7748 0
8290 0.775914 0
8300 0.772873 0
8310 0.774436 0
8320 0.775078 0
8330 0.774516 0
8340 0.771719 0
8350 0.771205 0
8360 0.77233 0
8370 0.771601 0
8380 0.767068 0
8390 0.768406 0
8400 0.767656 0
8410 0.770007 0
8420 0.765181 0
8430 0.764064 0
8440 0.763486 0
8450 0.763228 0
8460 0.763327 0
8470 0.761669 0
8480 0.758132 0
8490 0.752646 0
8500 0.748521 0
8510 0.744697 0
8520 0.740749 0
8530 0.735977 0
8540 0.731756 0
8550 0.727512 0
8560 0.722673 0
8570 0.718487 0
8580 0.713924 0
8590 0.708751 0
8600 0.705323 0
8610 0.702213 0
8620 0.700702 0
8630 0.697146 0
8640 0.693678 0
8650 0.690008 0
8660 0.686739 0
8670 0.682758 0
8680 0.678438 0
8690 0.675082 0
8700 0.672287 0
8710 0.669217 0
8720 0.665424 0
8730 0.663338 0
8740 0.660398 0
8750 0.657651 0
8760 0.655571 0
8770 0.652253 0
8780 0.648823 0
8790 0.644895 0
8800 0.644137 0
8810 0.640745 0
8820 0.637811 0
8830 0.634003 0
8840 0.629235 0
8850 0.629441 0
8860 0.62685 0
8870 0.622608 0
8880 0.618939 0
8890 0.618012 0
8900 0.61738 0
8910 0.614062 0
8920 0.613149 0
8930 0.614234 0
8940 0.613141 0
8950 0.610623 0
8960 0.610387 0
8970 0.610751 0
8980 0.609158 0
8990 0.606928 0
9000 0.606242 0

