3300 2.43545 0
3310 2.07421 0
3320 1.68349 0
3330 1.33244 0
3340 1.03627 0
3350 0.746132 0
3360 0.609645 0
3370 0.529059 0
3380 0.472412 0
3390 0.433466 0
3400 0.408836 0
3410 0.391 0
3420 0.382084 0
3430 0.381099 0
3440 0.384545 0
3450 0.395608 0
3460 0.408992 0
3470 0.430904 0
3480 0.459868 0
3490 0.497124 0
3500 0.537402 0
3510 0.588262 0
3520 0.64236 0
3530 0.699347 0
3540 0.785197 0
3550 0.874663 0
3560 1.02935 0
3570 1.27998 0
3580 1.52576 0
3590 1.7355 0
3600 1.93783 0
3610 2.10437 0
3620 2.27357 0
3630 2.40209 0
3640 2.57024 0
3650 2.69308 0
3660 2.8069 0
3670 2.92575 0
3680 2.99696 0
3690 3.10544 0
3700 3.16736 0
3710 3.23948 0
3720 3.28093 0
3730 3.30957 0
3740 3.35658 0
3750 3.38509 0
3760 3.41244 0
3770 3.43722 0
3780 3.4815 0
3790 3.4991 0
3800 3.53245 0
3810 3.55229 0
3820 3.57525 0
3830 3.59213 0
3840 3.58119 0
3850 3.51856 0
3860 3.42809 0
3870 3.34819 0
3880 3.26152 0
3890 3.16079 0
3900 3.06492 0
3910 2.96338 0
3920 2.87537 0
3930 2.78244 0
3940 2.67195 0
3950 2.57173 0
3960 2.48847 0
3970 2.4144 0
3980 2.33766 0
3990 2.26069 0
4000 2.18739 0
4010 2.11333 0
4020 2.04589 0
4030 1.98101 0
4040 1.92345 0
4050 1.87284 0
4060 1.83537 0
4070 1.80293 0
4080 1.83392 0
4090 1.90738 0
4100 1.97738 0
4110 2.04299 0
4120 2.11119 0
4130 2.17767 0
4140 2.23489 0
4150 2.30432 0
4160 2.36552 0
4170 2.41142 0
4180 2.47249 0
4190 2.52389 0
4200 2.57034 0
4210 2.60632 0
4220 2.65754 0
4230 2.69248 0
4240 2.72533 0
4250 2.75236 0
4260 2.77425 0
4270 2.78947 0
4280 2.7959 0
4290 2.78109 0
4300 2.75925 0
4310 2.74021 0
4320 2.74192 0
4330 2.76299 0
4340 2.79897 0
4350 2.79616 0
4360 2.81196 0
4370 2.82661 0
4380 2.84179 0
4390 2.86034 0
4400 2.84343 0
4410 2.83028 0
4420 2.80385 0
4430 2.80629 0
4440 2.76617 0
4450 2.73598 0
4460 2.68262 0
4470 2.63057 0
4480 2.57762 0
4490 2.52352 0
4500 2.46808 0
4510 2.41244 0
4520 2.3566 0
4530 2.29495 0
4540 2.22463 0
4550 2.16972 0
4560 2.11312 0
4570 2.04833 0
4580 1.99506 0
4590 1.93781 0
4600 1.8964 0
4610 1.85252 0
4620 1.81853 0
4630 1.76971 0
4640 1.74238 0
4650 1.76637 0
4660 1.79485 0
4670 1.81858 0
4680 1.84731 0
4690 1.88197 0
4700 1.90732 0
4710 1.93614 0
4720 1.95935 0
4730 1.98344 0
4740 2.01143 0
4750 2.03501 0
4760 2.0594 0
4770 2.08319 0
4780 2.10522 0
4790 2.12946 0
4800 2.15449 0
4810 2.17473 0
4820 2.18499 0
4830 2.20694 0
4840 2.22906 0
4850 2.2375 0
4860 2.25882 0
4870 2.26656 0
4880 2.28706 0
4890 2.292 0
4900 2.29264 0
4910 2.28764 0
4920 2.28794 0
4930 2.27789 0
4940 2.27199 0
4950 2.27026 0
4960 2.26278 0
4970 2.25495 0
4980 2.25038 0
4990 2.24213 0
5000 2.24288 0
5010 2.23259 0
5020 2.22588 0
5030 2.21604 0
5040 2.20677 0
5050 2.19888 0
5060 2.18923 0
5070 2.17869 0
5080 2.16982 0
5090 2.16149 0
5100 2.15255 0
5110 2.14165 0
5120 2.13059 0
5130 2.11978 0
5140 2.1092 0
5150 2.09933 0
5160 2.09013 0
5170 2.08052 0
5180 2.07061 0
5190 2.06027 0
5200 2.04956 0
5210 2.0375 0
5220 2.02346 0
5230 2.00994 0
5240 1.99655 0
5250 1.98306 0
5260 1.9696 0
5270 1.95502 0
5280 1.93973 0
5290 1.92397 0
5300 1.90929 0
5310 1.89531 0
5320 1.87997 0
5330 1.86377 0
5340 1.84828 0
5350 1.83375 0
5360 1.81775 0
5370 1.80279 0
5380 1.78939 0
5390 1.77604 0
5400 1.76243 0
5410 1.74964 0
5420 1.73771 0
5430 1.72694 0
5440 1.71774 0
5450 1.71114 0
5460 1.70585 0
5470 1.69807 0
5480 1.69245 0
5490 1.68621 0
5500 1.68009 0
5510 1.67334 0
5520 1.66532 0
5530 1.63573 0
5540 1.59585 0
5550 1.54976 0
5560 1.50027 0
5570 1.45063 0
5580 1.40293 0
5590 1.35326 0
5600 1.30243 0
5610 1.2536 0
5620 1.204 0
5630 1.15471 0
5640 1.10624 0
5650 1.05708 0
5660 1.00894 0
5670 0.963173 0
5680 0.917648 0
5690 0.873902 0
5700 0.830466 0
5710 0.789189 0
5720 0.75962 0
5730 0.736069 0
5740 0.718865 0
5750 0.704176 0
5760 0.690818 0
5770 0.681837 0
5780 0.681457 0
5790 0.693489 0
5800 0.719945 0
5810 0.74638 0
5820 0.768871 0
5830 0.796069 0
5840 0.821153 0
5850 0.843356 0
5860 0.866275 0
5870 0.883704 0
5880 0.905369 0
5890 0.922261 0
5900 0.935911 0
5910 0.94978 0
5920 0.955166 0
5930 0.957934 0
5940 0.959582 0
5950 0.958384 0
5960 0.956903 0
5970 0.95446 0
5980 0.953622 0
5990 0.971184 0
6000 0.99433 0
6010 1.01362 0
6020 1.03715 0
6030 1.0595 0
6040 1.0683 0
6050 1.08984 0
6060 1.11225 0
6070 1.12398 0
6080 1.14461 0
6090 1.15272 0
6100 1.16969 0
6110 1.18383 0
6120 1.20043 0
6130 1.20645 0
6140 1.21912 0
6150 1.2302 0
6160 1.23669 0
6170 1.24901 0
6180 1.26003 0
6190 1.26717 0
6200 1.27954 0
6210 1.2821 0
6220 1.29314 0
6230 1.2953 0
6240 1.30212 0
6250 1.3098 0
6260 1.31259 0
6270 1.31528 0
6280 1.32108 0
6290 1.32661 0
6300 1.33463 0
6310 1.33099 0
6320 1.33368 0
6330 1.33528 0
6340 1.33795 0
6350 1.33978 0
6360 1.33705 0
6370 1.33927 0
6380 1.34014 0
6390 1.33728 0
6400 1.33885 0
6410 1.33964 0
6420 1.33517 0
6430 1.33134 0
6440 1.33141 0
6450 1.33086 0
6460 1.32428 0
6470 1.3184 0
6480 1.31196 0
6490 1.3051 0
6500 1.30156 0
6510 1.29767 0
6520 1.2873 0
6530 1.27588 0
6540 1.26316 0
6550 1.24935 0
6560 1.23461 0
6570 1.21846 0
6580 1.20258 0
6590 1.1946 0
6600 1.18636 0
6610 1.17996 0
6620 1.17315 0
6630 1.16427 0
6640 1.15885 0
6650 1.15181 0
6660 1.14203 0
6670 1.13464 0
6680 1.12921 0
6690 1.1194 0
6700 1.10976 0
6710 1.10584 0
6720 1.09716 0
6730 1.08848 0
6740 1.08033 0
6750 1.07197 0
6760 1.06211 0
6770 1.0517 0
6780 1.03853 0
6790 1.02363 0
6800 1.01098 0
6810 0.993786 0
6820 0.981201 0
6830 0.966847 0
6840 0.954317 0
6850 0.937465 0
6860 0.923201 0
6870 0.911811 0
6880 0.893323 0
6890 0.881961 0
6900 0.865939 0
6910 0.853337 0
6920 0.836062 0
6930 0.825595 0
6940 0.809056 0
6950 0.795244 0
6960 0.783773 0
6970 0.771403 0
6980 0.762236 0
6990 0.749414 0
7000 0.738474 0
7010 0.729905 0
7020 0.717639 0
7030 0.705625 0
7040 0.699143 0
7050 0.68712 0
7060 0.675296 0
7070 0.663481 0
7080 0.653252 0
7090 0.644611 0
7100 0.632252 0
7110 0.620307 0
7120 0.606466 0
7130 0.590037 0
7140 0.573096 0
7150 0.561849 0
7160 0.545573 0
7170 0.530401 0
7180 0.517063 0
7190 0.50966 0
7200 0.499756 0
7210 0.491684 0
7220 0.477637 0
7230 0.464517 0
7240 0.449209 0
7250 0.434623 0
7260 0.418585 0
7270 0.404001 0
7280 0.392494 0
7290 0.379967 0
7300 0.367906 0
7310 0.358148 0
7320 0.346705 0
7330 0.334463 0
7340 0.322977 0
7350 0.312549 0
7360 0.301388 0
7370 0.290473 0
7380 0.279154 0
7390 0.268565 0
7400 0.260035 0
7410 0.251825 0
7420 0.243499 0
7430 0.236158 0
7440 0.227526 0
7450 0.220527 0
7460 0.214409 0
7470 0.206878 0
7480 0.201668 0
7490 0.1955 0
7500 0.191225 0
7510 0.185902 0
7520 0.182629 0
7530 0.178561 0
7540 0.176155 0
7550 0.173075 0
7560 0.171325 0
7570 0.169184 0
7580 0.167532 0
7590 0.167079 0
7600 0.166129 0
7610 0.166298 0
7620 0.166461 0
7630 0.166847 0
7640 0.167887 0
7650 0.169759 0
7660 0.173253 0
7670 0.177027 0
7680 0.181753 0
7690 0.187114 0
7700 0.192885 0
7710 0.199169 0
7720 0.20565 0
7730 0.211964 0
7740 0.21847 0
7750 0.224495 0
7760 0.233967 0
7770 0.252324 0
7780 0.270057 0
7790 0.286731 0
7800 0.303432 0
7810 0.319873 0
7820 0.336908 0
7830 0.351773 0
7840 0.365046 0
7850 0.379059 0
7860 0.394264 0
7870 0.405218 0
7880 0.419039 0
7890 0.430442 0
7900 0.442757 0
7910 0.452373 0
7920 0.461244 0
7930 0.468525 0
7940 0.473978 0
7950 0.479044 0
7960 0.483604 0
7970 0.486438 0
7980 0.48844 0
7990 0.490886 0
8000 0.494565 0
8010 0.499623 0
8020 0.505281 0
8030 0.507008 0
8040 0.508919 0
8050 0.512262 0
8060 0.516571 0
8070 0.514081 0
8080 0.516438 0
8090 0.516648 0
8100 0.515687 0
8110 0.518842 0
8120 0.515877 0
8130 0.518111 0
8140 0.51561 0
8150 0.517132 0
8160 0.514381 0
8170 0.515525 0
8180 0.511206 0
8190 0.505613 0
8200 0.501302 0
8210 0.495979 0
8220 0.491059 0
8230 0.486442 0
8240 0.480554 0
8250 0.47629 0
8260 0.471074 0
8270 0.465514 0
8280 0.461586 0
8290 0.456426 0
8300 0.450979 0
8310 0.44733 0
8320 0.442803 0
8330 0.437075 0
8340 0.433357 0
8350 0.430002 0
8360 0.426608 0
8370 0.421806 0
8380 0.419588 0
8390 0.418934 0
8400 0.420176 0
8410 0.422779 0
8420 0.425344 0
8430 0.428193 0
8440 0.431634 0
8450 0.434869 0
8460 0.438352 0
8470 0.440505 0
8480 0.442676 0
8490 0.445985 0
8500 0.448173 0
8510 0.453254 0
8520 0.455785 0
8530 0.458481 0
8540 0.460996 0
8550 0.463548 0
8560 0.465974 0
8570 0.468878 0
8580 0.471713 0
8590 0.474845 0
8600 0.47666 0
8610 0.47989 0
8620 0.48336 0
8630 0.485221 0
8640 0.487084 0
8650 0.489782 0
8660 0.490294 0
8670 0.49048 0
8680 0.492287 0
8690 0.491233 0
8700 0.492742 0
8710 0.493195 0
8720 0.492746 0
8730 0.493206 0
8740 0.49306 0
8750 0.493305 0
8760 0.492848 0
8770 0.493529 0
8780 0.494239 0
8790 0.493397 0
8800 0.495605 0
8810 0.49387 0
8820 0.494501 0
8830 0.49459 0
8840 0.493133 0
8850 0.493123 0
8860 0.494032 0
8870 0.493139 0
8880 0.493985 0
8890 0.493857 0
8900 0.493401 0
8910 0.494763 0
8920 0.493867 0
8930 0.494108 0
8940 0.492805 0
8950 0.493127 0
8960 0.49175 0
8970 0.491596 0
8980 0.490464 0
8990 0.490767 0
9000 0.488156 0

