3300 0.771106 0
3310 0.514108 0
3320 0.395741 0
3330 0.346443 0
3340 0.30935 0
3350 0.285555 0
3360 0.26763 0
3370 0.2542 0
3380 0.252596 0
3390 0.258286 0
3400 0.270381 0
3410 0.286274 0
3420 0.304692 0
3430 0.324567 0
3440 0.344739 0
3450 0.364607 0
3460 0.384042 0
3470 0.403096 0
3480 0.421896 0
3490 0.440404 0
3500 0.458546 0
3510 0.476424 0
3520 0.493963 0
3530 0.511559 0
3540 0.532582 0
3550 0.556289 0
3560 0.592676 0
3570 0.718334 0
3580 0.771479 0
3590 0.793301 0
3600 0.829574 0
3610 0.876754 0
3620 0.930418 0
3630 0.988091 0
3640 1.04686 0
3650 1.10248 0
3660 1.15855 0
3670 1.21551 0
3680 1.27358 0
3690 1.33252 0
3700 1.39308 0
3710 1.45508 0
3720 1.51961 0
3730 1.59263 0
3740 1.72815 0
3750 1.91983 0
3760 2.05406 0
3770 2.12941 0
3780 2.15859 0
3790 2.14574 0
3800 2.09621 0
3810 2.01859 0
3820 1.92834 0
3830 1.83229 0
3840 1.7343 0
3850 1.64444 0
3860 1.56628 0
3870 1.50561 0
3880 1.46304 0
3890 1.43777 0
3900 1.42899 0
3910 1.43646 0
3920 1.46153 0
3930 1.50174 0
3940 1.55643 0
3950 1.62362 0
3960 1.70354 0
3970 1.79752 0
3980 1.90542 0
3990 2.03347 0
4000 2.2571 0
4010 2.55511 0
4020 2.81647 0
4030 3.04678 0
4040 3.24974 0
4050 3.42275 0
4060 3.57177 0
4070 3.70105 0
4080 3.83177 0
4090 3.9144 0
4100 3.98017 0
4110 4.02804 0
4120 4.05844 0
4130 4.05699 0
4140 4.04164 0
4150 4.00788 0
4160 3.96236 0
4170 3.90276 0
4180 3.83886 0
4190 3.77013 0
4200 3.69936 0
4210 3.62455 0
4220 3.54715 0
4230 3.4681 0
4240 3.39162 0
4250 3.32072 0
4260 3.24983 0
4270 3.1815 0
4280 3.1151 0
4290 3.04967 0
4300 2.98732 0
4310 2.92844 0
4320 2.8717 0
4330 2.81835 0
4340 2.76704 0
4350 2.71791 0
4360 2.67059 0
4370 2.62326 0
4380 2.57678 0
4390 2.53075 0
4400 2.48495 0
4410 2.43948 0
4420 2.39441 0
4430 2.34955 0
4440 2.30374 0
4450 2.24252 0
4460 2.15588 0
4470 2.06177 0
4480 2.01648 0
4490 1.9837 0
4500 1.94858 0
4510 1.91249 0
4520 1.87461 0
4530 1.84353 0
4540 1.80749 0
4550 1.76352 0
4560 1.71493 0
4570 1.66058 0
4580 1.59769 0
4590 1.52837 0
4600 1.44931 0
4610 1.36816 0
4620 1.27879 0
4630 1.18769 0
4640 1.09375 0
4650 0.998923 0
4660 0.9072 0
4670 0.818679 0
4680 0.736606 0
4690 0.663099 0
4700 0.599528 0
4710 0.547331 0
4720 0.507397 0
4730 0.479529 0
4740 0.463379 0
4750 0.458326 0
4760 0.463172 0
4770 0.476369 0
4780 0.496635 0
4790 0.522567 0
4800 0.553118 0
4810 0.58757 0
4820 0.625416 0
4830 0.666375 0
4840 0.710626 0
4850 0.758645 0
4860 0.811096 0
4870 0.869651 0
4880 0.939578 0
4890 1.04727 0
4900 1.23589 0
4910 1.4365 0
4920 1.61051 0
4930 1.76982 0
4940 1.91068 0
4950 2.04284 0
4960 2.15285 0
4970 2.23843 0
4980 2.31413 0
4990 2.37978 0
5000 2.42099 0
5010 2.468 0
5020 2.49816 0
5030 2.51567 0
5040 2.54222 0
5050 2.54388 0
5060 2.5375 0
5070 2.52554 0
5080 2.5047 0
5090 2.47887 0
5100 2.44598 0
5110 2.41055 0
5120 2.37349 0
5130 2.33364 0
5140 2.29356 0
5150 2.25234 0
5160 2.20606 0
5170 2.16232 0
5180 2.11325 0
5190 2.06324 0
5200 2.0119 0
5210 1.95943 0
5220 1.90626 0
5230 1.8525 0
5240 1.79865 0
5250 1.74436 0
5260 1.68836 0
5270 1.63281 0
5280 1.57719 0
5290 1.52907 0
5300 1.51876 0
5310 1.51136 0
5320 1.50384 0
5330 1.49106 0
5340 1.4804 0
5350 1.46598 0
5360 1.45163 0
5370 1.4326 0
5380 1.41341 0
5390 1.39356 0
5400 1.37345 0
5410 1.34744 0
5420 1.31971 0
5430 1.28946 0
5440 1.25157 0
5450 1.21806 0
5460 1.17993 0
5470 1.14331 0
5480 1.10652 0
5490 1.07399 0
5500 1.05479 0
5510 1.03773 0
5520 1.01997 0
5530 1.00629 0
5540 0.98855 0
5550 0.96613 0
5560 0.941096 0
5570 0.910416 0
5580 0.878075 0
5590 0.844426 0
5600 0.781341 0
5610 0.686411 0
5620 0.598814 0
5630 0.526596 0
5640 0.47234 0
5650 0.428629 0
5660 0.389155 0
5670 0.354858 0
5680 0.324995 0
5690 0.29962 0
5700 0.278166 0
5710 0.260162 0
5720 0.245163 0
5730 0.23255 0
5740 0.221795 0
5750 0.212579 0
5760 0.204567 0
5770 0.197979 0
5780 0.192518 0
5790 0.188266 0
5800 0.185314 0
5810 0.182555 0
5820 0.180661 0
5830 0.180657 0
5840 0.183015 0
5850 0.187761 0
5860 0.194923 0
5870 0.204217 0
5880 0.215411 0
5890 0.228194 0
5900 0.242297 0
5910 0.257481 0
5920 0.273551 0
5930 0.290317 0
5940 0.307597 0
5950 0.325268 0
5960 0.343239 0
5970 0.361465 0
5980 0.379891 0
5990 0.398508 0
6000 0.417291 0
6010 0.436217 0
6020 0.45531 0
6030 0.47458 0
6040 0.494135 0
6050 0.514204 0
6060 0.535134 0
6070 0.55751 0
6080 0.581581 0
6090 0.607696 0
6100 0.63582 0
6110 0.666021 0
6120 0.698303 0
6130 0.732779 0
6140 0.770646 0
6150 0.813211 0
6160 0.872287 0
6170 0.963233 0
6180 1.06938 0
6190 1.16521 0
6200 1.25559 0
6210 1.33797 0
6220 1.41031 0
6230 1.47901 0
6240 1.54414 0
6250 1.59713 0
6260 1.64613 0
6270 1.69108 0
6280 1.72258 0
6290 1.75001 0
6300 1.77335 0
6310 1.79257 0
6320 1.80771 0
6330 1.819 0
6340 1.81736 0
6350 1.82122 0
6360 1.81194 0
6370 1.79932 0
6380 1.78349 0
6390 1.76457 0
6400 1.74273 0
6410 1.71823 0
6420 1.69203 0
6430 1.66416 0
6440 1.63553 0
6450 1.60731 0
6460 1.58163 0
6470 1.55861 0
6480 1.53624 0
6490 1.51425 0
6500 1.49222 0
6510 1.47152 0
6520 1.45112 0
6530 1.43054 0
6540 1.41024 0
6550 1.38976 0
6560 1.37015 0
6570 1.34964 0
6580 1.3307 0
6590 1.31162 0
6600 1.29409 0
6610 1.28031 0
6620 1.27187 0
6630 1.26485 0
6640 1.25696 0
6650 1.25059 0
6660 1.24346 0
6670 1.23487 0
6680 1.22731 0
6690 1.21831 0
6700 1.20932 0
6710 1.20017 0
6720 1.19226 0
6730 1.18218 0
6740 1.17362 0
6750 1.16352 0
6760 1.15349 0
6770 1.14339 0
6780 1.13061 0
6790 1.11948 0
6800 1.10738 0
6810 1.09611 0
6820 1.08309 0
6830 1.06975 0
6840 1.05624 0
6850 1.04281 0
6860 1.02955 0
6870 1.01628 0
6880 1.00294 0
6890 0.990535 0
6900 0.979624 0
6910 0.96991 0
6920 0.959801 0
6930 0.949368 0
6940 0.939016 0
6950 0.929629 0
6960 0.92142 0
6970 0.914468 0
6980 0.907966 0
6990 0.901629 0
7000 0.895598 0
7010 0.889156 0
7020 0.883026 0
7030 0.877571 0
7040 0.871652 0
7050 0.865878 0
7060 0.860234 0
7070 0.853254 0
7080 0.843796 0
7090 0.834773 0
7100 0.827948 0
7110 0.803597 0
7120 0.760749 0
7130 0.733455 0
7140 0.720883 0
7150 0.708677 0
7160 0.696323 0
7170 0.683355 0
7180 0.670047 0
7190 0.65616 0
7200 0.641914 0
7210 0.619792 0
7220 0.589341 0
7230 0.56506 0
7240 0.547185 0
7250 0.529449 0
7260 0.511241 0
7270 0.492872 0
7280 0.474083 0
7290 0.455159 0
7300 0.435928 0
7310 0.416506 0
7320 0.397087 0
7330 0.377586 0
7340 0.358224 0
7350 0.339586 0
7360 0.321955 0
7370 0.304694 0
7380 0.28726 0
7390 0.269975 0
7400 0.254197 0
7410 0.239668 0
7420 0.225394 0
7430 0.210451 0
7440 0.195365 0
7450 0.181009 0
7460 0.16776 0
7470 0.155492 0
7480 0.144267 0
7490 0.134019 0
7500 0.124838 0
7510 0.116605 0
7520 0.109413 0
7530 0.103098 0
7540 0.0977313 0
7550 0.0931491 0
7560 0.0893659 0
7570 0.086251 0
7580 0.0837918 0
7590 0.0819125 0
7600 0.0806507 0
7610 0.0805724 0
7620 0.0810927 0
7630 0.0817643 0
7640 0.0826113 0
7650 0.0914293 0
7660 0.133726 0
7670 0.187259 0
7680 0.218189 0
7690 0.237352 0
7700 0.240299 0
7710 0.242516 0
7720 0.242817 0
7730 0.239832 0
7740 0.235857 0
7750 0.235982 0
7760 0.279208 0
7770 0.410133 0
7780 0.559758 0
7790 0.684036 0
7800 0.760043 0
7810 0.785748 0
7820 0.809892 0
7830 0.820207 0
7840 0.826064 0
7850 0.829207 0
7860 0.829691 0
7870 0.827936 0
7880 0.824524 0
7890 0.820025 0
7900 0.813653 0
7910 0.806758 0
7920 0.798627 0
7930 0.789875 0
7940 0.780553 0
7950 0.770871 0
7960 0.760938 0
7970 0.75085 0
7980 0.741472 0
7990 0.737024 0
8000 0.740886 0
8010 0.75325 0
8020 0.766862 0
8030 0.775774 0
8040 0.777299 0
8050 0.773139 0
8060 0.767408 0
8070 0.76139 0
8080 0.755166 0
8090 0.748863 0
8100 0.742586 0
8110 0.736341 0
8120 0.730223 0
8130 0.72418 0
8140 0.718238 0
8150 0.712503 0
8160 0.706821 0
8170 0.701359 0
8180 0.695997 0
8190 0.690765 0
8200 0.685716 0
8210 0.680776 0
8220 0.675935 0
8230 0.671196 0
8240 0.666344 0
8250 0.661516 0
8260 0.656982 0
8270 0.652653 0
8280 0.648397 0
8290 0.644277 0
8300 0.63957 0
8310 0.633892 0
8320 0.627625 0
8330 0.62189 0
8340 0.617083 0
8350 0.612863 0
8360 0.60867 0
8370 0.604469 0
8380 0.600278 0
8390 0.596115 0
8400 0.591873 0
8410 0.587663 0
8420 0.583408 0
8430 0.579113 0
8440 0.574795 0
8450 0.570394 0
8460 0.565961 0
8470 0.561459 0
8480 0.556871 0
8490 0.552222 0
8500 0.547443 0
8510 0.542607 0
8520 0.537666 0
8530 0.532568 0
8540 0.527396 0
8550 0.522113 0
8560 0.516666 0
8570 0.511107 0
8580 0.50541 0
8590 0.499607 0
8600 0.493635 0
8610 0.487509 0
8620 0.481273 0
8630 0.474922 0
8640 0.468583 0
8650 0.462211 0
8660 0.456622 0
8670 0.451161 0
8680 0.445557 0
8690 0.439986 0
8700 0.433779 0
8710 0.42753 0
8720 0.421106 0
8730 0.414192 0
8740 0.407166 0
8750 0.399916 0
8760 0.392582 0
8770 0.384634 0
8780 0.376928 0
8790 0.368711 0
8800 0.360296 0
8810 0.352238 0
8820 0.343599 0
8830 0.334586 0
8840 0.325946 0
8850 0.317226 0
8860 0.309785 0
8870 0.303305 0
8880 0.297903 0
8890 0.292435 0
8900 0.286228 0
8910 0.279641 0
8920 0.272508 0
8930 0.265695 0
8940 0.258984 0
8950 0.25261 0
8960 0.246683 0
8970 0.241314 0
8980 0.236598 0
8990 0.232549 0
9000 0.229188 0

