3500 0.150163 0
3510 0.164998 0
3520 0.184678 0
3530 0.208017 0
3540 0.232747 0
3550 0.253887 0
3560 0.239298 0
3570 0.220705 0
3580 0.206361 0
3590 0.19275 0
3600 0.186561 0
3610 0.183459 0
3620 0.178311 0
3630 0.177921 0
3640 0.181656 0
3650 0.191249 0
3660 0.19936 0
3670 0.20567 0
3680 0.215214 0
3690 0.227048 0
3700 0.240627 0
3710 0.257633 0
3720 0.279027 0
3730 0.307029 0
3740 0.33969 0
3750 0.378219 0
3760 0.420854 0
3770 0.465257 0
3780 0.517453 0
3790 0.558373 0
3800 0.56107 0
3810 0.555188 0
3820 0.551272 0
3830 0.554219 0
3840 0.562291 0
3850 0.575482 0
3860 0.593538 0
3870 0.616463 0
3880 0.644372 0
3890 0.678034 0
3900 0.715664 0
3910 0.697555 0
3920 0.628965 0
3930 0.570812 0
3940 0.521303 0
3950 0.482994 0
3960 0.448843 0
3970 0.428188 0
3980 0.415871 0
3990 0.410532 0
4000 0.402308 0
4010 0.383021 0
4020 0.367325 0
4030 0.35494 0
4040 0.34981 0
4050 0.336186 0
4060 0.327801 0
4070 0.31573 0
4080 0.305419 0
4090 0.302081 0
4100 0.296413 0
4110 0.292034 0
4120 0.291496 0
4130 0.28583 0
4140 0.275828 0
4150 0.267273 0
4160 0.255592 0
4170 0.246748 0
4180 0.243067 0
4190 0.241052 0
4200 0.24527 0
4210 0.255373 0
4220 0.269201 0
4230 0.286144 0
4240 0.308832 0
4250 0.335303 0
4260 0.36522 0
4270 0.403554 0
4280 0.444637 0
4290 0.490786 0
4300 0.543038 0
4310 0.600391 0
4320 0.663719 0
4330 0.733332 0
4340 0.80427 0
4350 0.875672 0
4360 0.944557 0
4370 1.01476 0
4380 1.06204 0
4390 1.11979 0
4400 1.18635 0
4410 1.26232 0
4420 1.34378 0
4430 1.43135 0
4440 1.51079 0
4450 1.60036 0
4460 1.68192 0
4470 1.7299 0
4480 1.74033 0
4490 1.75678 0
4500 1.76639 0
4510 1.7658 0
4520 1.77104 0
4530 1.77737 0
4540 1.77585 0
4550 1.76918 0
4560 1.7536 0
4570 1.72009 0
4580 1.69098 0
4590 1.66917 0
4600 1.65257 0
4610 1.64157 0
4620 1.62723 0
4630 1.61567 0
4640 1.62115 0
4650 1.63376 0
4660 1.68295 0
4670 1.70596 0
4680 1.72458 0
4690 1.73207 0
4700 1.72665 0
4710 1.72849 0
4720 1.69649 0
4730 1.60119 0
4740 1.53317 0
4750 1.46817 0
4760 1.38672 0
4770 1.32155 0
4780 1.26949 0
4790 1.21428 0
4800 1.15528 0
4810 1.10627 0
4820 1.06285 0
4830 1.01962 0
4840 0.982535 0
4850 0.954186 0
4860 0.930768 0
4870 0.914159 0
4880 0.902175 0
4890 0.894819 0
4900 0.887468 0
4910 0.882697 0
4920 0.882331 0
4930 0.883471 0
4940 0.886873 0
4950 0.894566 0
4960 0.906104 0
4970 0.922009 0
4980 0.942424 0
4990 0.965763 0
5000 0.991571 0
5010 1.02151 0
5020 1.0537 0
5030 1.09613 0
5040 1.14935 0
5050 1.20654 0
5060 1.26671 0
5070 1.3658 0
5080 1.46113 0
5090 1.5464 0
5100 1.62421 0
5110 1.71351 0
5120 1.79094 0
5130 1.85391 0
5140 1.88403 0
5150 1.91036 0
5160 1.93688 0
5170 1.96222 0
5180 2.00401 0
5190 2.04481 0
5200 2.08535 0
5210 2.12717 0
5220 2.19026 0
5230 2.26267 0
5240 2.33027 0
5250 2.39415 0
5260 2.47621 0
5270 2.55256 0
5280 2.6198 0
5290 2.66976 0
5300 2.69622 0
5310 2.71525 0
5320 2.72779 0
5330 2.7326 0
5340 2.72286 0
5350 2.70565 0
5360 2.68271 0
5370 2.65418 0
5380 2.62019 0
5390 2.5773 0
5400 2.51916 0
5410 2.45121 0
5420 2.38777 0
5430 2.33057 0
5440 2.26809 0
5450 2.19448 0
5460 2.09528 0
5470 1.98791 0
5480 1.88284 0
5490 1.78984 0
5500 1.69582 0
5510 1.60278 0
5520 1.5191 0
5530 1.43251 0
5540 1.34844 0
5550 1.27706 0
5560 1.20991 0
5570 1.14627 0
5580 1.08889 0
5590 1.03556 0
5600 0.986142 0
5610 0.938232 0
5620 0.892936 0
5630 0.850331 0
5640 0.811163 0
5650 0.774896 0
5660 0.73895 0
5670 0.705385 0
5680 0.676526 0
5690 0.650647 0
5700 0.627757 0
5710 0.609759 0
5720 0.594267 0
5730 0.581148 0
5740 0.571419 0
5750 0.567195 0
5760 0.567861 0
5770 0.570987 0
5780 0.577498 0
5790 0.588579 0
5800 0.602975 0
5810 0.627063 0
5820 0.66014 0
5830 0.708727 0
5840 0.758979 0
5850 0.811375 0
5860 0.871883 0
5870 0.929867 0
5880 0.98679 0
5890 1.04628 0
5900 1.10065 0
5910 1.12699 0
5920 1.14511 0
5930 1.16062 0
5940 1.16796 0
5950 1.17496 0
5960 1.17577 0
5970 1.16091 0
5980 1.14238 0
5990 1.1321 0
6000 1.11949 0
6010 1.09848 0
6020 1.0749 0
6030 1.06454 0
6040 1.05656 0
6050 1.04672 0
6060 1.03847 0
6070 1.02978 0
6080 1.01575 0
6090 1.0008 0
6100 0.989546 0
6110 0.976013 0
6120 0.95791 0
6130 0.942929 0
6140 0.929617 0
6150 0.916549 0
6160 0.90317 0
6170 0.889524 0
6180 0.870102 0
6190 0.849533 0
6200 0.832037 0
6210 0.811207 0
6220 0.785835 0
6230 0.762805 0
6240 0.744535 0
6250 0.728917 0
6260 0.716013 0
6270 0.704821 0
6280 0.694601 0
6290 0.689481 0
6300 0.695403 0
6310 0.703848 0
6320 0.715089 0
6330 0.726611 0
6340 0.735009 0
6350 0.741802 0
6360 0.757016 0
6370 0.763933 0
6380 0.757417 0
6390 0.753228 0
6400 0.759495 0
6410 0.769712 0
6420 0.777393 0
6430 0.783639 0
6440 0.786064 0
6450 0.784834 0
6460 0.782698 0
6470 0.781924 0
6480 0.780782 0
6490 0.773678 0
6500 0.765697 0
6510 0.761693 0
6520 0.759505 0
6530 0.756365 0
6540 0.752917 0
6550 0.748797 0
6560 0.739502 0
6570 0.725354 0
6580 0.716319 0
6590 0.712339 0
6600 0.705948 0
6610 0.700005 0
6620 0.702154 0
6630 0.70472 0
6640 0.705659 0
6650 0.7049 0
6660 0.700835 0
6670 0.696381 0
6680 0.693832 0
6690 0.691812 0
6700 0.68551 0
6710 0.676531 0
6720 0.671376 0
6730 0.667479 0
6740 0.662324 0
6750 0.659153 0
6760 0.657032 0
6770 0.656948 0
6780 0.660595 0
6790 0.674359 0
6800 0.690125 0
6810 0.70443 0
6820 0.716299 0
6830 0.726989 0
6840 0.735807 0
6850 0.742296 0
6860 0.745988 0
6870 0.746691 0
6880 0.740344 0
6890 0.727487 0
6900 0.712592 0
6910 0.701181 0
6920 0.69367 0
6930 0.684883 0
6940 0.675923 0
6950 0.666791 0
6960 0.658042 0
6970 0.647679 0
6980 0.637075 0
6990 0.63338 0
7000 0.632641 0
7010 0.632458 0
7020 0.63156 0
7030 0.629789 0
7040 0.628912 0
7050 0.628036 0
7060 0.626719 0
7070 0.626017 0
7080 0.627446 0
7090 0.628841 0
7100 0.630632 0
7110 0.63277 0
7120 0.634402 0
7130 0.638362 0
7140 0.641568 0
7150 0.644507 0
7160 0.646661 0
7170 0.646046 0
7180 0.642881 0
7190 0.63784 0
7200 0.630959 0
7210 0.623229 0
7220 0.615914 0
7230 0.605758 0
7240 0.593115 0
7250 0.5788 0
7260 0.565631 0
7270 0.554549 0
7280 0.544304 0
7290 0.534855 0
7300 0.527538 0
7310 0.520701 0
7320 0.513547 0
7330 0.508414 0
7340 0.509174 0
7350 0.511511 0
7360 0.512733 0
7370 0.512872 0
7380 0.513172 0
7390 0.513406 0
7400 0.513353 0
7410 0.513545 0
7420 0.51511 0
7430 0.515165 0
7440 0.513041 0
7450 0.512381 0
7460 0.511781 0
7470 0.511875 0
7480 0.513334 0
7490 0.515084 0
7500 0.517148 0
7510 0.518127 0
7520 0.518482 0
7530 0.518791 0
7540 0.517691 0
7550 0.515738 0
7560 0.514015 0
7570 0.512911 0
7580 0.511758 0
7590 0.513367 0
7600 0.517366 0
7610 0.52331 0
7620 0.529606 0
7630 0.536823 0
7640 0.544873 0
7650 0.552523 0
7660 0.56089 0
7670 0.57034 0
7680 0.579424 0
7690 0.586176 0
7700 0.591602 0
7710 0.598997 0
7720 0.608329 0
7730 0.616494 0
7740 0.621898 0
7750 0.628005 0
7760 0.63463 0
7770 0.628271 0
7780 0.609448 0
7790 0.592589 0
7800 0.591134 0
7810 0.586432 0
7820 0.579772 0
7830 0.572377 0
7840 0.565422 0
7850 0.558467 0
7860 0.551492 0
7870 0.544252 0
7880 0.530868 0
7890 0.513747 0
7900 0.496754 0
7910 0.488489 0
7920 0.479686 0
7930 0.470982 0
7940 0.462195 0
7950 0.453729 0
7960 0.445421 0
7970 0.437204 0
7980 0.429203 0
7990 0.421395 0
8000 0.413528 0
8010 0.405321 0
8020 0.397421 0
8030 0.39044 0
8040 0.383297 0
8050 0.375781 0
8060 0.368494 0
8070 0.362035 0
8080 0.355528 0
8090 0.349111 0
8100 0.342691 0
8110 0.336345 0
8120 0.329051 0
8130 0.321246 0
8140 0.313161 0
8150 0.306174 0
8160 0.299679 0
8170 0.292383 0
8180 0.284813 0
8190 0.27741 0
8200 0.271725 0
8210 0.266582 0
8220 0.261959 0
8230 0.258132 0
8240 0.255722 0
8250 0.253938 0
8260 0.252585 0
8270 0.252923 0
8280 0.265311 0
8290 0.277966 0
8300 0.290107 0
8310 0.301935 0
8320 0.313035 0
8330 0.323248 0
8340 0.332857 0
8350 0.341303 0
8360 0.349394 0
8370 0.356367 0
8380 0.362041 0
8390 0.365974 0
8400 0.375298 0
8410 0.384162 0
8420 0.390951 0
8430 0.396881 0
8440 0.40188 0
8450 0.407584 0
8460 0.412786 0
8470 0.418029 0
8480 0.422376 0
8490 0.426733 0
8500 0.428438 0
8510 0.424576 0
8520 0.420979 0
8530 0.41743 0
8540 0.414031 0
8550 0.41058 0
8560 0.408247 0
8570 0.406822 0
8580 0.403905 0
8590 0.400438 0
8600 0.396823 0
8610 0.395427 0
8620 0.393795 0
8630 0.392272 0
8640 0.391024 0
8650 0.391618 0
8660 0.39248 0
8670 0.392784 0
8680 0.392261 0
8690 0.391592 0
8700 0.393694 0
8710 0.397109 0
8720 0.399505 0
8730 0.40192 0
8740 0.404592 0
8750 0.407185 0
8760 0.408713 0
8770 0.40868 0
8780 0.408651 0
8790 0.406404 0
8800 0.404119 0
8810 0.401068 0
8820 0.397989 0
8830 0.394121 0
8840 0.389159 0
8850 0.383666 0
8860 0.378404 0
8870 0.372044 0
8880 0.365773 0
8890 0.359256 0
8900 0.353683 0
8910 0.348102 0
8920 0.342156 0
8930 0.335846 0
8940 0.329289 0
8950 0.322753 0
8960 0.316651 0
8970 0.312744 0
8980 0.309047 0
8990 0.305483 0
9000 0.30187 0

