3300 2.12851 0
3310 2.04904 0
3320 1.96703 0
3330 1.91691 0
3340 1.87517 0
3350 1.85532 0
3360 1.92511 0
3370 1.987 0
3380 1.76415 0
3390 1.54277 0
3400 1.29007 0
3410 1.07797 0
3420 0.93595 0
3430 0.807913 0
3440 0.68178 0
3450 0.593689 0
3460 0.521015 0
3470 0.456432 0
3480 0.461328 0
3490 0.467352 0
3500 0.48418 0
3510 0.496993 0
3520 0.517155 0
3530 0.534105 0
3540 0.576501 0
3550 0.633235 0
3560 0.754083 0
3570 0.95494 0
3580 1.15272 0
3590 1.32264 0
3600 1.49739 0
3610 1.65243 0
3620 1.80417 0
3630 1.92488 0
3640 2.0873 0
3650 2.20015 0
3660 2.30549 0
3670 2.41034 0
3680 2.46823 0
3690 2.56609 0
3700 2.61409 0
3710 2.67222 0
3720 2.70036 0
3730 2.72106 0
3740 2.74996 0
3750 2.76483 0
3760 2.77404 0
3770 2.78856 0
3780 2.82184 0
3790 2.8251 0
3800 2.85205 0
3810 2.86754 0
3820 2.88541 0
3830 2.90318 0
3840 2.90599 0
3850 2.92402 0
3860 2.92332 0
3870 2.94028 0
3880 2.95366 0
3890 2.95115 0
3900 2.95753 0
3910 2.95822 0
3920 2.97209 0
3930 2.97595 0
3940 2.9584 0
3950 2.96167 0
3960 2.95992 0
3970 2.96761 0
3980 2.96251 0
3990 2.95795 0
4000 2.95819 0
4010 2.95266 0
4020 2.95162 0
4030 2.94443 0
4040 2.93241 0
4050 2.9255 0
4060 2.92444 0
4070 2.91025 0
4080 2.91189 0
4090 2.89874 0
4100 2.88846 0
4110 2.87111 0
4120 2.86173 0
4130 2.84384 0
4140 2.83644 0
4150 2.81928 0
4160 2.8057 0
4170 2.79307 0
4180 2.77782 0
4190 2.76005 0
4200 2.74501 0
4210 2.7231 0
4220 2.70801 0
4230 2.68679 0
4240 2.6652 0
4250 2.6464 0
4260 2.62597 0
4270 2.60519 0
4280 2.58585 0
4290 2.57096 0
4300 2.55367 0
4310 2.53738 0
4320 2.5215 0
4330 2.50574 0
4340 2.49034 0
4350 2.47519 0
4360 2.46057 0
4370 2.4463 0
4380 2.42915 0
4390 2.41568 0
4400 2.40229 0
4410 2.3893 0
4420 2.37362 0
4430 2.3613 0
4440 2.34602 0
4450 2.33368 0
4460 2.31518 0
4470 2.28948 0
4480 2.26469 0
4490 2.23631 0
4500 2.20692 0
4510 2.18164 0
4520 2.15495 0
4530 2.12666 0
4540 2.09697 0
4550 2.06664 0
4560 2.03438 0
4570 2.00096 0
4580 1.96699 0
4590 1.93854 0
4600 1.92347 0
4610 1.9204 0
4620 1.92102 0
4630 1.9155 0
4640 1.91429 0
4650 1.9164 0
4660 1.92755 0
4670 1.92894 0
4680 1.93496 0
4690 1.93529 0
4700 1.94153 0
4710 1.95273 0
4720 1.95359 0
4730 1.95573 0
4740 1.96719 0
4750 1.97141 0
4760 1.97656 0
4770 1.98191 0
4780 1.98839 0
4790 1.9957 0
4800 2.00309 0
4810 2.0118 0
4820 2.00726 0
4830 2.01623 0
4840 2.02553 0
4850 2.02231 0
4860 2.03178 0
4870 2.02909 0
4880 2.03869 0
4890 2.03584 0
4900 2.04238 0
4910 2.04256 0
4920 2.04868 0
4930 2.0455 0
4940 2.04553 0
4950 2.05091 0
4960 2.04675 0
4970 2.04263 0
4980 2.04179 0
4990 2.03735 0
5000 2.04127 0
5010 2.03586 0
5020 2.03022 0
5030 2.02432 0
5040 2.01816 0
5050 2.01172 0
5060 2.00503 0
5070 1.99808 0
5080 1.99091 0
5090 1.98352 0
5100 1.97597 0
5110 1.96821 0
5120 1.96028 0
5130 1.95216 0
5140 1.94401 0
5150 1.93584 0
5160 1.92777 0
5170 1.91964 0
5180 1.91146 0
5190 1.90313 0
5200 1.89487 0
5210 1.88682 0
5220 1.87872 0
5230 1.87057 0
5240 1.8625 0
5250 1.85459 0
5260 1.84644 0
5270 1.8377 0
5280 1.82877 0
5290 1.81855 0
5300 1.80806 0
5310 1.79771 0
5320 1.78686 0
5330 1.7761 0
5340 1.76495 0
5350 1.75374 0
5360 1.74221 0
5370 1.73049 0
5380 1.71855 0
5390 1.7065 0
5400 1.69403 0
5410 1.68157 0
5420 1.66992 0
5430 1.65932 0
5440 1.65051 0
5450 1.64485 0
5460 1.64001 0
5470 1.63391 0
5480 1.62871 0
5490 1.62456 0
5500 1.61977 0
5510 1.61592 0
5520 1.61252 0
5530 1.60872 0
5540 1.60361 0
5550 1.60172 0
5560 1.5973 0
5570 1.59313 0
5580 1.59127 0
5590 1.58756 0
5600 1.58406 0
5610 1.56725 0
5620 1.54063 0
5630 1.5052 0
5640 1.46831 0
5650 1.42834 0
5660 1.3866 0
5670 1.34551 0
5680 1.30358 0
5690 1.26174 0
5700 1.21682 0
5710 1.17365 0
5720 1.12694 0
5730 1.08476 0
5740 1.04407 0
5750 1.00151 0
5760 0.962114 0
5770 0.927663 0
5780 0.898607 0
5790 0.885681 0
5800 0.891251 0
5810 0.896468 0
5820 0.896411 0
5830 0.903112 0
5840 0.911147 0
5850 0.924869 0
5860 0.94452 0
5870 0.961364 0
5880 0.98448 0
5890 1.00518 0
5900 1.0243 0
5910 1.04721 0
5920 1.06362 0
5930 1.08046 0
5940 1.09715 0
5950 1.11563 0
5960 1.1343 0
5970 1.15214 0
5980 1.17212 0
5990 1.19047 0
6000 1.21111 0
6010 1.22435 0
6020 1.24453 0
6030 1.26366 0
6040 1.27031 0
6050 1.28864 0
6060 1.30937 0
6070 1.31349 0
6080 1.33242 0
6090 1.33762 0
6100 1.3553 0
6110 1.35931 0
6120 1.37768 0
6130 1.38035 0
6140 1.39116 0
6150 1.39993 0
6160 1.40202 0
6170 1.41171 0
6180 1.41849 0
6190 1.41952 0
6200 1.42847 0
6210 1.42887 0
6220 1.43407 0
6230 1.43286 0
6240 1.43924 0
6250 1.43793 0
6260 1.43671 0
6270 1.43513 0
6280 1.43798 0
6290 1.44294 0
6300 1.43923 0
6310 1.43524 0
6320 1.43103 0
6330 1.42659 0
6340 1.42197 0
6350 1.41706 0
6360 1.41187 0
6370 1.40638 0
6380 1.40065 0
6390 1.39463 0
6400 1.38838 0
6410 1.38187 0
6420 1.37527 0
6430 1.3684 0
6440 1.36123 0
6450 1.35387 0
6460 1.34627 0
6470 1.33875 0
6480 1.33134 0
6490 1.32392 0
6500 1.31664 0
6510 1.30944 0
6520 1.30182 0
6530 1.29417 0
6540 1.2869 0
6550 1.27967 0
6560 1.27276 0
6570 1.26527 0
6580 1.25779 0
6590 1.25065 0
6600 1.2436 0
6610 1.23633 0
6620 1.22904 0
6630 1.22214 0
6640 1.21515 0
6650 1.20788 0
6660 1.20124 0
6670 1.19449 0
6680 1.18735 0
6690 1.18095 0
6700 1.17438 0
6710 1.16739 0
6720 1.1614 0
6730 1.1548 0
6740 1.14837 0
6750 1.14262 0
6760 1.1359 0
6770 1.13038 0
6780 1.12412 0
6790 1.11838 0
6800 1.1127 0
6810 1.10683 0
6820 1.10154 0
6830 1.09572 0
6840 1.09067 0
6850 1.08503 0
6860 1.08008 0
6870 1.07477 0
6880 1.06977 0
6890 1.0649 0
6900 1.05972 0
6910 1.05532 0
6920 1.05027 0
6930 1.04577 0
6940 1.04097 0
6950 1.03596 0
6960 1.03139 0
6970 1.02674 0
6980 1.0227 0
6990 1.01866 0
7000 1.01482 0
7010 1.01097 0
7020 1.0071 0
7030 1.00321 0
7040 0.999138 0
7050 0.994911 0
7060 0.990751 0
7070 0.986477 0
7080 0.981981 0
7090 0.977137 0
7100 0.972185 0
7110 0.967254 0
7120 0.962268 0
7130 0.957262 0
7140 0.952367 0
7150 0.948048 0
7160 0.943897 0
7170 0.939533 0
7180 0.934941 0
7190 0.930448 0
7200 0.92617 0
7210 0.921381 0
7220 0.917188 0
7230 0.91272 0
7240 0.908201 0
7250 0.903532 0
7260 0.89947 0
7270 0.895005 0
7280 0.890259 0
7290 0.882886 0
7300 0.874566 0
7310 0.8655 0
7320 0.856355 0
7330 0.824532 0
7340 0.79091 0
7350 0.761133 0
7360 0.732075 0
7370 0.694456 0
7380 0.668382 0
7390 0.633152 0
7400 0.604338 0
7410 0.575651 0
7420 0.544615 0
7430 0.509395 0
7440 0.475025 0
7450 0.438659 0
7460 0.402562 0
7470 0.375642 0
7480 0.339616 0
7490 0.314166 0
7500 0.279433 0
7510 0.257336 0
7520 0.234514 0
7530 0.213151 0
7540 0.195065 0
7550 0.18634 0
7560 0.178326 0
7570 0.172918 0
7580 0.166301 0
7590 0.162156 0
7600 0.156978 0
7610 0.15396 0
7620 0.151872 0
7630 0.148697 0
7640 0.148298 0
7650 0.149819 0
7660 0.152932 0
7670 0.157084 0
7680 0.162771 0
7690 0.169509 0
7700 0.176396 0
7710 0.18321 0
7720 0.191217 0
7730 0.19881 0
7740 0.205347 0
7750 0.213017 0
7760 0.223603 0
7770 0.246188 0
7780 0.269101 0
7790 0.29069 0
7800 0.310889 0
7810 0.332264 0
7820 0.354271 0
7830 0.3739 0
7840 0.389279 0
7850 0.407979 0
7860 0.427899 0
7870 0.441868 0
7880 0.459884 0
7890 0.475471 0
7900 0.488047 0
7910 0.503405 0
7920 0.518259 0
7930 0.534791 0
7940 0.547553 0
7950 0.560778 0
7960 0.571395 0
7970 0.580035 0
7980 0.588675 0
7990 0.597463 0
8000 0.609429 0
8010 0.624939 0
8020 0.640223 0
8030 0.648829 0
8040 0.661047 0
8050 0.674754 0
8060 0.68923 0
8070 0.694743 0
8080 0.707907 0
8090 0.715703 0
8100 0.725369 0
8110 0.739742 0
8120 0.74204 0
8130 0.754811 0
8140 0.758747 0
8150 0.771372 0
8160 0.773856 0
8170 0.786277 0
8180 0.787189 0
8190 0.784078 0
8200 0.785924 0
8210 0.783647 0
8220 0.782221 0
8230 0.782924 0
8240 0.779725 0
8250 0.780657 0
8260 0.780526 0
8270 0.777584 0
8280 0.778286 0
8290 0.777406 0
8300 0.774193 0
8310 0.776064 0
8320 0.775802 0
8330 0.771592 0
8340 0.770798 0
8350 0.771842 0
8360 0.771165 0
8370 0.76578 0
8380 0.765981 0
8390 0.765777 0
8400 0.765801 0
8410 0.765097 0
8420 0.760082 0
8430 0.758248 0
8440 0.75581 0
8450 0.752557 0
8460 0.749828 0
8470 0.745052 0
8480 0.738292 0
8490 0.734879 0
8500 0.73089 0
8510 0.727681 0
8520 0.723936 0
8530 0.719972 0
8540 0.716083 0
8550 0.711691 0
8560 0.707246 0
8570 0.703071 0
8580 0.698324 0
8590 0.69421 0
8600 0.691581 0
8610 0.688699 0
8620 0.686643 0
8630 0.684283 0
8640 0.681698 0
8650 0.678294 0
8660 0.675435 0
8670 0.67166 0
8680 0.667937 0
8690 0.665117 0
8700 0.662463 0
8710 0.659625 0
8720 0.656467 0
8730 0.653795 0
8740 0.652193 0
8750 0.649457 0
8760 0.647433 0
8770 0.644654 0
8780 0.641767 0
8790 0.637864 0
8800 0.636679 0
8810 0.633435 0
8820 0.630873 0
8830 0.627818 0
8840 0.623614 0
8850 0.621355 0
8860 0.620745 0
8870 0.618716 0
8880 0.616807 0
8890 0.614014 0
8900 0.615541 0
8910 0.613203 0
8920 0.611019 0
8930 0.610245 0
8940 0.611904 0
8950 0.60952 0
8960 0.60784 0
8970 0.605725 0
8980 0.606788 0
8990 0.605209 0
9000 0.603798 0

