3300 2.32053 0
3310 2.18677 0
3320 1.99689 0
3330 1.81437 0
3340 1.64009 0
3350 1.49054 0
3360 1.324 0
3370 1.20699 0
3380 1.01818 0
3390 0.849839 0
3400 0.713862 0
3410 0.609406 0
3420 0.542621 0
3430 0.487139 0
3440 0.446223 0
3450 0.421792 0
3460 0.404757 0
3470 0.396806 0
3480 0.407022 0
3490 0.418033 0
3500 0.44327 0
3510 0.47063 0
3520 0.50532 0
3530 0.539435 0
3540 0.58373 0
3550 0.621382 0
3560 0.667362 0
3570 0.739038 0
3580 0.844891 0
3590 0.948999 0
3600 1.02764 0
3610 1.11157 0
3620 1.1733 0
3630 1.23589 0
3640 1.27685 0
3650 1.33825 0
3660 1.37622 0
3670 1.41322 0
3680 1.45359 0
3690 1.47237 0
3700 1.51209 0
3710 1.53416 0
3720 1.56008 0
3730 1.60888 0
3740 1.64205 0
3750 1.67476 0
3760 1.76435 0
3770 1.8789 0
3780 1.99685 0
3790 2.1019 0
3800 2.20193 0
3810 2.29762 0
3820 2.4019 0
3830 2.48381 0
3840 2.56608 0
3850 2.64892 0
3860 2.72488 0
3870 2.78923 0
3880 2.86405 0
3890 2.91887 0
3900 2.97357 0
3910 3.02411 0
3920 3.09002 0
3930 3.13548 0
3940 3.15995 0
3950 3.20046 0
3960 3.23485 0
3970 3.27125 0
3980 3.28863 0
3990 3.31382 0
4000 3.34156 0
4010 3.34736 0
4020 3.36988 0
4030 3.36949 0
4040 3.37062 0
4050 3.38169 0
4060 3.37646 0
4070 3.37089 0
4080 3.37986 0
4090 3.36559 0
4100 3.35249 0
4110 3.33717 0
4120 3.31969 0
4130 3.30124 0
4140 3.28195 0
4150 3.25987 0
4160 3.23728 0
4170 3.21248 0
4180 3.18826 0
4190 3.16321 0
4200 3.13781 0
4210 3.11295 0
4220 3.08937 0
4230 3.06475 0
4240 3.03984 0
4250 3.01543 0
4260 2.99093 0
4270 2.96663 0
4280 2.94243 0
4290 2.91824 0
4300 2.8945 0
4310 2.87096 0
4320 2.84622 0
4330 2.79951 0
4340 2.71887 0
4350 2.62026 0
4360 2.51653 0
4370 2.41224 0
4380 2.31062 0
4390 2.20635 0
4400 2.08998 0
4410 1.98516 0
4420 1.88008 0
4430 1.7673 0
4440 1.66332 0
4450 1.54624 0
4460 1.45325 0
4470 1.38314 0
4480 1.31702 0
4490 1.25433 0
4500 1.19625 0
4510 1.14297 0
4520 1.09305 0
4530 1.05033 0
4540 1.01085 0
4550 0.97668 0
4560 0.95014 0
4570 0.930064 0
4580 0.916121 0
4590 0.91585 0
4600 0.955609 0
4610 1.02506 0
4620 1.09901 0
4630 1.16179 0
4640 1.22744 0
4650 1.29768 0
4660 1.37285 0
4670 1.43416 0
4680 1.49816 0
4690 1.5442 0
4700 1.60623 0
4710 1.67111 0
4720 1.71516 0
4730 1.76226 0
4740 1.8253 0
4750 1.8684 0
4760 1.91247 0
4770 1.95339 0
4780 1.99436 0
4790 2.03365 0
4800 2.07236 0
4810 2.10965 0
4820 2.12499 0
4830 2.15825 0
4840 2.19043 0
4850 2.20212 0
4860 2.23112 0
4870 2.23905 0
4880 2.26501 0
4890 2.26892 0
4900 2.28917 0
4910 2.29222 0
4920 2.31126 0
4930 2.30864 0
4940 2.30694 0
4950 2.32111 0
4960 2.31569 0
4970 2.3096 0
4980 2.30872 0
4990 2.30355 0
5000 2.31571 0
5010 2.30813 0
5020 2.30007 0
5030 2.29214 0
5040 2.28257 0
5050 2.27293 0
5060 2.26205 0
5070 2.24916 0
5080 2.23765 0
5090 2.2235 0
5100 2.21056 0
5110 2.19396 0
5120 2.1747 0
5130 2.15109 0
5140 2.12023 0
5150 2.08804 0
5160 2.05785 0
5170 2.02766 0
5180 2.00121 0
5190 1.97145 0
5200 1.94104 0
5210 1.90762 0
5220 1.87805 0
5230 1.84433 0
5240 1.81106 0
5250 1.77715 0
5260 1.74278 0
5270 1.71084 0
5280 1.67809 0
5290 1.65009 0
5300 1.62078 0
5310 1.59021 0
5320 1.56142 0
5330 1.53179 0
5340 1.50103 0
5350 1.47334 0
5360 1.44298 0
5370 1.41373 0
5380 1.38366 0
5390 1.35612 0
5400 1.32932 0
5410 1.30338 0
5420 1.28204 0
5430 1.26813 0
5440 1.26133 0
5450 1.20933 0
5460 1.14523 0
5470 1.05429 0
5480 0.982433 0
5490 0.909802 0
5500 0.846884 0
5510 0.781978 0
5520 0.719853 0
5530 0.66994 0
5540 0.603769 0
5550 0.557718 0
5560 0.507662 0
5570 0.461727 0
5580 0.416096 0
5590 0.371533 0
5600 0.350399 0
5610 0.326063 0
5620 0.321576 0
5630 0.322592 0
5640 0.325953 0
5650 0.330898 0
5660 0.337078 0
5670 0.345923 0
5680 0.356843 0
5690 0.367587 0
5700 0.380448 0
5710 0.393999 0
5720 0.408258 0
5730 0.423377 0
5740 0.43977 0
5750 0.457015 0
5760 0.475043 0
5770 0.494702 0
5780 0.516661 0
5790 0.547363 0
5800 0.601387 0
5810 0.655628 0
5820 0.705931 0
5830 0.754092 0
5840 0.804556 0
5850 0.849257 0
5860 0.892268 0
5870 0.93621 0
5880 0.979104 0
5890 1.02124 0
5900 1.05506 0
5910 1.09576 0
5920 1.12792 0
5930 1.15687 0
5940 1.18822 0
5950 1.21604 0
5960 1.24557 0
5970 1.27136 0
5980 1.29895 0
5990 1.3236 0
6000 1.34947 0
6010 1.37258 0
6020 1.39438 0
6030 1.41824 0
6040 1.42864 0
6050 1.44813 0
6060 1.46963 0
6070 1.47765 0
6080 1.49456 0
6090 1.50346 0
6100 1.51939 0
6110 1.52443 0
6120 1.53894 0
6130 1.54549 0
6140 1.5588 0
6150 1.56106 0
6160 1.5628 0
6170 1.57404 0
6180 1.57794 0
6190 1.57812 0
6200 1.58749 0
6210 1.58708 0
6220 1.5869 0
6230 1.58595 0
6240 1.59422 0
6250 1.59473 0
6260 1.5927 0
6270 1.58997 0
6280 1.58679 0
6290 1.59288 0
6300 1.5886 0
6310 1.584 0
6320 1.57911 0
6330 1.57378 0
6340 1.56855 0
6350 1.56273 0
6360 1.5567 0
6370 1.55021 0
6380 1.5434 0
6390 1.53611 0
6400 1.52868 0
6410 1.52096 0
6420 1.51316 0
6430 1.50517 0
6440 1.49704 0
6450 1.48836 0
6460 1.47899 0
6470 1.47072 0
6480 1.46084 0
6490 1.45217 0
6500 1.44338 0
6510 1.4347 0
6520 1.42619 0
6530 1.41776 0
6540 1.40848 0
6550 1.39999 0
6560 1.39087 0
6570 1.3824 0
6580 1.3738 0
6590 1.36462 0
6600 1.35621 0
6610 1.34681 0
6620 1.33863 0
6630 1.32943 0
6640 1.32102 0
6650 1.31207 0
6660 1.30377 0
6670 1.29463 0
6680 1.28655 0
6690 1.27785 0
6700 1.26895 0
6710 1.26088 0
6720 1.25203 0
6730 1.24332 0
6740 1.23378 0
6750 1.22386 0
6760 1.21336 0
6770 1.20365 0
6780 1.19255 0
6790 1.183 0
6800 1.17289 0
6810 1.16237 0
6820 1.15302 0
6830 1.14198 0
6840 1.13251 0
6850 1.12131 0
6860 1.1117 0
6870 1.10035 0
6880 1.09137 0
6890 1.0799 0
6900 1.07087 0
6910 1.05933 0
6920 1.04957 0
6930 1.03941 0
6940 1.02931 0
6950 1.02092 0
6960 1.01094 0
6970 1.002 0
6980 0.992686 0
6990 0.982794 0
7000 0.973989 0
7010 0.964194 0
7020 0.955019 0
7030 0.94532 0
7040 0.936469 0
7050 0.926559 0
7060 0.916789 0
7070 0.907576 0
7080 0.897697 0
7090 0.888464 0
7100 0.878406 0
7110 0.868571 0
7120 0.858863 0
7130 0.849351 0
7140 0.841411 0
7150 0.837587 0
7160 0.833847 0
7170 0.829901 0
7180 0.824672 0
7190 0.820335 0
7200 0.818323 0
7210 0.812408 0
7220 0.809944 0
7230 0.808382 0
7240 0.805055 0
7250 0.801823 0
7260 0.801326 0
7270 0.79864 0
7280 0.795609 0
7290 0.789015 0
7300 0.781097 0
7310 0.772409 0
7320 0.763992 0
7330 0.729375 0
7340 0.693609 0
7350 0.663001 0
7360 0.633236 0
7370 0.591893 0
7380 0.566907 0
7390 0.531912 0
7400 0.504406 0
7410 0.475223 0
7420 0.445995 0
7430 0.411425 0
7440 0.380515 0
7450 0.347604 0
7460 0.313116 0
7470 0.29143 0
7480 0.259039 0
7490 0.23969 0
7500 0.210622 0
7510 0.194425 0
7520 0.178188 0
7530 0.162908 0
7540 0.150059 0
7550 0.146184 0
7560 0.142793 0
7570 0.14179 0
7580 0.139429 0
7590 0.138928 0
7600 0.137646 0
7610 0.137743 0
7620 0.138504 0
7630 0.138256 0
7640 0.140172 0
7650 0.142794 0
7660 0.144913 0
7670 0.147746 0
7680 0.151583 0
7690 0.156142 0
7700 0.160955 0
7710 0.165963 0
7720 0.173003 0
7730 0.180461 0
7740 0.187676 0
7750 0.195749 0
7760 0.203504 0
7770 0.20985 0
7780 0.218021 0
7790 0.23701 0
7800 0.255544 0
7810 0.275608 0
7820 0.29446 0
7830 0.311358 0
7840 0.327764 0
7850 0.345093 0
7860 0.360703 0
7870 0.378283 0
7880 0.393238 0
7890 0.408079 0
7900 0.42009 0
7910 0.438314 0
7920 0.448622 0
7930 0.460931 0
7940 0.471437 0
7950 0.484036 0
7960 0.494587 0
7970 0.504697 0
7980 0.514709 0
7990 0.523557 0
8000 0.532189 0
8010 0.542916 0
8020 0.553601 0
8030 0.566712 0
8040 0.574916 0
8050 0.586433 0
8060 0.600713 0
8070 0.615035 0
8080 0.617896 0
8090 0.628424 0
8100 0.637033 0
8110 0.642398 0
8120 0.651964 0
8130 0.652742 0
8140 0.664365 0
8150 0.665351 0
8160 0.673421 0
8170 0.674786 0
8180 0.682336 0
8190 0.684092 0
8200 0.693054 0
8210 0.692338 0
8220 0.700226 0
8230 0.698609 0
8240 0.698336 0
8250 0.69148 0
8260 0.69008 0
8270 0.685454 0
8280 0.68211 0
8290 0.678855 0
8300 0.672687 0
8310 0.670611 0
8320 0.668913 0
8330 0.666142 0
8340 0.661155 0
8350 0.658322 0
8360 0.656446 0
8370 0.653045 0
8380 0.646364 0
8390 0.644545 0
8400 0.641038 0
8410 0.640524 0
8420 0.633505 0
8430 0.629621 0
8440 0.626166 0
8450 0.623109 0
8460 0.620434 0
8470 0.616262 0
8480 0.610578 0
8490 0.603687 0
8500 0.597834 0
8510 0.592403 0
8520 0.586951 0
8530 0.581022 0
8540 0.57557 0
8550 0.570345 0
8560 0.56487 0
8570 0.562779 0
8580 0.561023 0
8590 0.56014 0
8600 0.559046 0
8610 0.558585 0
8620 0.559721 0
8630 0.559504 0
8640 0.559737 0
8650 0.558145 0
8660 0.558962 0
8670 0.557246 0
8680 0.555384 0
8690 0.55655 0
8700 0.556151 0
8710 0.555583 0
8720 0.554599 0
8730 0.554966 0
8740 0.554773 0
8750 0.554905 0
8760 0.555496 0
8770 0.552591 0
8780 0.552242 0
8790 0.551542 0
8800 0.553444 0
8810 0.55036 0
8820 0.55062 0
8830 0.550491 0
8840 0.546709 0
8850 0.549168 0
8860 0.549946 0
8870 0.546582 0
8880 0.546805 0
8890 0.545743 0
8900 0.548469 0
8910 0.54612 0
8920 0.54842 0
8930 0.549064 0
8940 0.551596 0
8950 0.550018 0
8960 0.553031 0
8970 0.552892 0
8980 0.552147 0
8990 0.553754 0
9000 0.553203 0

