3500 2.75453 0
3510 2.6573 0
3520 2.65378 0
3530 2.66306 0
3540 2.67277 0
3550 2.70749 0
3560 2.78259 0
3570 2.86432 0
3580 2.92694 0
3590 2.99249 0
3600 3.06015 0
3610 3.14168 0
3620 3.19859 0
3630 3.25507 0
3640 3.29219 0
3650 3.35495 0
3660 3.3506 0
3670 3.35403 0
3680 3.3259 0
3690 3.33099 0
3700 3.28715 0
3710 3.30328 0
3720 3.26827 0
3730 3.22507 0
3740 3.19767 0
3750 3.17445 0
3760 3.1818 0
3770 3.20318 0
3780 3.24658 0
3790 3.24824 0
3800 3.259 0
3810 3.29244 0
3820 3.32475 0
3830 3.35151 0
3840 3.34831 0
3850 3.38003 0
3860 3.39068 0
3870 3.39114 0
3880 3.38574 0
3890 3.41518 0
3900 3.4171 0
3910 3.41093 0
3920 3.42909 0
3930 3.42928 0
3940 3.41899 0
3950 3.42195 0
3960 3.41656 0
3970 3.41648 0
3980 3.40879 0
3990 3.40153 0
4000 3.40375 0
4010 3.38626 0
4020 3.38618 0
4030 3.36926 0
4040 3.35706 0
4050 3.34997 0
4060 3.32911 0
4070 3.31092 0
4080 3.31044 0
4090 3.2888 0
4100 3.26786 0
4110 3.24622 0
4120 3.22407 0
4130 3.20198 0
4140 3.17989 0
4150 3.15771 0
4160 3.1351 0
4170 3.11226 0
4180 3.08933 0
4190 3.06596 0
4200 3.04251 0
4210 3.01999 0
4220 2.99807 0
4230 2.9764 0
4240 2.9548 0
4250 2.93419 0
4260 2.91473 0
4270 2.89452 0
4280 2.87389 0
4290 2.85494 0
4300 2.83456 0
4310 2.81546 0
4320 2.79622 0
4330 2.77702 0
4340 2.75849 0
4350 2.7398 0
4360 2.72158 0
4370 2.70378 0
4380 2.68572 0
4390 2.66879 0
4400 2.65136 0
4410 2.63444 0
4420 2.61821 0
4430 2.60192 0
4440 2.58568 0
4450 2.56816 0
4460 2.5427 0
4470 2.49995 0
4480 2.45327 0
4490 2.40644 0
4500 2.35876 0
4510 2.31023 0
4520 2.26175 0
4530 2.21277 0
4540 2.16387 0
4550 2.1171 0
4560 2.06959 0
4570 2.02256 0
4580 1.97659 0
4590 1.93773 0
4600 1.91509 0
4610 1.90994 0
4620 1.90746 0
4630 1.8966 0
4640 1.8957 0
4650 1.89907 0
4660 1.91413 0
4670 1.92379 0
4680 1.93535 0
4690 1.94002 0
4700 1.95133 0
4710 1.96788 0
4720 1.97221 0
4730 1.97743 0
4740 1.9929 0
4750 2.00019 0
4760 2.00822 0
4770 2.01527 0
4780 2.02383 0
4790 2.03311 0
4800 2.04139 0
4810 2.05177 0
4820 2.04592 0
4830 2.05549 0
4840 2.06444 0
4850 2.05937 0
4860 2.06798 0
4870 2.06291 0
4880 2.07129 0
4890 2.06535 0
4900 2.07024 0
4910 2.06718 0
4920 2.07106 0
4930 2.06437 0
4940 2.06104 0
4950 2.06356 0
4960 2.05522 0
4970 2.04704 0
4980 2.04336 0
4990 2.03548 0
5000 2.0372 0
5010 2.02794 0
5020 2.01835 0
5030 2.0089 0
5040 1.99913 0
5050 1.98915 0
5060 1.97898 0
5070 1.96839 0
5080 1.95784 0
5090 1.9469 0
5100 1.93608 0
5110 1.92477 0
5120 1.91327 0
5130 1.90147 0
5140 1.88971 0
5150 1.87804 0
5160 1.86674 0
5170 1.85537 0
5180 1.84394 0
5190 1.83216 0
5200 1.82026 0
5210 1.80919 0
5220 1.79801 0
5230 1.78635 0
5240 1.77513 0
5250 1.76422 0
5260 1.75249 0
5270 1.73966 0
5280 1.72626 0
5290 1.71047 0
5300 1.69401 0
5310 1.67818 0
5320 1.66178 0
5330 1.64571 0
5340 1.62919 0
5350 1.61317 0
5360 1.59672 0
5370 1.58031 0
5380 1.564 0
5390 1.54796 0
5400 1.53185 0
5410 1.516 0
5420 1.50111 0
5430 1.48755 0
5440 1.47655 0
5450 1.4682 0
5460 1.46105 0
5470 1.45278 0
5480 1.44552 0
5490 1.43978 0
5500 1.43356 0
5510 1.42882 0
5520 1.42451 0
5530 1.41996 0
5540 1.41425 0
5550 1.41187 0
5560 1.40708 0
5570 1.40248 0
5580 1.40021 0
5590 1.39608 0
5600 1.39215 0
5610 1.36568 0
5620 1.32441 0
5630 1.27399 0
5640 1.22494 0
5650 1.17365 0
5660 1.12386 0
5670 1.07532 0
5680 1.02913 0
5690 0.984627 0
5700 0.938363 0
5710 0.895866 0
5720 0.849438 0
5730 0.810006 0
5740 0.775058 0
5750 0.735062 0
5760 0.701966 0
5770 0.672244 0
5780 0.644819 0
5790 0.633564 0
5800 0.640169 0
5810 0.646266 0
5820 0.646144 0
5830 0.652014 0
5840 0.662188 0
5850 0.68309 0
5860 0.708993 0
5870 0.733586 0
5880 0.762122 0
5890 0.788629 0
5900 0.811795 0
5910 0.837688 0
5920 0.858623 0
5930 0.879288 0
5940 0.898353 0
5950 0.918939 0
5960 0.93942 0
5970 0.95764 0
5980 0.978446 0
5990 0.996269 0
6000 1.01653 0
6010 1.03019 0
6020 1.04925 0
6030 1.05883 0
6040 1.07388 0
6050 1.0893 0
6060 1.10778 0
6070 1.11162 0
6080 1.12711 0
6090 1.13245 0
6100 1.14625 0
6110 1.14956 0
6120 1.16482 0
6130 1.16624 0
6140 1.17447 0
6150 1.18135 0
6160 1.18253 0
6170 1.18964 0
6180 1.19343 0
6190 1.19409 0
6200 1.2014 0
6210 1.20053 0
6220 1.20289 0
6230 1.2006 0
6240 1.20496 0
6250 1.20323 0
6260 1.20151 0
6270 1.19924 0
6280 1.19986 0
6290 1.20303 0
6300 1.19861 0
6310 1.194 0
6320 1.18923 0
6330 1.18429 0
6340 1.17922 0
6350 1.17393 0
6360 1.16842 0
6370 1.16267 0
6380 1.15672 0
6390 1.15055 0
6400 1.14419 0
6410 1.13763 0
6420 1.13102 0
6430 1.12416 0
6440 1.11699 0
6450 1.10961 0
6460 1.10185 0
6470 1.09412 0
6480 1.08674 0
6490 1.07942 0
6500 1.07236 0
6510 1.06539 0
6520 1.05787 0
6530 1.0501 0
6540 1.04287 0
6550 1.03569 0
6560 1.02905 0
6570 1.02171 0
6580 1.01416 0
6590 1.00711 0
6600 1.00012 0
6610 0.993032 0
6620 0.985663 0
6630 0.978868 0
6640 0.971907 0
6650 0.964598 0
6660 0.958021 0
6670 0.951257 0
6680 0.944008 0
6690 0.937632 0
6700 0.930999 0
6710 0.923738 0
6720 0.917814 0
6730 0.911022 0
6740 0.904316 0
6750 0.898608 0
6760 0.891465 0
6770 0.885915 0
6780 0.879376 0
6790 0.873355 0
6800 0.867558 0
6810 0.86121 0
6820 0.855876 0
6830 0.84948 0
6840 0.844391 0
6850 0.83816 0
6860 0.833126 0
6870 0.827244 0
6880 0.822056 0
6890 0.816725 0
6900 0.811125 0
6910 0.806492 0
6920 0.80087 0
6930 0.796152 0
6940 0.790623 0
6950 0.784977 0
6960 0.779966 0
6970 0.774674 0
6980 0.770441 0
6990 0.766172 0
7000 0.762316 0
7010 0.75846 0
7020 0.754611 0
7030 0.750773 0
7040 0.746953 0
7050 0.743083 0
7060 0.739292 0
7070 0.735435 0
7080 0.731663 0
7090 0.727857 0
7100 0.72404 0
7110 0.720243 0
7120 0.716533 0
7130 0.712848 0
7140 0.70937 0
7150 0.706358 0
7160 0.703408 0
7170 0.700655 0
7180 0.697601 0
7190 0.694612 0
7200 0.691709 0
7210 0.688932 0
7220 0.68631 0
7230 0.683894 0
7240 0.68121 0
7250 0.678555 0
7260 0.676275 0
7270 0.67371 0
7280 0.671178 0
7290 0.668651 0
7300 0.666201 0
7310 0.663756 0
7320 0.661344 0
7330 0.658981 0
7340 0.656612 0
7350 0.654327 0
7360 0.652022 0
7370 0.649349 0
7380 0.647078 0
7390 0.644893 0
7400 0.642703 0
7410 0.640081 0
7420 0.637941 0
7430 0.635352 0
7440 0.633264 0
7450 0.631178 0
7460 0.628641 0
7470 0.62662 0
7480 0.624083 0
7490 0.622111 0
7500 0.619627 0
7510 0.617166 0
7520 0.615203 0
7530 0.612789 0
7540 0.610842 0
7550 0.608413 0
7560 0.606051 0
7570 0.604154 0
7580 0.601758 0
7590 0.599394 0
7600 0.597541 0
7610 0.595206 0
7620 0.592863 0
7630 0.590541 0
7640 0.588689 0
7650 0.586382 0
7660 0.584089 0
7670 0.581818 0
7680 0.579536 0
7690 0.577713 0
7700 0.575431 0
7710 0.573158 0
7720 0.570902 0
7730 0.568671 0
7740 0.566448 0
7750 0.564231 0
7760 0.562454 0
7770 0.560066 0
7780 0.55789 0
7790 0.555606 0
7800 0.553462 0
7810 0.551185 0
7820 0.54896 0
7830 0.546798 0
7840 0.544719 0
7850 0.542733 0
7860 0.540373 0
7870 0.538029 0
7880 0.536165 0
7890 0.53392 0
7900 0.531655 0
7910 0.529504 0
7920 0.527311 0
7930 0.525182 0
7940 0.523124 0
7950 0.52115 0
7960 0.519242 0
7970 0.517238 0
7980 0.515069 0
7990 0.51318 0
8000 0.510789 0
8010 0.508989 0
8020 0.506943 0
8030 0.504519 0
8040 0.50289 0
8050 0.500897 0
8060 0.498697 0
8070 0.496985 0
8080 0.494633 0
8090 0.493029 0
8100 0.490455 0
8110 0.489051 0
8120 0.486761 0
8130 0.484927 0
8140 0.482897 0
8150 0.48135 0
8160 0.479145 0
8170 0.476982 0
8180 0.47562 0
8190 0.473422 0
8200 0.471878 0
8210 0.469918 0
8220 0.46787 0
8230 0.466228 0
8240 0.464479 0
8250 0.462511 0
8260 0.460045 0
8270 0.459027 0
8280 0.45707 0
8290 0.455266 0
8300 0.45319 0
8310 0.45141 0
8320 0.449314 0
8330 0.44693 0
8340 0.444105 0
8350 0.441726 0
8360 0.43981 0
8370 0.437263 0
8380 0.435023 0
8390 0.432623 0
8400 0.430139 0
8410 0.427416 0
8420 0.424714 0
8430 0.422513 0
8440 0.420592 0
8450 0.418144 0
8460 0.415651 0
8470 0.413104 0
8480 0.410942 0
8490 0.408506 0
8500 0.406091 0
8510 0.40367 0
8520 0.401229 0
8530 0.398756 0
8540 0.396342 0
8550 0.393966 0
8560 0.392271 0
8570 0.390785 0
8580 0.389287 0
8590 0.387953 0
8600 0.386411 0
8610 0.384983 0
8620 0.383669 0
8630 0.382364 0
8640 0.380929 0
8650 0.379662 0
8660 0.378604 0
8670 0.377461 0
8680 0.376349 0
8690 0.37577 0
8700 0.374725 0
8710 0.373726 0
8720 0.372747 0
8730 0.371811 0
8740 0.370897 0
8750 0.369696 0
8760 0.368575 0
8770 0.367732 0
8780 0.366907 0
8790 0.366133 0
8800 0.365013 0
8810 0.364006 0
8820 0.363272 0
8830 0.362216 0
8840 0.361257 0
8850 0.360217 0
8860 0.359579 0
8870 0.358652 0
8880 0.357662 0
8890 0.356789 0
8900 0.355807 0
8910 0.354948 0
8920 0.354023 0
8930 0.353167 0
8940 0.352243 0
8950 0.351072 0
8960 0.350541 0
8970 0.349337 0
8980 0.348567 0
8990 0.34769 0
9000 0.346515 0

