3300 2.6054 0
3310 2.51519 0
3320 2.42265 0
3330 2.33346 0
3340 2.24316 0
3350 2.15785 0
3360 2.07558 0
3370 2.00031 0
3380 1.79643 0
3390 1.6015 0
3400 1.39625 0
3410 1.21495 0
3420 1.05687 0
3430 0.902403 0
3440 0.748674 0
3450 0.632781 0
3460 0.522344 0
3470 0.422401 0
3480 0.429553 0
3490 0.440418 0
3500 0.465147 0
3510 0.490896 0
3520 0.525338 0
3530 0.559376 0
3540 0.602863 0
3550 0.652038 0
3560 0.708013 0
3570 0.762843 0
3580 0.822213 0
3590 0.899914 0
3600 0.991957 0
3610 1.12002 0
3620 1.29998 0
3630 1.4665 0
3640 1.64083 0
3650 1.78724 0
3660 1.93236 0
3670 2.07586 0
3680 2.19846 0
3690 2.31654 0
3700 2.43025 0
3710 2.53677 0
3720 2.64514 0
3730 2.72446 0
3740 2.80269 0
3750 2.89835 0
3760 2.96631 0
3770 3.03168 0
3780 3.09097 0
3790 3.14554 0
3800 3.20317 0
3810 3.22648 0
3820 3.27102 0
3830 3.31614 0
3840 3.3347 0
3850 3.3694 0
3860 3.40331 0
3870 3.41543 0
3880 3.4211 0
3890 3.44805 0
3900 3.44592 0
3910 3.44097 0
3920 3.46218 0
3930 3.45629 0
3940 3.44769 0
3950 3.43675 0
3960 3.42401 0
3970 3.40985 0
3980 3.39433 0
3990 3.3775 0
4000 3.35906 0
4010 3.33892 0
4020 3.31687 0
4030 3.29315 0
4040 3.26775 0
4050 3.24514 0
4060 3.22088 0
4070 3.19531 0
4080 3.17068 0
4090 3.14313 0
4100 3.11841 0
4110 3.0947 0
4120 3.067 0
4130 3.04387 0
4140 3.02048 0
4150 2.99604 0
4160 2.97466 0
4170 2.95118 0
4180 2.92978 0
4190 2.90714 0
4200 2.88615 0
4210 2.86418 0
4220 2.84387 0
4230 2.82241 0
4240 2.80114 0
4250 2.78213 0
4260 2.76179 0
4270 2.74133 0
4280 2.7217 0
4290 2.70459 0
4300 2.68544 0
4310 2.66705 0
4320 2.64921 0
4330 2.63167 0
4340 2.61448 0
4350 2.59783 0
4360 2.5817 0
4370 2.56609 0
4380 2.54862 0
4390 2.53391 0
4400 2.51963 0
4410 2.50582 0
4420 2.49014 0
4430 2.47726 0
4440 2.46241 0
4450 2.45047 0
4460 2.43658 0
4470 2.42316 0
4480 2.41251 0
4490 2.39996 0
4500 2.38785 0
4510 2.3804 0
4520 2.37294 0
4530 2.36548 0
4540 2.35801 0
4550 2.35055 0
4560 2.34309 0
4570 2.33562 0
4580 2.32817 0
4590 2.32073 0
4600 2.3133 0
4610 2.30588 0
4620 2.29847 0
4630 2.29108 0
4640 2.28369 0
4650 2.2763 0
4660 2.26891 0
4670 2.26152 0
4680 2.25414 0
4690 2.24676 0
4700 2.2394 0
4710 2.23204 0
4720 2.22469 0
4730 2.21737 0
4740 2.21006 0
4750 2.20276 0
4760 2.19548 0
4770 2.1882 0
4780 2.18093 0
4790 2.17366 0
4800 2.1664 0
4810 2.15916 0
4820 2.15191 0
4830 2.14469 0
4840 2.13748 0
4850 2.13028 0
4860 2.12309 0
4870 2.11593 0
4880 2.10879 0
4890 2.10167 0
4900 2.09454 0
4910 2.08741 0
4920 2.08029 0
4930 2.07317 0
4940 2.06606 0
4950 2.05896 0
4960 2.05186 0
4970 2.04478 0
4980 2.03771 0
4990 2.03064 0
5000 2.0236 0
5010 2.01657 0
5020 2.00956 0
5030 2.00257 0
5040 1.99559 0
5050 1.98864 0
5060 1.98171 0
5070 1.9748 0
5080 1.96791 0
5090 1.96105 0
5100 1.95422 0
5110 1.94741 0
5120 1.94063 0
5130 1.93387 0
5140 1.92714 0
5150 1.92044 0
5160 1.91376 0
5170 1.90707 0
5180 1.9004 0
5190 1.89373 0
5200 1.88707 0
5210 1.88042 0
5220 1.87379 0
5230 1.86718 0
5240 1.86057 0
5250 1.85399 0
5260 1.84742 0
5270 1.84087 0
5280 1.83434 0
5290 1.82782 0
5300 1.82134 0
5310 1.81487 0
5320 1.80841 0
5330 1.80198 0
5340 1.79558 0
5350 1.7892 0
5360 1.78284 0
5370 1.77651 0
5380 1.7702 0
5390 1.76392 0
5400 1.75767 0
5410 1.75144 0
5420 1.74523 0
5430 1.73902 0
5440 1.73283 0
5450 1.72665 0
5460 1.72048 0
5470 1.71433 0
5480 1.70819 0
5490 1.70207 0
5500 1.69596 0
5510 1.68987 0
5520 1.6838 0
5530 1.67774 0
5540 1.67171 0
5550 1.66569 0
5560 1.65969 0
5570 1.65371 0
5580 1.64776 0
5590 1.64183 0
5600 1.63591 0
5610 1.63002 0
5620 1.62415 0
5630 1.61831 0
5640 1.61249 0
5650 1.60669 0
5660 1.60092 0
5670 1.59517 0
5680 1.58944 0
5690 1.58372 0
5700 1.57801 0
5710 1.57233 0
5720 1.56665 0
5730 1.56099 0
5740 1.55535 0
5750 1.54972 0
5760 1.54412 0
5770 1.53852 0
5780 1.53295 0
5790 1.5274 0
5800 1.52186 0
5810 1.51634 0
5820 1.51085 0
5830 1.50537 0
5840 1.49991 0
5850 1.49447 0
5860 1.48906 0
5870 1.48367 0
5880 1.47829 0
5890 1.47293 0
5900 1.4676 0
5910 1.46229 0
5920 1.457 0
5930 1.45174 0
5940 1.44649 0
5950 1.44126 0
5960 1.43604 0
5970 1.43084 0
5980 1.42566 0
5990 1.42049 0
6000 1.41533 0
6010 1.4102 0
6020 1.40508 0
6030 1.39998 0
6040 1.39489 0
6050 1.38983 0
6060 1.38478 0
6070 1.37975 0
6080 1.37474 0
6090 1.36975 0
6100 1.36478 0
6110 1.35982 0
6120 1.35489 0
6130 1.34997 0
6140 1.34508 0
6150 1.3402 0
6160 1.33535 0
6170 1.33051 0
6180 1.32569 0
6190 1.3209 0
6200 1.31612 0
6210 1.31135 0
6220 1.30661 0
6230 1.30187 0
6240 1.29716 0
6250 1.29246 0
6260 1.28777 0
6270 1.2831 0
6280 1.27845 0
6290 1.27382 0
6300 1.2692 0
6310 1.2646 0
6320 1.26002 0
6330 1.25545 0
6340 1.2509 0
6350 1.24637 0
6360 1.24186 0
6370 1.23736 0
6380 1.23289 0
6390 1.22843 0
6400 1.22398 0
6410 1.21956 0
6420 1.21515 0
6430 1.21077 0
6440 1.2064 0
6450 1.20205 0
6460 1.19771 0
6470 1.19338 0
6480 1.18907 0
6490 1.18478 0
6500 1.1805 0
6510 1.17623 0
6520 1.17197 0
6530 1.16773 0
6540 1.16351 0
6550 1.1593 0
6560 1.15511 0
6570 1.15093 0
6580 1.14676 0
6590 1.14261 0
6600 1.13848 0
6610 1.13436 0
6620 1.13025 0
6630 1.12616 0
6640 1.12209 0
6650 1.11804 0
6660 1.114 0
6670 1.10997 0
6680 1.10596 0
6690 1.10196 0
6700 1.09799 0
6710 1.09402 0
6720 1.09008 0
6730 1.08615 0
6740 1.08223 0
6750 1.07834 0
6760 1.07445 0
6770 1.07059 0
6780 1.06674 0
6790 1.06291 0
6800 1.05909 0
6810 1.05529 0
6820 1.0515 0
6830 1.04774 0
6840 1.04398 0
6850 1.04025 0
6860 1.03653 0
6870 1.03283 0
6880 1.02914 0
6890 1.02547 0
6900 1.02181 0
6910 1.01817 0
6920 1.01455 0
6930 1.01094 0
6940 1.00735 0
6950 1.00377 0
6960 1.00021 0
6970 0.996668 0
6980 0.993138 0
6990 0.98962 0
7000 0.986115 0
7010 0.982621 0
7020 0.979138 0
7030 0.975668 0
7040 0.972038 0
7050 0.968323 0
7060 0.964667 0
7070 0.960976 0
7080 0.957059 0
7090 0.952873 0
7100 0.94863 0
7110 0.944436 0
7120 0.940187 0
7130 0.935944 0
7140 0.931622 0
7150 0.927226 0
7160 0.923043 0
7170 0.918708 0
7180 0.91432 0
7190 0.909983 0
7200 0.905491 0
7210 0.901056 0
7220 0.896794 0
7230 0.89216 0
7240 0.887817 0
7250 0.883325 0
7260 0.879027 0
7270 0.874711 0
7280 0.87012 0
7290 0.863041 0
7300 0.855062 0
7310 0.846413 0
7320 0.837708 0
7330 0.807089 0
7340 0.774837 0
7350 0.746316 0
7360 0.718374 0
7370 0.682675 0
7380 0.657799 0
7390 0.624066 0
7400 0.59629 0
7410 0.569073 0
7420 0.539138 0
7430 0.505501 0
7440 0.47221 0
7450 0.436943 0
7460 0.402377 0
7470 0.376169 0
7480 0.341305 0
7490 0.316268 0
7500 0.282189 0
7510 0.260543 0
7520 0.237831 0
7530 0.216662 0
7540 0.198679 0
7550 0.189931 0
7560 0.181701 0
7570 0.175959 0
7580 0.168906 0
7590 0.164355 0
7600 0.158422 0
7610 0.154805 0
7620 0.152012 0
7630 0.147634 0
7640 0.145978 0
7650 0.146467 0
7660 0.146185 0
7670 0.147196 0
7680 0.148796 0
7690 0.15082 0
7700 0.1529 0
7710 0.154296 0
7720 0.157296 0
7730 0.160278 0
7740 0.162631 0
7750 0.16661 0
7760 0.170669 0
7770 0.174327 0
7780 0.179875 0
7790 0.186013 0
7800 0.191358 0
7810 0.198777 0
7820 0.205673 0
7830 0.214415 0
7840 0.222076 0
7850 0.231952 0
7860 0.240904 0
7870 0.251608 0
7880 0.265679 0
7890 0.283233 0
7900 0.297687 0
7910 0.314677 0
7920 0.327915 0
7930 0.342792 0
7940 0.356509 0
7950 0.371595 0
7960 0.385441 0
7970 0.396042 0
7980 0.407442 0
7990 0.421165 0
8000 0.430987 0
8010 0.441935 0
8020 0.451361 0
8030 0.460856 0
8040 0.471297 0
8050 0.480411 0
8060 0.489463 0
8070 0.499183 0
8080 0.507772 0
8090 0.516411 0
8100 0.521433 0
8110 0.53018 0
8120 0.539396 0
8130 0.545467 0
8140 0.557408 0
8150 0.568287 0
8160 0.573302 0
8170 0.583274 0
8180 0.592661 0
8190 0.599055 0
8200 0.608763 0
8210 0.613116 0
8220 0.622264 0
8230 0.625812 0
8240 0.635485 0
8250 0.639574 0
8260 0.643954 0
8270 0.651629 0
8280 0.654216 0
8290 0.66205 0
8300 0.664461 0
8310 0.668814 0
8320 0.676264 0
8330 0.677294 0
8340 0.679287 0
8350 0.686399 0
8360 0.688674 0
8370 0.689609 0
8380 0.695821 0
8390 0.697817 0
8400 0.69742 0
8410 0.700288 0
8420 0.702337 0
8430 0.706362 0
8440 0.707929 0
8450 0.707031 0
8460 0.708402 0
8470 0.707576 0
8480 0.712489 0
8490 0.711774 0
8500 0.71158 0
8510 0.710719 0
8520 0.708829 0
8530 0.709063 0
8540 0.707173 0
8550 0.706525 0
8560 0.709296 0
8570 0.707066 0
8580 0.706113 0
8590 0.704452 0
8600 0.70204 0
8610 0.700766 0
8620 0.69811 0
8630 0.695991 0
8640 0.693217 0
8650 0.691516 0
8660 0.688535 0
8670 0.686239 0
8680 0.682951 0
8690 0.680497 0
8700 0.677163 0
8710 0.673789 0
8720 0.670384 0
8730 0.667665 0
8740 0.66553 0
8750 0.661855 0
8760 0.658196 0
8770 0.654512 0
8780 0.650764 0
8790 0.646458 0
8800 0.642722 0
8810 0.639296 0
8820 0.636804 0
8830 0.632902 0
8840 0.628924 0
8850 0.624868 0
8860 0.620169 0
8870 0.616042 0
8880 0.611984 0
8890 0.607919 0
8900 0.60382 0
8910 0.599257 0
8920 0.594433 0
8930 0.590197 0
8940 0.586047 0
8950 0.581886 0
8960 0.577691 0
8970 0.573057 0
8980 0.569 0
8990 0.564739 0
9000 0.561587 0

