3300 1.96217 0
3310 1.66508 0
3320 1.342 0
3330 1.05186 0
3340 0.808427 0
3350 0.571406 0
3360 0.466386 0
3370 0.413193 0
3380 0.379776 0
3390 0.361486 0
3400 0.352459 0
3410 0.350075 0
3420 0.354412 0
3430 0.365967 0
3440 0.38227 0
3450 0.404021 0
3460 0.426157 0
3470 0.453206 0
3480 0.482223 0
3490 0.513465 0
3500 0.542712 0
3510 0.577194 0
3520 0.611623 0
3530 0.647436 0
3540 0.709606 0
3550 0.778167 0
3560 0.90818 0
3570 1.12838 0
3580 1.34563 0
3590 1.52994 0
3600 1.70915 0
3610 1.85588 0
3620 2.00605 0
3630 2.11878 0
3640 2.2696 0
3650 2.37872 0
3660 2.48084 0
3670 2.58766 0
3680 2.64991 0
3690 2.74858 0
3700 2.80332 0
3710 2.8708 0
3720 2.90796 0
3730 2.93385 0
3740 2.97476 0
3750 2.99877 0
3760 3.02558 0
3770 3.05109 0
3780 3.09336 0
3790 3.11181 0
3800 3.14116 0
3810 3.16195 0
3820 3.18523 0
3830 3.20032 0
3840 3.19358 0
3850 3.1373 0
3860 3.05707 0
3870 2.98468 0
3880 2.90656 0
3890 2.81588 0
3900 2.72916 0
3910 2.63009 0
3920 2.5404 0
3930 2.44094 0
3940 2.32141 0
3950 2.22007 0
3960 2.13309 0
3970 2.05993 0
3980 1.98109 0
3990 1.90569 0
4000 1.83413 0
4010 1.76158 0
4020 1.69673 0
4030 1.63763 0
4040 1.58536 0
4050 1.5399 0
4060 1.50664 0
4070 1.47456 0
4080 1.48327 0
4090 1.51565 0
4100 1.54685 0
4110 1.57696 0
4120 1.61321 0
4130 1.64929 0
4140 1.68856 0
4150 1.7502 0
4160 1.81805 0
4170 1.88807 0
4180 1.96241 0
4190 2.03282 0
4200 2.10013 0
4210 2.15748 0
4220 2.21779 0
4230 2.27398 0
4240 2.32368 0
4250 2.35838 0
4260 2.3974 0
4270 2.42644 0
4280 2.44092 0
4290 2.44406 0
4300 2.44851 0
4310 2.44115 0
4320 2.45688 0
4330 2.48294 0
4340 2.52323 0
4350 2.54117 0
4360 2.57002 0
4370 2.5923 0
4380 2.61754 0
4390 2.64044 0
4400 2.63404 0
4410 2.63916 0
4420 2.61923 0
4430 2.62838 0
4440 2.60271 0
4450 2.60221 0
4460 2.58154 0
4470 2.55657 0
4480 2.53795 0
4490 2.51349 0
4500 2.49393 0
4510 2.47005 0
4520 2.45149 0
4530 2.42282 0
4540 2.38562 0
4550 2.3627 0
4560 2.33819 0
4570 2.30514 0
4580 2.28249 0
4590 2.25835 0
4600 2.25659 0
4610 2.2583 0
4620 2.27283 0
4630 2.26907 0
4640 2.26996 0
4650 2.283 0
4660 2.28863 0
4670 2.28442 0
4680 2.28821 0
4690 2.29461 0
4700 2.29381 0
4710 2.29744 0
4720 2.29131 0
4730 2.28547 0
4740 2.2888 0
4750 2.28379 0
4760 2.27971 0
4770 2.27579 0
4780 2.27221 0
4790 2.26952 0
4800 2.26743 0
4810 2.26641 0
4820 2.2528 0
4830 2.25193 0
4840 2.25189 0
4850 2.23911 0
4860 2.23954 0
4870 2.22753 0
4880 2.2278 0
4890 2.21652 0
4900 2.21409 0
4910 2.20614 0
4920 2.20464 0
4930 2.19312 0
4940 2.18447 0
4950 2.18148 0
4960 2.16934 0
4970 2.15779 0
4980 2.14916 0
4990 2.13745 0
5000 2.13382 0
5010 2.12101 0
5020 2.10884 0
5030 2.09631 0
5040 2.08405 0
5050 2.07086 0
5060 2.05797 0
5070 2.04516 0
5080 2.03291 0
5090 2.02019 0
5100 2.00775 0
5110 1.99476 0
5120 1.9817 0
5130 1.9689 0
5140 1.95568 0
5150 1.94203 0
5160 1.92912 0
5170 1.91593 0
5180 1.9025 0
5190 1.88881 0
5200 1.87465 0
5210 1.85978 0
5220 1.84473 0
5230 1.8359 0
5240 1.82641 0
5250 1.81565 0
5260 1.80607 0
5270 1.7967 0
5280 1.78607 0
5290 1.77598 0
5300 1.76593 0
5310 1.75601 0
5320 1.74632 0
5330 1.73442 0
5340 1.72525 0
5350 1.71343 0
5360 1.70196 0
5370 1.69159 0
5380 1.68139 0
5390 1.67513 0
5400 1.6665 0
5410 1.65508 0
5420 1.64783 0
5430 1.64172 0
5440 1.63712 0
5450 1.63577 0
5460 1.63217 0
5470 1.62991 0
5480 1.62867 0
5490 1.62525 0
5500 1.6238 0
5510 1.62002 0
5520 1.61951 0
5530 1.59489 0
5540 1.56219 0
5550 1.51999 0
5560 1.47687 0
5570 1.43065 0
5580 1.38619 0
5590 1.34217 0
5600 1.29409 0
5610 1.24788 0
5620 1.20335 0
5630 1.15623 0
5640 1.10988 0
5650 1.06272 0
5660 1.0163 0
5670 0.97469 0
5680 0.930557 0
5690 0.888243 0
5700 0.84602 0
5710 0.805846 0
5720 0.777199 0
5730 0.754414 0
5740 0.737684 0
5750 0.723533 0
5760 0.71065 0
5770 0.702126 0
5780 0.702547 0
5790 0.715557 0
5800 0.743356 0
5810 0.771107 0
5820 0.794688 0
5830 0.82313 0
5840 0.849283 0
5850 0.872417 0
5860 0.896158 0
5870 0.914265 0
5880 0.936671 0
5890 0.954191 0
5900 0.96837 0
5910 0.982726 0
5920 0.988313 0
5930 0.99119 0
5940 0.992856 0
5950 0.9916 0
5960 0.990027 0
5970 0.987449 0
5980 0.986522 0
5990 1.00474 0
6000 1.02877 0
6010 1.04888 0
6020 1.07332 0
6030 1.09659 0
6040 1.10591 0
6050 1.12836 0
6060 1.15173 0
6070 1.16414 0
6080 1.18569 0
6090 1.19437 0
6100 1.21215 0
6110 1.22711 0
6120 1.24454 0
6130 1.25111 0
6140 1.26452 0
6150 1.27631 0
6160 1.2834 0
6170 1.29649 0
6180 1.30825 0
6190 1.31602 0
6200 1.3292 0
6210 1.33223 0
6220 1.34404 0
6230 1.34666 0
6240 1.35409 0
6250 1.36245 0
6260 1.36572 0
6270 1.36889 0
6280 1.37526 0
6290 1.38136 0
6300 1.39009 0
6310 1.38668 0
6320 1.38986 0
6330 1.39189 0
6340 1.39505 0
6350 1.39733 0
6360 1.39486 0
6370 1.39753 0
6380 1.3988 0
6390 1.3962 0
6400 1.39819 0
6410 1.39938 0
6420 1.39509 0
6430 1.39146 0
6440 1.39188 0
6450 1.39167 0
6460 1.38516 0
6470 1.37939 0
6480 1.37301 0
6490 1.36619 0
6500 1.3628 0
6510 1.35905 0
6520 1.34854 0
6530 1.33691 0
6540 1.32392 0
6550 1.30977 0
6560 1.29462 0
6570 1.27803 0
6580 1.26173 0
6590 1.25383 0
6600 1.24565 0
6610 1.23942 0
6620 1.23277 0
6630 1.22392 0
6640 1.21876 0
6650 1.21188 0
6660 1.2021 0
6670 1.19485 0
6680 1.1897 0
6690 1.1799 0
6700 1.1703 0
6710 1.16677 0
6720 1.15819 0
6730 1.14964 0
6740 1.14164 0
6750 1.13343 0
6760 1.1236 0
6770 1.11317 0
6780 1.09979 0
6790 1.08458 0
6800 1.07174 0
6810 1.0541 0
6820 1.04135 0
6830 1.02671 0
6840 1.01402 0
6850 0.996722 0
6860 0.982103 0
6870 0.970249 0
6880 0.950861 0
6890 0.939013 0
6900 0.922224 0
6910 0.90903 0
6920 0.890878 0
6930 0.879941 0
6940 0.862539 0
6950 0.848007 0
6960 0.835994 0
6970 0.822964 0
6980 0.813357 0
6990 0.799821 0
7000 0.788286 0
7010 0.779264 0
7020 0.766284 0
7030 0.753572 0
7040 0.746748 0
7050 0.734025 0
7060 0.721503 0
7070 0.708978 0
7080 0.698126 0
7090 0.688947 0
7100 0.675818 0
7110 0.663125 0
7120 0.648388 0
7130 0.630866 0
7140 0.612732 0
7150 0.600747 0
7160 0.583385 0
7170 0.567152 0
7180 0.552957 0
7190 0.545163 0
7200 0.534632 0
7210 0.526141 0
7220 0.51114 0
7230 0.497255 0
7240 0.481033 0
7250 0.46556 0
7260 0.44853 0
7270 0.433061 0
7280 0.420894 0
7290 0.407573 0
7300 0.394751 0
7310 0.384419 0
7320 0.372234 0
7330 0.359205 0
7340 0.346959 0
7350 0.335849 0
7360 0.32392 0
7370 0.312213 0
7380 0.300065 0
7390 0.288694 0
7400 0.279554 0
7410 0.270733 0
7420 0.261786 0
7430 0.253903 0
7440 0.244622 0
7450 0.237091 0
7460 0.230506 0
7470 0.222399 0
7480 0.216797 0
7490 0.21015 0
7500 0.205557 0
7510 0.199819 0
7520 0.196301 0
7530 0.19192 0
7540 0.189342 0
7550 0.186046 0
7560 0.18423 0
7570 0.181985 0
7580 0.18027 0
7590 0.179863 0
7600 0.178916 0
7610 0.179186 0
7620 0.179456 0
7630 0.179977 0
7640 0.181215 0
7650 0.18337 0
7660 0.187379 0
7670 0.191702 0
7680 0.19711 0
7690 0.203248 0
7700 0.209855 0
7710 0.217074 0
7720 0.224502 0
7730 0.231762 0
7740 0.239229 0
7750 0.246175 0
7760 0.257189 0
7770 0.278833 0
7780 0.299766 0
7790 0.319528 0
7800 0.33933 0
7810 0.358884 0
7820 0.379171 0
7830 0.396873 0
7840 0.412669 0
7850 0.429416 0
7860 0.44771 0
7870 0.461041 0
7880 0.477909 0
7890 0.491537 0
7900 0.50462 0
7910 0.514782 0
7920 0.524259 0
7930 0.531945 0
7940 0.537451 0
7950 0.542565 0
7960 0.547056 0
7970 0.54954 0
7980 0.551168 0
7990 0.553165 0
8000 0.556606 0
8010 0.561547 0
8020 0.567315 0
8030 0.568408 0
8040 0.569667 0
8050 0.572839 0
8060 0.577161 0
8070 0.573329 0
8080 0.575516 0
8090 0.57512 0
8100 0.573406 0
8110 0.576751 0
8120 0.572714 0
8130 0.57494 0
8140 0.571566 0
8150 0.573174 0
8160 0.569586 0
8170 0.570669 0
8180 0.565187 0
8190 0.558212 0
8200 0.552707 0
8210 0.545984 0
8220 0.539892 0
8230 0.534027 0
8240 0.52685 0
8250 0.521654 0
8260 0.515328 0
8270 0.508616 0
8280 0.503765 0
8290 0.497641 0
8300 0.490857 0
8310 0.486413 0
8320 0.481383 0
8330 0.474871 0
8340 0.470751 0
8350 0.467161 0
8360 0.463335 0
8370 0.45788 0
8380 0.455525 0
8390 0.454773 0
8400 0.456266 0
8410 0.459092 0
8420 0.46169 0
8430 0.46505 0
8440 0.468827 0
8450 0.472016 0
8460 0.4755 0
8470 0.477519 0
8480 0.47948 0
8490 0.483257 0
8500 0.485791 0
8510 0.491609 0
8520 0.494641 0
8530 0.497656 0
8540 0.500636 0
8550 0.503439 0
8560 0.506338 0
8570 0.509445 0
8580 0.512685 0
8590 0.516173 0
8600 0.518301 0
8610 0.521992 0
8620 0.525984 0
8630 0.528554 0
8640 0.530755 0
8650 0.533489 0
8660 0.534252 0
8670 0.534622 0
8680 0.536699 0
8690 0.535831 0
8700 0.537621 0
8710 0.537981 0
8720 0.537735 0
8730 0.538438 0
8740 0.53856 0
8750 0.538732 0
8760 0.538529 0
8770 0.539217 0
8780 0.540295 0
8790 0.539786 0
8800 0.542028 0
8810 0.540557 0
8820 0.541195 0
8830 0.541641 0
8840 0.540133 0
8850 0.540403 0
8860 0.541395 0
8870 0.540528 0
8880 0.541726 0
8890 0.541614 0
8900 0.541516 0
8910 0.543016 0
8920 0.542158 0
8930 0.54275 0
8940 0.54141 0
8950 0.541762 0
8960 0.540662 0
8970 0.540502 0
8980 0.539352 0
8990 0.539954 0
9000 0.537169 0

