3300 3.27908 0
3310 3.23242 0
3320 3.1966 0
3330 3.19063 0
3340 3.19009 0
3350 3.18439 0
3360 3.19329 0
3370 3.18965 0
3380 2.9893 0
3390 2.75204 0
3400 2.54952 0
3410 2.33968 0
3420 2.18033 0
3430 2.00612 0
3440 1.83949 0
3450 1.65305 0
3460 1.54136 0
3470 1.44524 0
3480 1.34397 0
3490 1.24874 0
3500 1.17264 0
3510 1.17821 0
3520 1.15186 0
3530 1.24195 0
3540 1.30079 0
3550 1.41287 0
3560 1.55969 0
3570 1.7 0
3580 1.85356 0
3590 1.9806 0
3600 2.10808 0
3610 2.228 0
3620 2.33685 0
3630 2.4289 0
3640 2.54186 0
3650 2.62928 0
3660 2.73504 0
3670 2.80077 0
3680 2.87894 0
3690 2.94828 0
3700 3.01782 0
3710 3.08325 0
3720 3.14516 0
3730 3.20538 0
3740 3.23261 0
3750 3.27624 0
3760 3.33716 0
3770 3.37627 0
3780 3.40506 0
3790 3.43823 0
3800 3.4509 0
3810 3.48573 0
3820 3.49869 0
3830 3.50747 0
3840 3.53674 0
3850 3.53099 0
3860 3.53354 0
3870 3.57234 0
3880 3.5704 0
3890 3.56394 0
3900 3.55997 0
3910 3.57282 0
3920 3.56333 0
3930 3.55392 0
3940 3.54358 0
3950 3.53193 0
3960 3.5188 0
3970 3.50461 0
3980 3.48954 0
3990 3.47348 0
4000 3.45623 0
4010 3.43796 0
4020 3.41927 0
4030 3.40095 0
4040 3.37486 0
4050 3.35386 0
4060 3.33435 0
4070 3.31423 0
4080 3.29329 0
4090 3.27195 0
4100 3.24459 0
4110 3.22494 0
4120 3.20492 0
4130 3.18332 0
4140 3.15812 0
4150 3.14001 0
4160 3.11991 0
4170 3.09633 0
4180 3.07925 0
4190 3.05601 0
4200 3.03831 0
4210 3.02215 0
4220 2.9998 0
4230 2.98343 0
4240 2.96195 0
4250 2.94568 0
4260 2.92496 0
4270 2.90394 0
4280 2.88935 0
4290 2.86915 0
4300 2.84937 0
4310 2.83569 0
4320 2.8164 0
4330 2.79751 0
4340 2.77902 0
4350 2.76671 0
4360 2.74926 0
4370 2.73168 0
4380 2.71455 0
4390 2.69809 0
4400 2.68231 0
4410 2.67298 0
4420 2.66365 0
4430 2.65434 0
4440 2.64503 0
4450 2.63573 0
4460 2.62644 0
4470 2.61717 0
4480 2.60791 0
4490 2.59868 0
4500 2.58947 0
4510 2.58028 0
4520 2.57111 0
4530 2.56197 0
4540 2.55282 0
4550 2.54368 0
4560 2.53456 0
4570 2.52545 0
4580 2.51637 0
4590 2.50729 0
4600 2.49823 0
4610 2.48919 0
4620 2.48018 0
4630 2.47119 0
4640 2.46223 0
4650 2.45329 0
4660 2.44437 0
4670 2.43546 0
4680 2.42657 0
4690 2.41769 0
4700 2.40883 0
4710 2.39999 0
4720 2.39118 0
4730 2.38238 0
4740 2.37361 0
4750 2.36486 0
4760 2.35613 0
4770 2.34744 0
4780 2.33877 0
4790 2.33011 0
4800 2.32146 0
4810 2.31282 0
4820 2.3042 0
4830 2.29559 0
4840 2.287 0
4850 2.27843 0
4860 2.26988 0
4870 2.26135 0
4880 2.25284 0
4890 2.24435 0
4900 2.2359 0
4910 2.22747 0
4920 2.21906 0
4930 2.21068 0
4940 2.20233 0
4950 2.19402 0
4960 2.18573 0
4970 2.17748 0
4980 2.16925 0
4990 2.16107 0
5000 2.15291 0
5010 2.14479 0
5020 2.1367 0
5030 2.12864 0
5040 2.1206 0
5050 2.11258 0
5060 2.10457 0
5070 2.09658 0
5080 2.08862 0
5090 2.08067 0
5100 2.07275 0
5110 2.06484 0
5120 2.05696 0
5130 2.04912 0
5140 2.04129 0
5150 2.03349 0
5160 2.02571 0
5170 2.01795 0
5180 2.01023 0
5190 2.00254 0
5200 1.99487 0
5210 1.98723 0
5220 1.97963 0
5230 1.97206 0
5240 1.96451 0
5250 1.95699 0
5260 1.94951 0
5270 1.94207 0
5280 1.93466 0
5290 1.92727 0
5300 1.91989 0
5310 1.91254 0
5320 1.9052 0
5330 1.89789 0
5340 1.8906 0
5350 1.88333 0
5360 1.87609 0
5370 1.86887 0
5380 1.86168 0
5390 1.85451 0
5400 1.84736 0
5410 1.84024 0
5420 1.83315 0
5430 1.82609 0
5440 1.81905 0
5450 1.81204 0
5460 1.80506 0
5470 1.7981 0
5480 1.79117 0
5490 1.78427 0
5500 1.7774 0
5510 1.77057 0
5520 1.76375 0
5530 1.75697 0
5540 1.75021 0
5550 1.74348 0
5560 1.73677 0
5570 1.73008 0
5580 1.72341 0
5590 1.71675 0
5600 1.71012 0
5610 1.70352 0
5620 1.69694 0
5630 1.69038 0
5640 1.68385 0
5650 1.67734 0
5660 1.67086 0
5670 1.6644 0
5680 1.65797 0
5690 1.65156 0
5700 1.64518 0
5710 1.63883 0
5720 1.6325 0
5730 1.6262 0
5740 1.61992 0
5750 1.61367 0
5760 1.60745 0
5770 1.60125 0
5780 1.59509 0
5790 1.58895 0
5800 1.58283 0
5810 1.57673 0
5820 1.57065 0
5830 1.56459 0
5840 1.55856 0
5850 1.55255 0
5860 1.54656 0
5870 1.54059 0
5880 1.53464 0
5890 1.52872 0
5900 1.52282 0
5910 1.51694 0
5920 1.51109 0
5930 1.50526 0
5940 1.49945 0
5950 1.49367 0
5960 1.48791 0
5970 1.48218 0
5980 1.47647 0
5990 1.47079 0
6000 1.46513 0
6010 1.45949 0
6020 1.45388 0
6030 1.44829 0
6040 1.44273 0
6050 1.43719 0
6060 1.43167 0
6070 1.42618 0
6080 1.4207 0
6090 1.41524 0
6100 1.4098 0
6110 1.40439 0
6120 1.39899 0
6130 1.39362 0
6140 1.38827 0
6150 1.38294 0
6160 1.37762 0
6170 1.37234 0
6180 1.36707 0
6190 1.36182 0
6200 1.3566 0
6210 1.3514 0
6220 1.34622 0
6230 1.34106 0
6240 1.33593 0
6250 1.33082 0
6260 1.32573 0
6270 1.32066 0
6280 1.31561 0
6290 1.31059 0
6300 1.30559 0
6310 1.30061 0
6320 1.29564 0
6330 1.29069 0
6340 1.28577 0
6350 1.28086 0
6360 1.27596 0
6370 1.27109 0
6380 1.26624 0
6390 1.2614 0
6400 1.25659 0
6410 1.25179 0
6420 1.24702 0
6430 1.24226 0
6440 1.23752 0
6450 1.23279 0
6460 1.22809 0
6470 1.22341 0
6480 1.21875 0
6490 1.2141 0
6500 1.20948 0
6510 1.20487 0
6520 1.20029 0
6530 1.19572 0
6540 1.19118 0
6550 1.18665 0
6560 1.18214 0
6570 1.17765 0
6580 1.17318 0
6590 1.16873 0
6600 1.1643 0
6610 1.15989 0
6620 1.1555 0
6630 1.15113 0
6640 1.14678 0
6650 1.14244 0
6660 1.13813 0
6670 1.13383 0
6680 1.12955 0
6690 1.1253 0
6700 1.12106 0
6710 1.11684 0
6720 1.11263 0
6730 1.10845 0
6740 1.10428 0
6750 1.10014 0
6760 1.09601 0
6770 1.0919 0
6780 1.08781 0
6790 1.08374 0
6800 1.07969 0
6810 1.07565 0
6820 1.07163 0
6830 1.06763 0
6840 1.06364 0
6850 1.05967 0
6860 1.05571 0
6870 1.05177 0
6880 1.04785 0
6890 1.04394 0
6900 1.04004 0
6910 1.03616 0
6920 1.0323 0
6930 1.02845 0
6940 1.02462 0
6950 1.0208 0
6960 1.017 0
6970 1.01322 0
6980 1.00945 0
6990 1.00569 0
7000 1.00195 0
7010 0.998229 0
7020 0.99452 0
7030 0.990826 0
7040 0.987025 0
7050 0.983204 0
7060 0.979425 0
7070 0.975635 0
7080 0.971664 0
7090 0.967557 0
7100 0.963542 0
7110 0.959365 0
7120 0.955345 0
7130 0.951166 0
7140 0.947157 0
7150 0.943046 0
7160 0.938993 0
7170 0.934996 0
7180 0.93091 0
7190 0.92698 0
7200 0.922867 0
7210 0.918922 0
7220 0.914975 0
7230 0.910834 0
7240 0.90688 0
7250 0.902927 0
7260 0.898976 0
7270 0.895034 0
7280 0.891105 0
7290 0.885607 0
7300 0.879372 0
7310 0.872818 0
7320 0.866109 0
7330 0.84665 0
7340 0.824155 0
7350 0.805595 0
7360 0.784811 0
7370 0.768483 0
7380 0.7498 0
7390 0.730489 0
7400 0.711137 0
7410 0.690954 0
7420 0.668934 0
7430 0.652533 0
7440 0.635046 0
7450 0.609549 0
7460 0.590485 0
7470 0.573607 0
7480 0.548153 0
7490 0.529269 0
7500 0.513151 0
7510 0.495551 0
7520 0.479609 0
7530 0.463592 0
7540 0.445947 0
7550 0.430235 0
7560 0.412777 0
7570 0.397698 0
7580 0.394488 0
7590 0.382919 0
7600 0.371895 0
7610 0.362815 0
7620 0.361186 0
7630 0.350758 0
7640 0.342477 0
7650 0.332992 0
7660 0.331897 0
7670 0.32493 0
7680 0.326903 0
7690 0.321058 0
7700 0.324661 0
7710 0.331812 0
7720 0.341973 0
7730 0.348735 0
7740 0.360775 0
7750 0.365961 0
7760 0.376204 0
7770 0.384698 0
7780 0.392689 0
7790 0.398445 0
7800 0.412507 0
7810 0.418578 0
7820 0.426752 0
7830 0.435448 0
7840 0.446238 0
7850 0.452642 0
7860 0.460903 0
7870 0.469447 0
7880 0.474247 0
7890 0.485035 0
7900 0.491108 0
7910 0.500254 0
7920 0.504678 0
7930 0.513294 0
7940 0.521477 0
7950 0.53243 0
7960 0.535139 0
7970 0.544646 0
7980 0.549214 0
7990 0.556257 0
8000 0.565109 0
8010 0.567442 0
8020 0.578536 0
8030 0.580826 0
8040 0.587223 0
8050 0.59125 0
8060 0.599762 0
8070 0.601579 0
8080 0.605191 0
8090 0.610975 0
8100 0.614261 0
8110 0.620913 0
8120 0.624251 0
8130 0.62528 0
8140 0.630597 0
8150 0.635484 0
8160 0.641391 0
8170 0.642211 0
8180 0.642436 0
8190 0.643633 0
8200 0.65052 0
8210 0.652222 0
8220 0.65304 0
8230 0.657551 0
8240 0.658114 0
8250 0.659648 0
8260 0.660049 0
8270 0.664137 0
8280 0.665851 0
8290 0.665384 0
8300 0.665712 0
8310 0.671216 0
8320 0.67099 0
8330 0.669779 0
8340 0.669379 0
8350 0.669386 0
8360 0.672813 0
8370 0.672058 0
8380 0.671066 0
8390 0.670201 0
8400 0.670535 0
8410 0.671311 0
8420 0.670655 0
8430 0.673543 0
8440 0.6722 0
8450 0.671072 0
8460 0.669347 0
8470 0.667914 0
8480 0.666041 0
8490 0.664573 0
8500 0.662723 0
8510 0.661221 0
8520 0.659266 0
8530 0.661709 0
8540 0.659393 0
8550 0.657029 0
8560 0.655068 0
8570 0.653159 0
8580 0.650789 0
8590 0.648258 0
8600 0.64585 0
8610 0.643663 0
8620 0.641006 0
8630 0.638892 0
8640 0.636271 0
8650 0.633548 0
8660 0.630861 0
8670 0.628162 0
8680 0.6257 0
8690 0.623424 0
8700 0.619647 0
8710 0.616818 0
8720 0.613949 0
8730 0.611053 0
8740 0.608331 0
8750 0.605394 0
8760 0.602444 0
8770 0.599453 0
8780 0.597027 0
8790 0.594874 0
8800 0.59223 0
8810 0.589725 0
8820 0.585442 0
8830 0.582733 0
8840 0.580222 0
8850 0.577428 0
8860 0.575182 0
8870 0.572506 0
8880 0.569794 0
8890 0.567311 0
8900 0.563811 0
8910 0.561591 0
8920 0.558882 0
8930 0.556272 0
8940 0.552762 0
8950 0.550444 0
8960 0.547248 0
8970 0.54482 0
8980 0.542427 0
8990 0.540137 0
9000 0.53753 0

