3300 2.29356 0
3310 2.30365 0
3320 2.32736 0
3330 2.32392 0
3340 2.36635 0
3350 2.35518 0
3360 2.38349 0
3370 2.37681 0
3380 2.25062 0
3390 2.13007 0
3400 1.99766 0
3410 1.8888 0
3420 1.72201 0
3430 1.67731 0
3440 1.59951 0
3450 1.50172 0
3460 1.46966 0
3470 1.41861 0
3480 1.39681 0
3490 1.37713 0
3500 1.44757 0
3510 1.49365 0
3520 1.62156 0
3530 1.7221 0
3540 1.85424 0
3550 1.96172 0
3560 2.07773 0
3570 2.1879 0
3580 2.28968 0
3590 2.40323 0
3600 2.47914 0
3610 2.57796 0
3620 2.65398 0
3630 2.74826 0
3640 2.8215 0
3650 2.88435 0
3660 2.94544 0
3670 3.02087 0
3680 3.07471 0
3690 3.12881 0
3700 3.18803 0
3710 3.23701 0
3720 3.28214 0
3730 3.33627 0
3740 3.34919 0
3750 3.40045 0
3760 3.43379 0
3770 3.44782 0
3780 3.48391 0
3790 3.49498 0
3800 3.53003 0
3810 3.53643 0
3820 3.53452 0
3830 3.56294 0
3840 3.56645 0
3850 3.55798 0
3860 3.60107 0
3870 3.59865 0
3880 3.59436 0
3890 3.58879 0
3900 3.57552 0
3910 3.59211 0
3920 3.58194 0
3930 3.57206 0
3940 3.56178 0
3950 3.54993 0
3960 3.53689 0
3970 3.52281 0
3980 3.50795 0
3990 3.49213 0
4000 3.4753 0
4010 3.45729 0
4020 3.43916 0
4030 3.42159 0
4040 3.40242 0
4050 3.37467 0
4060 3.35527 0
4070 3.33551 0
4080 3.3143 0
4090 3.29531 0
4100 3.27461 0
4110 3.24712 0
4120 3.22669 0
4130 3.20687 0
4140 3.18029 0
4150 3.16179 0
4160 3.1424 0
4170 3.1178 0
4180 3.10067 0
4190 3.08281 0
4200 3.059 0
4210 3.04221 0
4220 3.01858 0
4230 3.0026 0
4240 2.97957 0
4250 2.96403 0
4260 2.94126 0
4270 2.92713 0
4280 2.90455 0
4290 2.89094 0
4300 2.86872 0
4310 2.84712 0
4320 2.83253 0
4330 2.811 0
4340 2.78996 0
4350 2.76934 0
4360 2.75696 0
4370 2.73784 0
4380 2.72653 0
4390 2.71512 0
4400 2.70362 0
4410 2.69209 0
4420 2.68163 0
4430 2.67074 0
4440 2.66187 0
4450 2.65227 0
4460 2.64343 0
4470 2.63412 0
4480 2.62441 0
4490 2.61567 0
4500 2.60664 0
4510 2.59773 0
4520 2.5881 0
4530 2.57937 0
4540 2.57008 0
4550 2.56121 0
4560 2.55211 0
4570 2.54349 0
4580 2.53566 0
4590 2.52722 0
4600 2.51891 0
4610 2.51055 0
4620 2.50232 0
4630 2.49356 0
4640 2.4853 0
4650 2.47695 0
4660 2.4688 0
4670 2.46088 0
4680 2.4518 0
4690 2.44393 0
4700 2.43598 0
4710 2.42717 0
4720 2.41929 0
4730 2.41051 0
4740 2.40274 0
4750 2.39392 0
4760 2.38626 0
4770 2.37752 0
4780 2.36944 0
4790 2.36112 0
4800 2.35245 0
4810 2.3444 0
4820 2.33613 0
4830 2.32745 0
4840 2.31946 0
4850 2.31086 0
4860 2.30256 0
4870 2.29406 0
4880 2.28611 0
4890 2.27753 0
4900 2.26899 0
4910 2.26051 0
4920 2.25231 0
4930 2.24394 0
4940 2.23609 0
4950 2.22764 0
4960 2.21923 0
4970 2.21083 0
4980 2.20247 0
4990 2.19413 0
5000 2.18582 0
5010 2.17751 0
5020 2.1692 0
5030 2.16092 0
5040 2.15264 0
5050 2.14437 0
5060 2.13612 0
5070 2.12789 0
5080 2.11967 0
5090 2.11148 0
5100 2.10326 0
5110 2.09511 0
5120 2.0869 0
5130 2.0788 0
5140 2.07073 0
5150 2.06268 0
5160 2.05466 0
5170 2.04663 0
5180 2.03867 0
5190 2.03067 0
5200 2.02277 0
5210 2.01491 0
5220 2.00705 0
5230 1.99926 0
5240 1.99143 0
5250 1.98371 0
5260 1.97598 0
5270 1.96831 0
5280 1.9606 0
5290 1.95294 0
5300 1.94535 0
5310 1.9377 0
5320 1.93013 0
5330 1.92261 0
5340 1.91506 0
5350 1.90757 0
5360 1.90014 0
5370 1.89265 0
5380 1.88528 0
5390 1.87785 0
5400 1.87054 0
5410 1.86318 0
5420 1.85594 0
5430 1.84864 0
5440 1.84146 0
5450 1.83423 0
5460 1.82712 0
5470 1.81995 0
5480 1.81287 0
5490 1.80581 0
5500 1.7988 0
5510 1.79179 0
5520 1.78481 0
5530 1.77791 0
5540 1.77103 0
5550 1.76417 0
5560 1.75734 0
5570 1.75053 0
5580 1.74374 0
5590 1.73697 0
5600 1.73023 0
5610 1.72351 0
5620 1.71682 0
5630 1.71016 0
5640 1.70352 0
5650 1.69691 0
5660 1.69033 0
5670 1.68377 0
5680 1.67724 0
5690 1.67074 0
5700 1.66426 0
5710 1.65781 0
5720 1.65139 0
5730 1.645 0
5740 1.63863 0
5750 1.63229 0
5760 1.62598 0
5770 1.61969 0
5780 1.61342 0
5790 1.60717 0
5800 1.60095 0
5810 1.59475 0
5820 1.58857 0
5830 1.58241 0
5840 1.57629 0
5850 1.57018 0
5860 1.56409 0
5870 1.55802 0
5880 1.55199 0
5890 1.54597 0
5900 1.53998 0
5910 1.53402 0
5920 1.52807 0
5930 1.52216 0
5940 1.51627 0
5950 1.51041 0
5960 1.50457 0
5970 1.49875 0
5980 1.49296 0
5990 1.4872 0
6000 1.48146 0
6010 1.47575 0
6020 1.47005 0
6030 1.46438 0
6040 1.45873 0
6050 1.45311 0
6060 1.4475 0
6070 1.44191 0
6080 1.43635 0
6090 1.43081 0
6100 1.42529 0
6110 1.41979 0
6120 1.41432 0
6130 1.40887 0
6140 1.40344 0
6150 1.39803 0
6160 1.39264 0
6170 1.38727 0
6180 1.38193 0
6190 1.37661 0
6200 1.37132 0
6210 1.36605 0
6220 1.3608 0
6230 1.35557 0
6240 1.35037 0
6250 1.34519 0
6260 1.34003 0
6270 1.33489 0
6280 1.32977 0
6290 1.32467 0
6300 1.31959 0
6310 1.31453 0
6320 1.30949 0
6330 1.30447 0
6340 1.29946 0
6350 1.29448 0
6360 1.28951 0
6370 1.28457 0
6380 1.27964 0
6390 1.27474 0
6400 1.26985 0
6410 1.26499 0
6420 1.26014 0
6430 1.25531 0
6440 1.25051 0
6450 1.24572 0
6460 1.24095 0
6470 1.23621 0
6480 1.23148 0
6490 1.22677 0
6500 1.22209 0
6510 1.21742 0
6520 1.21278 0
6530 1.20815 0
6540 1.20354 0
6550 1.19896 0
6560 1.19439 0
6570 1.18984 0
6580 1.18532 0
6590 1.18081 0
6600 1.17633 0
6610 1.17186 0
6620 1.16741 0
6630 1.16298 0
6640 1.15858 0
6650 1.15419 0
6660 1.14982 0
6670 1.14547 0
6680 1.14114 0
6690 1.13683 0
6700 1.13254 0
6710 1.12827 0
6720 1.12401 0
6730 1.11978 0
6740 1.11556 0
6750 1.11137 0
6760 1.10719 0
6770 1.10303 0
6780 1.09889 0
6790 1.09477 0
6800 1.09066 0
6810 1.08656 0
6820 1.08249 0
6830 1.07843 0
6840 1.07438 0
6850 1.07035 0
6860 1.06634 0
6870 1.06234 0
6880 1.05836 0
6890 1.0544 0
6900 1.05045 0
6910 1.04652 0
6920 1.04261 0
6930 1.03871 0
6940 1.03482 0
6950 1.03096 0
6960 1.02711 0
6970 1.02327 0
6980 1.01945 0
6990 1.01565 0
7000 1.01186 0
7010 1.00809 0
7020 1.00433 0
7030 1.00059 0
7040 0.996035 0
7050 0.991118 0
7060 0.986403 0
7070 0.981491 0
7080 0.97506 0
7090 0.968038 0
7100 0.960563 0
7110 0.953129 0
7120 0.946665 0
7130 0.939358 0
7140 0.931762 0
7150 0.92453 0
7160 0.917073 0
7170 0.908729 0
7180 0.902102 0
7190 0.894089 0
7200 0.887244 0
7210 0.88033 0
7220 0.873361 0
7230 0.864926 0
7240 0.857964 0
7250 0.851965 0
7260 0.846119 0
7270 0.840311 0
7280 0.83439 0
7290 0.821042 0
7300 0.806221 0
7310 0.789374 0
7320 0.770802 0
7330 0.746308 0
7340 0.720888 0
7350 0.696564 0
7360 0.673648 0
7370 0.64955 0
7380 0.63158 0
7390 0.608291 0
7400 0.588681 0
7410 0.567782 0
7420 0.548976 0
7430 0.530561 0
7440 0.507444 0
7450 0.489514 0
7460 0.47136 0
7470 0.456473 0
7480 0.433055 0
7490 0.4176 0
7500 0.400712 0
7510 0.384789 0
7520 0.372355 0
7530 0.356953 0
7540 0.351111 0
7550 0.347091 0
7560 0.332893 0
7570 0.321755 0
7580 0.311245 0
7590 0.310141 0
7600 0.307327 0
7610 0.29865 0
7620 0.299146 0
7630 0.297995 0
7640 0.299966 0
7650 0.295778 0
7660 0.296995 0
7670 0.301614 0
7680 0.2929 0
7690 0.300044 0
7700 0.291332 0
7710 0.301878 0
7720 0.291629 0
7730 0.300358 0
7740 0.29996 0
7750 0.309273 0
7760 0.311009 0
7770 0.320584 0
7780 0.32615 0
7790 0.332133 0
7800 0.339544 0
7810 0.346806 0
7820 0.355347 0
7830 0.357264 0
7840 0.366846 0
7850 0.371675 0
7860 0.382619 0
7870 0.384702 0
7880 0.393523 0
7890 0.404132 0
7900 0.415394 0
7910 0.421546 0
7920 0.433287 0
7930 0.439611 0
7940 0.449944 0
7950 0.461521 0
7960 0.467582 0
7970 0.476426 0
7980 0.485543 0
7990 0.492163 0
8000 0.499413 0
8010 0.507013 0
8020 0.511922 0
8030 0.52206 0
8040 0.526722 0
8050 0.532426 0
8060 0.539989 0
8070 0.545149 0
8080 0.551651 0
8090 0.554804 0
8100 0.561206 0
8110 0.567643 0
8120 0.571961 0
8130 0.574544 0
8140 0.582259 0
8150 0.586403 0
8160 0.588006 0
8170 0.596232 0
8180 0.597163 0
8190 0.600843 0
8200 0.602995 0
8210 0.608156 0
8220 0.611383 0
8230 0.614658 0
8240 0.617606 0
8250 0.620319 0
8260 0.621425 0
8270 0.625467 0
8280 0.625174 0
8290 0.631037 0
8300 0.631629 0
8310 0.632589 0
8320 0.634267 0
8330 0.633999 0
8340 0.638059 0
8350 0.641717 0
8360 0.641151 0
8370 0.642575 0
8380 0.643643 0
8390 0.642108 0
8400 0.644401 0
8410 0.644885 0
8420 0.646817 0
8430 0.648307 0
8440 0.647202 0
8450 0.647252 0
8460 0.6459 0
8470 0.647007 0
8480 0.645665 0
8490 0.643952 0
8500 0.640296 0
8510 0.639698 0
8520 0.639352 0
8530 0.635959 0
8540 0.633576 0
8550 0.632309 0
8560 0.628011 0
8570 0.62468 0
8580 0.620481 0
8590 0.617991 0
8600 0.61433 0
8610 0.61182 0
8620 0.607802 0
8630 0.603879 0
8640 0.600018 0
8650 0.59593 0
8660 0.592852 0
8670 0.588397 0
8680 0.586339 0
8690 0.581961 0
8700 0.57765 0
8710 0.573507 0
8720 0.570761 0
8730 0.566707 0
8740 0.564322 0
8750 0.561686 0
8760 0.560628 0
8770 0.559479 0
8780 0.557528 0
8790 0.558012 0
8800 0.556011 0
8810 0.553365 0
8820 0.552903 0
8830 0.548768 0
8840 0.547812 0
8850 0.544842 0
8860 0.541912 0
8870 0.540782 0
8880 0.538321 0
8890 0.537468 0
8900 0.534962 0
8910 0.533958 0
8920 0.531362 0
8930 0.528664 0
8940 0.526145 0
8950 0.523943 0
8960 0.521507 0
8970 0.519008 0
8980 0.517804 0
8990 0.514379 0
9000 0.513212 0

