3500 2.07008 0
3510 0.840125 0
3520 0.0595525 0
3530 0.0938413 0
3540 0.126899 0
3550 0.164935 0
3560 0.200224 0
3570 0.237339 0
3580 0.273344 0
3590 0.311749 0
3600 0.353159 0
3610 0.395966 0
3620 0.436 0
3630 0.47966 0
3640 0.527431 0
3650 0.577313 0
3660 0.627554 0
3670 0.683292 0
3680 0.74257 0
3690 0.806252 0
3700 0.875552 0
3710 0.949738 0
3720 1.03573 0
3730 1.13748 0
3740 1.32078 0
3750 1.65766 0
3760 1.95516 0
3770 2.22954 0
3780 2.46372 0
3790 2.66582 0
3800 2.83218 0
3810 2.96372 0
3820 3.07015 0
3830 3.16317 0
3840 3.21421 0
3850 3.24923 0
3860 3.24787 0
3870 3.23038 0
3880 3.19789 0
3890 3.15104 0
3900 3.09966 0
3910 3.04823 0
3920 2.99783 0
3930 2.9486 0
3940 2.901 0
3950 2.85246 0
3960 2.80497 0
3970 2.75747 0
3980 2.71312 0
3990 2.6705 0
4000 2.62847 0
4010 2.5897 0
4020 2.55159 0
4030 2.51539 0
4040 2.48101 0
4050 2.4484 0
4060 2.4175 0
4070 2.38703 0
4080 2.35938 0
4090 2.33204 0
4100 2.30725 0
4110 2.28279 0
4120 2.25964 0
4130 2.23682 0
4140 2.21612 0
4150 2.1956 0
4160 2.17616 0
4170 2.15774 0
4180 2.14032 0
4190 2.12307 0
4200 2.10677 0
4210 2.09139 0
4220 2.07625 0
4230 2.06202 0
4240 2.04865 0
4250 2.03514 0
4260 2.02256 0
4270 2.01194 0
4280 2.0073 0
4290 2.00341 0
4300 1.99949 0
4310 1.99555 0
4320 1.9916 0
4330 1.98764 0
4340 1.98368 0
4350 1.97971 0
4360 1.97571 0
4370 1.97166 0
4380 1.96757 0
4390 1.96345 0
4400 1.95931 0
4410 1.95515 0
4420 1.95098 0
4430 1.94679 0
4440 1.9426 0
4450 1.93841 0
4460 1.93422 0
4470 1.93 0
4480 1.92574 0
4490 1.92144 0
4500 1.91712 0
4510 1.91279 0
4520 1.90844 0
4530 1.90408 0
4540 1.89972 0
4550 1.89536 0
4560 1.89099 0
4570 1.88663 0
4580 1.88223 0
4590 1.87777 0
4600 1.87326 0
4610 1.86872 0
4620 1.86415 0
4630 1.85956 0
4640 1.85495 0
4650 1.85033 0
4660 1.8457 0
4670 1.84107 0
4680 1.83645 0
4690 1.83183 0
4700 1.82722 0
4710 1.82262 0
4720 1.81805 0
4730 1.8135 0
4740 1.80897 0
4750 1.80446 0
4760 1.79998 0
4770 1.79551 0
4780 1.79107 0
4790 1.78664 0
4800 1.78216 0
4810 1.77764 0
4820 1.77306 0
4830 1.76846 0
4840 1.76382 0
4850 1.75915 0
4860 1.75447 0
4870 1.74977 0
4880 1.74507 0
4890 1.74036 0
4900 1.73565 0
4910 1.73095 0
4920 1.72625 0
4930 1.72157 0
4940 1.71691 0
4950 1.71227 0
4960 1.70765 0
4970 1.70306 0
4980 1.69849 0
4990 1.69394 0
5000 1.68942 0
5010 1.6849 0
5020 1.68035 0
5030 1.67576 0
5040 1.67115 0
5050 1.66651 0
5060 1.66185 0
5070 1.65718 0
5080 1.65249 0
5090 1.6478 0
5100 1.64311 0
5110 1.63842 0
5120 1.63373 0
5130 1.62905 0
5140 1.62439 0
5150 1.61974 0
5160 1.6151 0
5170 1.61049 0
5180 1.6059 0
5190 1.60133 0
5200 1.59679 0
5210 1.59227 0
5220 1.58777 0
5230 1.58327 0
5240 1.57875 0
5250 1.57421 0
5260 1.56966 0
5270 1.56508 0
5280 1.5605 0
5290 1.55591 0
5300 1.55132 0
5310 1.54672 0
5320 1.54213 0
5330 1.53754 0
5340 1.53296 0
5350 1.52839 0
5360 1.52384 0
5370 1.5193 0
5380 1.51477 0
5390 1.51026 0
5400 1.50578 0
5410 1.50132 0
5420 1.49688 0
5430 1.49247 0
5440 1.48807 0
5450 1.48368 0
5460 1.47927 0
5470 1.47485 0
5480 1.47042 0
5490 1.46598 0
5500 1.46154 0
5510 1.4571 0
5520 1.45266 0
5530 1.44822 0
5540 1.44379 0
5550 1.43936 0
5560 1.43495 0
5570 1.43054 0
5580 1.42615 0
5590 1.42178 0
5600 1.41742 0
5610 1.41307 0
5620 1.40875 0
5630 1.40446 0
5640 1.40018 0
5650 1.39592 0
5660 1.39169 0
5670 1.38745 0
5680 1.3832 0
5690 1.37895 0
5700 1.3747 0
5710 1.37044 0
5720 1.36619 0
5730 1.36194 0
5740 1.35769 0
5750 1.35345 0
5760 1.34921 0
5770 1.27992 0
5780 1.0989 0
5790 0.912305 0
5800 0.736752 0
5810 0.657295 0
5820 0.584636 0
5830 0.555973 0
5840 0.53055 0
5850 0.505964 0
5860 0.482349 0
5870 0.45986 0
5880 0.438685 0
5890 0.418955 0
5900 0.400793 0
5910 0.384447 0
5920 0.369824 0
5930 0.357265 0
5940 0.346735 0
5950 0.338284 0
5960 0.331988 0
5970 0.327991 0
5980 0.326107 0
5990 0.326517 0
6000 0.329009 0
6010 0.333647 0
6020 0.340355 0
6030 0.349084 0
6040 0.359766 0
6050 0.372303 0
6060 0.386621 0
6070 0.402697 0
6080 0.420531 0
6090 0.440076 0
6100 0.461407 0
6110 0.48466 0
6120 0.509988 0
6130 0.537791 0
6140 0.568962 0
6150 0.612631 0
6160 0.671676 0
6170 0.759691 0
6180 0.866902 0
6190 0.96509 0
6200 1.05807 0
6210 1.14362 0
6220 1.22785 0
6230 1.30044 0
6240 1.36101 0
6250 1.4267 0
6260 1.48073 0
6270 1.51954 0
6280 1.56545 0
6290 1.59724 0
6300 1.62546 0
6310 1.649 0
6320 1.67011 0
6330 1.68705 0
6340 1.68951 0
6350 1.69992 0
6360 1.69594 0
6370 1.68893 0
6380 1.67901 0
6390 1.66632 0
6400 1.65109 0
6410 1.63358 0
6420 1.61439 0
6430 1.59382 0
6440 1.57211 0
6450 1.54993 0
6460 1.52784 0
6470 1.50612 0
6480 1.48587 0
6490 1.46657 0
6500 1.44752 0
6510 1.4287 0
6520 1.41011 0
6530 1.39178 0
6540 1.37382 0
6550 1.35617 0
6560 1.33888 0
6570 1.32195 0
6580 1.30542 0
6590 1.28928 0
6600 1.27356 0
6610 1.25824 0
6620 1.24332 0
6630 1.22881 0
6640 1.21469 0
6650 1.20099 0
6660 1.18768 0
6670 1.17474 0
6680 1.16221 0
6690 1.15003 0
6700 1.13822 0
6710 1.12675 0
6720 1.11568 0
6730 1.10491 0
6740 1.09446 0
6750 1.08436 0
6760 1.07459 0
6770 1.0651 0
6780 1.05588 0
6790 1.04694 0
6800 1.03827 0
6810 1.02987 0
6820 1.02177 0
6830 1.01388 0
6840 1.00623 0
6850 0.99881 0
6860 0.991647 0
6870 0.984653 0
6880 0.977908 0
6890 0.971342 0
6900 0.964987 0
6910 0.958811 0
6920 0.952826 0
6930 0.947002 0
6940 0.941363 0
6950 0.935867 0
6960 0.930531 0
6970 0.925338 0
6980 0.920284 0
6990 0.915357 0
7000 0.910545 0
7010 0.905885 0
7020 0.902011 0
7030 0.898449 0
7040 0.895025 0
7050 0.892058 0
7060 0.889155 0
7070 0.88626 0
7080 0.883373 0
7090 0.880495 0
7100 0.877626 0
7110 0.874766 0
7120 0.871916 0
7130 0.869076 0
7140 0.866246 0
7150 0.863426 0
7160 0.860618 0
7170 0.85782 0
7180 0.855034 0
7190 0.852259 0
7200 0.849496 0
7210 0.846746 0
7220 0.844007 0
7230 0.841281 0
7240 0.838566 0
7250 0.835863 0
7260 0.833171 0
7270 0.830492 0
7280 0.827823 0
7290 0.825167 0
7300 0.822521 0
7310 0.819888 0
7320 0.817265 0
7330 0.814654 0
7340 0.812054 0
7350 0.809465 0
7360 0.806887 0
7370 0.80432 0
7380 0.801764 0
7390 0.799219 0
7400 0.796685 0
7410 0.794158 0
7420 0.791635 0
7430 0.789116 0
7440 0.7866 0
7450 0.78409 0
7460 0.781584 0
7470 0.779083 0
7480 0.776588 0
7490 0.774099 0
7500 0.771616 0
7510 0.769139 0
7520 0.766669 0
7530 0.764205 0
7540 0.761749 0
7550 0.759301 0
7560 0.75686 0
7570 0.754427 0
7580 0.752003 0
7590 0.749587 0
7600 0.747179 0
7610 0.744781 0
7620 0.742391 0
7630 0.740011 0
7640 0.73764 0
7650 0.735279 0
7660 0.732927 0
7670 0.730586 0
7680 0.728254 0
7690 0.725932 0
7700 0.72362 0
7710 0.721317 0
7720 0.719023 0
7730 0.716739 0
7740 0.714465 0
7750 0.712199 0
7760 0.709943 0
7770 0.707697 0
7780 0.705459 0
7790 0.703231 0
7800 0.701011 0
7810 0.698801 0
7820 0.6966 0
7830 0.694408 0
7840 0.692224 0
7850 0.690046 0
7860 0.687874 0
7870 0.685706 0
7880 0.683543 0
7890 0.681386 0
7900 0.679234 0
7910 0.677088 0
7920 0.674948 0
7930 0.672814 0
7940 0.670686 0
7950 0.668564 0
7960 0.666449 0
7970 0.66434 0
7980 0.662238 0
7990 0.660143 0
8000 0.658055 0
8010 0.655974 0
8020 0.653899 0
8030 0.651833 0
8040 0.649773 0
8050 0.647721 0
8060 0.645677 0
8070 0.64364 0
8080 0.641611 0
8090 0.639589 0
8100 0.637576 0
8110 0.635571 0
8120 0.633573 0
8130 0.631584 0
8140 0.629602 0
8150 0.627628 0
8160 0.625662 0
8170 0.623704 0
8180 0.621753 0
8190 0.61981 0
8200 0.617875 0
8210 0.615947 0
8220 0.614027 0
8230 0.612115 0
8240 0.610209 0
8250 0.608312 0
8260 0.606421 0
8270 0.604538 0
8280 0.602662 0
8290 0.600791 0
8300 0.598925 0
8310 0.597065 0
8320 0.59521 0
8330 0.593361 0
8340 0.591517 0
8350 0.589678 0
8360 0.587846 0
8370 0.586019 0
8380 0.584197 0
8390 0.582382 0
8400 0.580572 0
8410 0.578769 0
8420 0.576971 0
8430 0.57518 0
8440 0.573394 0
8450 0.571615 0
8460 0.569842 0
8470 0.568075 0
8480 0.566314 0
8490 0.564559 0
8500 0.562811 0
8510 0.561069 0
8520 0.559334 0
8530 0.557605 0
8540 0.555882 0
8550 0.554166 0
8560 0.552456 0
8570 0.550753 0
8580 0.549056 0
8590 0.547366 0
8600 0.545682 0
8610 0.544004 0
8620 0.542333 0
8630 0.540668 0
8640 0.539009 0
8650 0.537357 0
8660 0.535711 0
8670 0.53407 0
8680 0.532436 0
8690 0.530808 0
8700 0.529186 0
8710 0.527571 0
8720 0.52596 0
8730 0.524355 0
8740 0.522754 0
8750 0.521158 0
8760 0.519568 0
8770 0.517982 0
8780 0.516402 0
8790 0.514826 0
8800 0.513256 0
8810 0.511691 0
8820 0.510131 0
8830 0.508576 0
8840 0.507026 0
8850 0.505481 0
8860 0.503942 0
8870 0.502408 0
8880 0.500879 0
8890 0.499355 0
8900 0.497836 0
8910 0.496323 0
8920 0.494815 0
8930 0.493312 0
8940 0.491814 0
8950 0.490322 0
8960 0.488835 0
8970 0.487353 0
8980 0.485877 0
8990 0.484406 0
9000 0.48294 0

