3300 2.70005 0
3310 2.70067 0
3320 2.7012 0
3330 2.70165 0
3340 2.70196 0
3350 2.70215 0
3360 2.70222 0
3370 2.70218 0
3380 2.70204 0
3390 2.70181 0
3400 2.7015 0
3410 2.67559 0
3420 2.62789 0
3430 2.57423 0
3440 2.51527 0
3450 2.45041 0
3460 2.3808 0
3470 2.30609 0
3480 2.22549 0
3490 2.14437 0
3500 2.06372 0
3510 2.01035 0
3520 2.01599 0
3530 2.02931 0
3540 2.04004 0
3550 2.05848 0
3560 2.09074 0
3570 2.12961 0
3580 2.1634 0
3590 2.19485 0
3600 2.23011 0
3610 2.26898 0
3620 2.3027 0
3630 2.333 0
3640 2.35795 0
3650 2.39859 0
3660 2.40927 0
3670 2.42131 0
3680 2.43303 0
3690 2.44232 0
3700 2.43607 0
3710 2.44077 0
3720 2.43237 0
3730 2.41796 0
3740 2.41452 0
3750 2.39847 0
3760 2.40294 0
3770 2.41554 0
3780 2.45049 0
3790 2.45762 0
3800 2.47195 0
3810 2.49634 0
3820 2.52213 0
3830 2.53039 0
3840 2.54034 0
3850 2.5518 0
3860 2.56032 0
3870 2.56556 0
3880 2.57527 0
3890 2.58226 0
3900 2.5858 0
3910 2.58853 0
3920 2.60102 0
3930 2.60524 0
3940 2.6019 0
3950 2.60821 0
3960 2.6094 0
3970 2.61535 0
3980 2.61499 0
3990 2.61623 0
4000 2.62378 0
4010 2.61758 0
4020 2.62452 0
4030 2.61864 0
4040 2.6173 0
4050 2.61926 0
4060 2.61217 0
4070 2.60614 0
4080 2.6127 0
4090 2.60503 0
4100 2.59758 0
4110 2.58975 0
4120 2.58154 0
4130 2.57314 0
4140 2.56457 0
4150 2.55579 0
4160 2.54667 0
4170 2.53732 0
4180 2.52787 0
4190 2.51817 0
4200 2.5084 0
4210 2.49886 0
4220 2.4895 0
4230 2.4802 0
4240 2.47096 0
4250 2.46202 0
4260 2.4534 0
4270 2.44454 0
4280 2.43559 0
4290 2.42713 0
4300 2.4183 0
4310 2.40989 0
4320 2.40148 0
4330 2.39313 0
4340 2.38504 0
4350 2.37696 0
4360 2.36906 0
4370 2.36138 0
4380 2.3536 0
4390 2.34622 0
4400 2.33871 0
4410 2.33137 0
4420 2.32427 0
4430 2.31714 0
4440 2.31004 0
4450 2.30237 0
4460 2.29149 0
4470 2.27293 0
4480 2.25194 0
4490 2.22984 0
4500 2.20629 0
4510 2.18125 0
4520 2.15477 0
4530 2.12666 0
4540 2.09697 0
4550 2.06664 0
4560 2.03438 0
4570 2.00096 0
4580 1.96699 0
4590 1.93854 0
4600 1.92347 0
4610 1.9204 0
4620 1.92102 0
4630 1.9155 0
4640 1.91429 0
4650 1.9164 0
4660 1.92755 0
4670 1.92894 0
4680 1.93496 0
4690 1.93529 0
4700 1.94153 0
4710 1.95273 0
4720 1.95359 0
4730 1.95573 0
4740 1.96719 0
4750 1.97141 0
4760 1.97656 0
4770 1.98191 0
4780 1.98839 0
4790 1.9957 0
4800 2.00309 0
4810 2.0118 0
4820 2.00726 0
4830 2.01623 0
4840 2.02553 0
4850 2.02231 0
4860 2.03178 0
4870 2.02909 0
4880 2.03869 0
4890 2.03584 0
4900 2.04238 0
4910 2.04256 0
4920 2.04868 0
4930 2.0455 0
4940 2.04553 0
4950 2.05091 0
4960 2.04675 0
4970 2.04263 0
4980 2.04179 0
4990 2.03735 0
5000 2.04127 0
5010 2.03586 0
5020 2.03022 0
5030 2.02432 0
5040 2.01816 0
5050 2.01172 0
5060 2.00503 0
5070 1.99808 0
5080 1.99091 0
5090 1.98352 0
5100 1.97597 0
5110 1.96821 0
5120 1.96028 0
5130 1.95216 0
5140 1.94401 0
5150 1.93584 0
5160 1.92777 0
5170 1.91964 0
5180 1.91146 0
5190 1.90313 0
5200 1.89487 0
5210 1.88682 0
5220 1.87872 0
5230 1.87057 0
5240 1.8625 0
5250 1.85459 0
5260 1.84644 0
5270 1.8377 0
5280 1.82877 0
5290 1.81855 0
5300 1.80806 0
5310 1.79771 0
5320 1.78686 0
5330 1.7761 0
5340 1.76495 0
5350 1.75374 0
5360 1.74221 0
5370 1.73049 0
5380 1.71855 0
5390 1.7065 0
5400 1.69403 0
5410 1.68157 0
5420 1.66992 0
5430 1.65932 0
5440 1.65051 0
5450 1.64485 0
5460 1.64001 0
5470 1.63391 0
5480 1.62871 0
5490 1.62456 0
5500 1.61977 0
5510 1.61592 0
5520 1.61252 0
5530 1.60872 0
5540 1.60361 0
5550 1.60172 0
5560 1.5973 0
5570 1.59313 0
5580 1.59127 0
5590 1.58756 0
5600 1.58406 0
5610 1.56725 0
5620 1.54063 0
5630 1.5052 0
5640 1.46831 0
5650 1.42834 0
5660 1.3866 0
5670 1.34551 0
5680 1.30358 0
5690 1.26174 0
5700 1.21682 0
5710 1.17365 0
5720 1.12694 0
5730 1.08476 0
5740 1.04407 0
5750 1.00151 0
5760 0.962114 0
5770 0.927663 0
5780 0.898607 0
5790 0.885681 0
5800 0.891251 0
5810 0.896468 0
5820 0.896411 0
5830 0.903112 0
5840 0.911147 0
5850 0.924869 0
5860 0.94452 0
5870 0.961364 0
5880 0.98448 0
5890 1.00518 0
5900 1.0243 0
5910 1.04721 0
5920 1.06362 0
5930 1.08046 0
5940 1.09715 0
5950 1.11563 0
5960 1.1343 0
5970 1.15214 0
5980 1.17212 0
5990 1.19047 0
6000 1.21111 0
6010 1.22435 0
6020 1.24453 0
6030 1.26366 0
6040 1.27031 0
6050 1.28864 0
6060 1.30937 0
6070 1.31349 0
6080 1.33242 0
6090 1.33762 0
6100 1.3553 0
6110 1.35931 0
6120 1.37768 0
6130 1.38035 0
6140 1.39116 0
6150 1.39993 0
6160 1.40202 0
6170 1.41171 0
6180 1.41849 0
6190 1.41952 0
6200 1.42847 0
6210 1.42887 0
6220 1.43407 0
6230 1.43286 0
6240 1.43924 0
6250 1.43793 0
6260 1.43671 0
6270 1.43513 0
6280 1.43798 0
6290 1.44294 0
6300 1.43923 0
6310 1.43524 0
6320 1.43103 0
6330 1.42659 0
6340 1.42197 0
6350 1.41706 0
6360 1.41187 0
6370 1.40638 0
6380 1.40065 0
6390 1.39463 0
6400 1.38838 0
6410 1.38187 0
6420 1.37527 0
6430 1.3684 0
6440 1.36123 0
6450 1.35387 0
6460 1.34627 0
6470 1.33875 0
6480 1.33134 0
6490 1.32392 0
6500 1.31664 0
6510 1.30944 0
6520 1.30182 0
6530 1.29417 0
6540 1.2869 0
6550 1.27967 0
6560 1.27276 0
6570 1.26527 0
6580 1.25779 0
6590 1.25065 0
6600 1.2436 0
6610 1.23633 0
6620 1.22904 0
6630 1.22214 0
6640 1.21515 0
6650 1.20788 0
6660 1.20124 0
6670 1.19449 0
6680 1.18735 0
6690 1.18095 0
6700 1.17438 0
6710 1.16739 0
6720 1.1614 0
6730 1.1548 0
6740 1.14837 0
6750 1.14262 0
6760 1.1359 0
6770 1.13038 0
6780 1.12412 0
6790 1.11838 0
6800 1.1127 0
6810 1.10683 0
6820 1.10154 0
6830 1.09572 0
6840 1.09067 0
6850 1.08503 0
6860 1.08008 0
6870 1.07477 0
6880 1.06977 0
6890 1.0649 0
6900 1.05972 0
6910 1.05532 0
6920 1.05027 0
6930 1.04577 0
6940 1.04097 0
6950 1.03596 0
6960 1.03139 0
6970 1.02674 0
6980 1.0227 0
6990 1.01866 0
7000 1.01482 0
7010 1.01097 0
7020 1.0071 0
7030 1.00321 0
7040 0.999318 0
7050 0.995374 0
7060 0.991452 0
7070 0.987468 0
7080 0.983511 0
7090 0.979502 0
7100 0.975467 0
7110 0.971423 0
7120 0.967401 0
7130 0.963379 0
7140 0.959577 0
7150 0.956472 0
7160 0.95334 0
7170 0.950179 0
7180 0.94687 0
7190 0.943639 0
7200 0.940825 0
7210 0.937456 0
7220 0.934546 0
7230 0.931781 0
7240 0.928688 0
7250 0.925633 0
7260 0.923034 0
7270 0.920074 0
7280 0.917155 0
7290 0.914258 0
7300 0.91142 0
7310 0.908607 0
7320 0.905829 0
7330 0.9031 0
7340 0.900385 0
7350 0.897737 0
7360 0.895101 0
7370 0.891992 0
7380 0.889399 0
7390 0.886876 0
7400 0.884373 0
7410 0.881344 0
7420 0.878894 0
7430 0.875919 0
7440 0.873519 0
7450 0.871153 0
7460 0.868233 0
7470 0.865927 0
7480 0.863032 0
7490 0.860782 0
7500 0.857938 0
7510 0.855131 0
7520 0.852899 0
7530 0.850127 0
7540 0.847929 0
7550 0.845158 0
7560 0.842444 0
7570 0.840292 0
7580 0.837559 0
7590 0.834861 0
7600 0.832753 0
7610 0.830073 0
7620 0.827397 0
7630 0.824747 0
7640 0.822654 0
7650 0.82001 0
7660 0.817378 0
7670 0.814771 0
7680 0.812162 0
7690 0.810099 0
7700 0.807486 0
7710 0.804882 0
7720 0.802289 0
7730 0.799716 0
7740 0.797149 0
7750 0.794586 0
7760 0.792558 0
7770 0.78999 0
7780 0.787426 0
7790 0.784868 0
7800 0.782315 0
7810 0.779767 0
7820 0.777224 0
7830 0.774686 0
7840 0.772153 0
7850 0.769625 0
7860 0.767102 0
7870 0.764585 0
7880 0.762073 0
7890 0.759566 0
7900 0.757065 0
7910 0.75457 0
7920 0.752081 0
7930 0.749598 0
7940 0.747123 0
7950 0.744651 0
7960 0.742185 0
7970 0.739727 0
7980 0.737275 0
7990 0.734831 0
8000 0.732399 0
8010 0.729978 0
8020 0.727563 0
8030 0.725157 0
8040 0.722758 0
8050 0.720364 0
8060 0.717974 0
8070 0.715592 0
8080 0.713223 0
8090 0.710867 0
8100 0.70852 0
8110 0.706181 0
8120 0.703842 0
8130 0.701512 0
8140 0.699198 0
8150 0.696896 0
8160 0.694603 0
8170 0.692309 0
8180 0.690024 0
8190 0.687759 0
8200 0.685504 0
8210 0.683253 0
8220 0.681006 0
8230 0.678776 0
8240 0.676559 0
8250 0.674346 0
8260 0.672135 0
8270 0.669946 0
8280 0.667767 0
8290 0.665586 0
8300 0.663418 0
8310 0.661258 0
8320 0.658773 0
8330 0.656232 0
8340 0.653686 0
8350 0.651124 0
8360 0.648554 0
8370 0.645959 0
8380 0.643353 0
8390 0.640725 0
8400 0.63809 0
8410 0.635413 0
8420 0.632733 0
8430 0.630029 0
8440 0.627293 0
8450 0.624527 0
8460 0.621782 0
8470 0.618967 0
8480 0.616123 0
8490 0.613253 0
8500 0.610367 0
8510 0.607459 0
8520 0.60455 0
8530 0.601601 0
8540 0.598648 0
8550 0.595691 0
8560 0.592787 0
8570 0.59067 0
8580 0.588778 0
8590 0.587235 0
8600 0.585178 0
8610 0.583239 0
8620 0.581499 0
8630 0.579872 0
8640 0.578222 0
8650 0.576183 0
8660 0.57486 0
8670 0.573145 0
8680 0.571461 0
8690 0.57046 0
8700 0.568897 0
8710 0.567338 0
8720 0.565859 0
8730 0.564403 0
8740 0.563002 0
8750 0.561643 0
8760 0.560323 0
8770 0.558254 0
8780 0.556982 0
8790 0.555754 0
8800 0.554588 0
8810 0.55261 0
8820 0.551487 0
8830 0.550385 0
8840 0.548513 0
8850 0.547448 0
8860 0.546472 0
8870 0.544629 0
8880 0.543671 0
8890 0.541888 0
8900 0.54099 0
8910 0.539213 0
8920 0.538384 0
8930 0.536657 0
8940 0.535838 0
8950 0.534153 0
8960 0.533413 0
8970 0.531721 0
8980 0.530102 0
8990 0.529397 0
9000 0.527763 0

