3500 1.96434 0
3510 1.89698 0
3520 1.83248 0
3530 1.7731 0
3540 1.72009 0
3550 1.67627 0
3560 1.65055 0
3570 1.72265 0
3580 1.8246 0
3590 1.91479 0
3600 2.01866 0
3610 2.11732 0
3620 2.19859 0
3630 2.2966 0
3640 2.38631 0
3650 2.44099 0
3660 2.48299 0
3670 2.51168 0
3680 2.53527 0
3690 2.57305 0
3700 2.57845 0
3710 2.58335 0
3720 2.58766 0
3730 2.59783 0
3740 2.60519 0
3750 2.60092 0
3760 2.60546 0
3770 2.59645 0
3780 2.58323 0
3790 2.56914 0
3800 2.5537 0
3810 2.53033 0
3820 2.56937 0
3830 2.62039 0
3840 2.65363 0
3850 2.68851 0
3860 2.71594 0
3870 2.74613 0
3880 2.7798 0
3890 2.80096 0
3900 2.82346 0
3910 2.84674 0
3920 2.86618 0
3930 2.8805 0
3940 2.90258 0
3950 2.91847 0
3960 2.92917 0
3970 2.94056 0
3980 2.95094 0
3990 2.96219 0
4000 2.96626 0
4010 2.9765 0
4020 2.98719 0
4030 2.97819 0
4040 2.98739 0
4050 2.97765 0
4060 2.98539 0
4070 2.97407 0
4080 2.9629 0
4090 2.96877 0
4100 2.9549 0
4110 2.94049 0
4120 2.92594 0
4130 2.91067 0
4140 2.89475 0
4150 2.87821 0
4160 2.8614 0
4170 2.84426 0
4180 2.82659 0
4190 2.80878 0
4200 2.79105 0
4210 2.77319 0
4220 2.75549 0
4230 2.7376 0
4240 2.71986 0
4250 2.70251 0
4260 2.68524 0
4270 2.66802 0
4280 2.65152 0
4290 2.63484 0
4300 2.61885 0
4310 2.60313 0
4320 2.5886 0
4330 2.57411 0
4340 2.56014 0
4350 2.54634 0
4360 2.53275 0
4370 2.51961 0
4380 2.50669 0
4390 2.49396 0
4400 2.48159 0
4410 2.46951 0
4420 2.4577 0
4430 2.44607 0
4440 2.43468 0
4450 2.42142 0
4460 2.40095 0
4470 2.36326 0
4480 2.32264 0
4490 2.281 0
4500 2.23834 0
4510 2.19437 0
4520 2.1504 0
4530 2.10449 0
4540 2.05838 0
4550 2.01147 0
4560 1.96357 0
4570 1.91801 0
4580 1.8761 0
4590 1.84486 0
4600 1.81365 0
4610 1.78268 0
4620 1.75262 0
4630 1.72331 0
4640 1.69507 0
4650 1.66907 0
4660 1.65276 0
4670 1.65373 0
4680 1.68059 0
4690 1.70279 0
4700 1.72657 0
4710 1.74869 0
4720 1.77488 0
4730 1.80169 0
4740 1.82228 0
4750 1.8449 0
4760 1.8659 0
4770 1.89204 0
4780 1.90515 0
4790 1.93332 0
4800 1.94805 0
4810 1.96347 0
4820 1.97899 0
4830 2.00618 0
4840 2.02183 0
4850 2.03789 0
4860 2.04214 0
4870 2.05395 0
4880 2.06927 0
4890 2.08477 0
4900 2.08421 0
4910 2.09853 0
4920 2.10922 0
4930 2.11065 0
4940 2.12043 0
4950 2.12095 0
4960 2.11753 0
4970 2.12517 0
4980 2.12056 0
4990 2.11939 0
5000 2.11381 0
5010 2.11862 0
5020 2.11111 0
5030 2.10312 0
5040 2.09472 0
5050 2.08612 0
5060 2.07752 0
5070 2.06843 0
5080 2.05872 0
5090 2.04896 0
5100 2.03849 0
5110 2.02798 0
5120 2.01694 0
5130 2.00573 0
5140 1.99453 0
5150 1.98312 0
5160 1.97209 0
5170 1.96071 0
5180 1.94956 0
5190 1.93821 0
5200 1.92699 0
5210 1.91581 0
5220 1.90468 0
5230 1.89366 0
5240 1.88307 0
5250 1.87277 0
5260 1.86207 0
5270 1.85039 0
5280 1.83731 0
5290 1.82229 0
5300 1.80681 0
5310 1.79136 0
5320 1.77581 0
5330 1.76021 0
5340 1.74477 0
5350 1.72883 0
5360 1.71289 0
5370 1.69708 0
5380 1.68102 0
5390 1.66492 0
5400 1.64924 0
5410 1.63446 0
5420 1.61984 0
5430 1.60676 0
5440 1.59357 0
5450 1.58064 0
5460 1.56768 0
5470 1.55488 0
5480 1.54206 0
5490 1.52966 0
5500 1.51793 0
5510 1.50897 0
5520 1.50079 0
5530 1.49867 0
5540 1.49745 0
5550 1.49712 0
5560 1.49607 0
5570 1.49538 0
5580 1.49338 0
5590 1.49201 0
5600 1.49354 0
5610 1.46039 0
5620 1.41419 0
5630 1.35211 0
5640 1.28714 0
5650 1.22478 0
5660 1.16277 0
5670 1.0988 0
5680 1.03475 0
5690 0.971368 0
5700 0.909967 0
5710 0.852296 0
5720 0.79463 0
5730 0.739024 0
5740 0.683989 0
5750 0.631663 0
5760 0.600291 0
5770 0.576529 0
5780 0.561607 0
5790 0.549004 0
5800 0.539029 0
5810 0.529664 0
5820 0.523781 0
5830 0.518834 0
5840 0.516557 0
5850 0.518069 0
5860 0.521283 0
5870 0.535532 0
5880 0.56024 0
5890 0.605406 0
5900 0.652037 0
5910 0.697497 0
5920 0.739341 0
5930 0.781979 0
5940 0.82633 0
5950 0.866083 0
5960 0.905709 0
5970 0.942236 0
5980 0.975446 0
5990 1.01209 0
6000 1.04431 0
6010 1.08107 0
6020 1.10878 0
6030 1.13606 0
6040 1.16338 0
6050 1.1892 0
6060 1.21539 0
6070 1.23986 0
6080 1.26464 0
6090 1.2844 0
6100 1.30715 0
6110 1.33009 0
6120 1.33829 0
6130 1.35916 0
6140 1.3798 0
6150 1.38549 0
6160 1.40449 0
6170 1.40977 0
6180 1.42681 0
6190 1.42998 0
6200 1.44266 0
6210 1.44845 0
6220 1.45067 0
6230 1.46017 0
6240 1.46367 0
6250 1.46393 0
6260 1.47211 0
6270 1.47065 0
6280 1.46882 0
6290 1.47005 0
6300 1.46709 0
6310 1.4719 0
6320 1.4674 0
6330 1.46258 0
6340 1.45734 0
6350 1.4517 0
6360 1.44565 0
6370 1.43919 0
6380 1.43235 0
6390 1.42514 0
6400 1.4176 0
6410 1.40974 0
6420 1.4015 0
6430 1.3929 0
6440 1.38404 0
6450 1.37486 0
6460 1.3654 0
6470 1.35587 0
6480 1.34673 0
6490 1.3376 0
6500 1.32838 0
6510 1.31898 0
6520 1.30968 0
6530 1.30063 0
6540 1.29173 0
6550 1.28263 0
6560 1.27349 0
6570 1.26436 0
6580 1.25546 0
6590 1.24635 0
6600 1.23725 0
6610 1.22856 0
6620 1.2195 0
6630 1.21061 0
6640 1.20213 0
6650 1.1932 0
6660 1.18462 0
6670 1.17628 0
6680 1.16754 0
6690 1.15947 0
6700 1.15104 0
6710 1.14285 0
6720 1.1349 0
6730 1.12663 0
6740 1.11911 0
6750 1.11093 0
6760 1.10369 0
6770 1.09572 0
6780 1.08867 0
6790 1.08099 0
6800 1.07404 0
6810 1.06675 0
6820 1.05982 0
6830 1.05299 0
6840 1.04598 0
6850 1.03954 0
6860 1.03283 0
6870 1.02634 0
6880 1.02007 0
6890 1.01377 0
6900 1.00756 0
6910 1.0016 0
6920 0.995639 0
6930 0.989598 0
6940 0.983278 0
6950 0.977019 0
6960 0.970889 0
6970 0.964836 0
6980 0.958794 0
6990 0.952795 0
7000 0.946891 0
7010 0.941133 0
7020 0.935406 0
7030 0.929765 0
7040 0.924172 0
7050 0.918636 0
7060 0.913159 0
7070 0.907743 0
7080 0.902363 0
7090 0.897055 0
7100 0.892327 0
7110 0.887742 0
7120 0.883792 0
7130 0.87997 0
7140 0.876147 0
7150 0.872323 0
7160 0.868504 0
7170 0.86469 0
7180 0.860882 0
7190 0.857083 0
7200 0.853297 0
7210 0.84953 0
7220 0.845787 0
7230 0.84208 0
7240 0.838427 0
7250 0.835104 0
7260 0.832638 0
7270 0.830416 0
7280 0.827951 0
7290 0.825662 0
7300 0.823149 0
7310 0.820746 0
7320 0.81842 0
7330 0.816184 0
7340 0.814056 0
7350 0.811482 0
7360 0.809485 0
7370 0.807029 0
7380 0.804603 0
7390 0.802804 0
7400 0.800471 0
7410 0.79819 0
7420 0.795939 0
7430 0.793733 0
7440 0.791554 0
7450 0.789421 0
7460 0.787315 0
7470 0.784595 0
7480 0.782527 0
7490 0.780503 0
7500 0.77852 0
7510 0.775861 0
7520 0.773907 0
7530 0.771309 0
7540 0.769376 0
7550 0.767494 0
7560 0.764921 0
7570 0.763053 0
7580 0.760512 0
7590 0.758689 0
7600 0.756149 0
7610 0.75365 0
7620 0.751828 0
7630 0.749347 0
7640 0.747561 0
7650 0.745054 0
7660 0.742589 0
7670 0.740831 0
7680 0.738349 0
7690 0.735887 0
7700 0.733432 0
7710 0.731672 0
7720 0.729204 0
7730 0.726746 0
7740 0.724304 0
7750 0.721864 0
7760 0.719427 0
7770 0.717664 0
7780 0.715212 0
7790 0.71276 0
7800 0.710311 0
7810 0.707863 0
7820 0.705421 0
7830 0.70298 0
7840 0.700539 0
7850 0.698099 0
7860 0.695659 0
7870 0.69322 0
7880 0.690782 0
7890 0.688345 0
7900 0.685914 0
7910 0.683487 0
7920 0.681064 0
7930 0.678644 0
7940 0.676225 0
7950 0.673811 0
7960 0.671402 0
7970 0.668999 0
7980 0.666602 0
7990 0.664211 0
8000 0.661829 0
8010 0.659458 0
8020 0.657095 0
8030 0.654736 0
8040 0.652382 0
8050 0.650037 0
8060 0.6477 0
8070 0.645377 0
8080 0.643066 0
8090 0.64076 0
8100 0.63846 0
8110 0.636169 0
8120 0.633893 0
8130 0.631631 0
8140 0.629372 0
8150 0.627121 0
8160 0.624882 0
8170 0.622661 0
8180 0.620444 0
8190 0.618235 0
8200 0.616039 0
8210 0.61386 0
8220 0.611681 0
8230 0.609514 0
8240 0.607366 0
8250 0.605221 0
8260 0.603085 0
8270 0.600967 0
8280 0.598854 0
8290 0.596749 0
8300 0.59466 0
8310 0.592211 0
8320 0.589384 0
8330 0.586523 0
8340 0.583656 0
8350 0.580769 0
8360 0.57787 0
8370 0.574971 0
8380 0.57205 0
8390 0.569148 0
8400 0.566215 0
8410 0.56326 0
8420 0.560305 0
8430 0.557322 0
8440 0.554358 0
8450 0.55135 0
8460 0.548367 0
8470 0.545332 0
8480 0.54232 0
8490 0.539282 0
8500 0.536235 0
8510 0.533179 0
8520 0.53012 0
8530 0.527284 0
8540 0.524707 0
8550 0.522136 0
8560 0.519562 0
8570 0.516987 0
8580 0.514407 0
8590 0.51183 0
8600 0.509257 0
8610 0.506686 0
8620 0.504124 0
8630 0.501575 0
8640 0.499034 0
8650 0.496516 0
8660 0.494027 0
8670 0.491582 0
8680 0.489194 0
8690 0.487174 0
8700 0.486035 0
8710 0.485339 0
8720 0.484453 0
8730 0.483529 0
8740 0.483085 0
8750 0.481947 0
8760 0.481236 0
8770 0.48037 0
8780 0.479491 0
8790 0.47909 0
8800 0.478052 0
8810 0.477501 0
8820 0.476912 0
8830 0.476039 0
8840 0.475212 0
8850 0.474427 0
8860 0.473687 0
8870 0.472981 0
8880 0.472322 0
8890 0.47169 0
8900 0.47111 0
8910 0.470032 0
8920 0.469093 0
8930 0.46859 0
8940 0.468118 0
8950 0.467135 0
8960 0.466284 0
8970 0.465333 0
8980 0.464957 0
8990 0.46416 0
9000 0.46325 0

