3300 2.11682 0
3310 1.68889 0
3320 1.23158 0
3330 0.85324 0
3340 0.71453 0
3350 0.602042 0
3360 0.51508 0
3370 0.453488 0
3380 0.416042 0
3390 0.393037 0
3400 0.382883 0
3410 0.38479 0
3420 0.39384 0
3430 0.408877 0
3440 0.423351 0
3450 0.440352 0
3460 0.453564 0
3470 0.465606 0
3480 0.476461 0
3490 0.488165 0
3500 0.502535 0
3510 0.519919 0
3520 0.540414 0
3530 0.561237 0
3540 0.593086 0
3550 0.628722 0
3560 0.707687 0
3570 0.90104 0
3580 1.14607 0
3590 1.36142 0
3600 1.58563 0
3610 1.76045 0
3620 1.93615 0
3630 2.09805 0
3640 2.2557 0
3650 2.31292 0
3660 2.33481 0
3670 2.31229 0
3680 2.2977 0
3690 2.27267 0
3700 2.21211 0
3710 2.14813 0
3720 2.09152 0
3730 2.05174 0
3740 2.008 0
3750 1.97073 0
3760 1.9384 0
3770 1.90382 0
3780 1.88492 0
3790 1.86917 0
3800 1.87524 0
3810 1.88769 0
3820 1.99062 0
3830 2.11879 0
3840 2.23365 0
3850 2.34589 0
3860 2.44866 0
3870 2.55446 0
3880 2.66159 0
3890 2.75315 0
3900 2.84317 0
3910 2.93228 0
3920 3.01862 0
3930 3.08376 0
3940 3.16323 0
3950 3.22195 0
3960 3.27694 0
3970 3.32799 0
3980 3.37469 0
3990 3.41776 0
4000 3.45437 0
4010 3.49045 0
4020 3.5218 0
4030 3.53293 0
4040 3.55502 0
4050 3.55922 0
4060 3.57597 0
4070 3.57528 0
4080 3.57132 0
4090 3.57747 0
4100 3.56378 0
4110 3.54881 0
4120 3.53116 0
4130 3.51039 0
4140 3.48728 0
4150 3.46025 0
4160 3.4338 0
4170 3.40178 0
4180 3.37243 0
4190 3.34081 0
4200 3.30926 0
4210 3.27513 0
4220 3.24115 0
4230 3.20492 0
4240 3.16944 0
4250 3.13358 0
4260 3.09646 0
4270 3.0611 0
4280 3.02995 0
4290 2.9973 0
4300 2.96541 0
4310 2.93373 0
4320 2.90383 0
4330 2.87322 0
4340 2.84623 0
4350 2.8179 0
4360 2.79113 0
4370 2.76308 0
4380 2.73805 0
4390 2.7129 0
4400 2.68805 0
4410 2.66434 0
4420 2.64097 0
4430 2.61777 0
4440 2.59647 0
4450 2.56896 0
4460 2.51657 0
4470 2.41856 0
4480 2.31029 0
4490 2.19578 0
4500 2.0779 0
4510 1.95457 0
4520 1.82816 0
4530 1.69717 0
4540 1.56602 0
4550 1.43359 0
4560 1.30189 0
4570 1.18004 0
4580 1.07564 0
4590 1.00255 0
4600 0.937603 0
4610 0.880781 0
4620 0.834634 0
4630 0.7978 0
4640 0.770927 0
4650 0.754394 0
4660 0.756203 0
4670 0.801173 0
4680 0.889625 0
4690 0.974613 0
4700 1.06022 0
4710 1.14087 0
4720 1.22433 0
4730 1.31028 0
4740 1.38373 0
4750 1.45724 0
4760 1.53026 0
4770 1.60353 0
4780 1.65861 0
4790 1.73058 0
4800 1.78538 0
4810 1.83815 0
4820 1.90691 0
4830 1.95483 0
4840 2.00021 0
4850 2.04359 0
4860 2.06701 0
4870 2.10506 0
4880 2.14096 0
4890 2.17371 0
4900 2.18851 0
4910 2.21749 0
4920 2.24438 0
4930 2.25032 0
4940 2.27312 0
4950 2.27459 0
4960 2.27601 0
4970 2.29178 0
4980 2.28804 0
4990 2.2835 0
5000 2.27688 0
5010 2.28374 0
5020 2.27023 0
5030 2.25622 0
5040 2.23942 0
5050 2.22542 0
5060 2.2144 0
5070 2.2031 0
5080 2.18806 0
5090 2.17431 0
5100 2.15782 0
5110 2.14182 0
5120 2.1231 0
5130 2.10485 0
5140 2.08518 0
5150 2.06414 0
5160 2.04597 0
5170 2.02787 0
5180 2.00749 0
5190 1.98675 0
5200 1.96629 0
5210 1.94618 0
5220 1.92648 0
5230 1.90716 0
5240 1.89061 0
5250 1.87702 0
5260 1.86264 0
5270 1.8473 0
5280 1.82551 0
5290 1.79945 0
5300 1.76994 0
5310 1.73799 0
5320 1.70705 0
5330 1.67282 0
5340 1.63959 0
5350 1.6018 0
5360 1.56321 0
5370 1.5258 0
5380 1.48441 0
5390 1.44336 0
5400 1.40058 0
5410 1.36037 0
5420 1.31825 0
5430 1.28009 0
5440 1.23969 0
5450 1.20152 0
5460 1.16363 0
5470 1.1271 0
5480 1.0897 0
5490 1.05688 0
5500 1.02687 0
5510 1.00619 0
5520 0.994335 0
5530 1.01007 0
5540 1.03403 0
5550 1.05382 0
5560 1.07321 0
5570 1.09556 0
5580 1.11183 0
5590 1.13981 0
5600 1.16072 0
5610 1.10441 0
5620 1.03583 0
5630 0.957774 0
5640 0.872897 0
5650 0.804516 0
5660 0.730366 0
5670 0.659261 0
5680 0.594777 0
5690 0.534354 0
5700 0.491387 0
5710 0.458684 0
5720 0.431287 0
5730 0.409752 0
5740 0.392099 0
5750 0.375638 0
5760 0.371457 0
5770 0.372658 0
5780 0.376463 0
5790 0.382277 0
5800 0.390192 0
5810 0.399669 0
5820 0.411188 0
5830 0.423923 0
5840 0.438523 0
5850 0.454825 0
5860 0.472911 0
5870 0.495668 0
5880 0.529207 0
5890 0.58552 0
5900 0.640513 0
5910 0.69467 0
5920 0.745395 0
5930 0.796253 0
5940 0.847577 0
5950 0.892175 0
5960 0.936635 0
5970 0.980392 0
5980 1.01438 0
5990 1.05664 0
6000 1.08961 0
6010 1.12972 0
6020 1.16038 0
6030 1.18918 0
6040 1.21802 0
6050 1.24471 0
6060 1.27126 0
6070 1.29566 0
6080 1.32059 0
6090 1.34319 0
6100 1.36558 0
6110 1.38672 0
6120 1.39616 0
6130 1.41584 0
6140 1.43392 0
6150 1.44039 0
6160 1.45755 0
6170 1.46395 0
6180 1.47827 0
6190 1.48308 0
6200 1.49709 0
6210 1.49948 0
6220 1.50144 0
6230 1.51136 0
6240 1.51197 0
6250 1.51209 0
6260 1.52088 0
6270 1.51829 0
6280 1.51564 0
6290 1.51228 0
6300 1.50855 0
6310 1.51433 0
6320 1.51028 0
6330 1.50587 0
6340 1.50113 0
6350 1.49607 0
6360 1.4903 0
6370 1.48404 0
6380 1.47758 0
6390 1.47066 0
6400 1.46341 0
6410 1.45598 0
6420 1.4476 0
6430 1.43964 0
6440 1.43081 0
6450 1.42195 0
6460 1.41248 0
6470 1.40257 0
6480 1.39272 0
6490 1.38374 0
6500 1.37415 0
6510 1.36497 0
6520 1.35582 0
6530 1.34635 0
6540 1.33742 0
6550 1.32781 0
6560 1.31893 0
6570 1.30927 0
6580 1.29989 0
6590 1.29117 0
6600 1.28199 0
6610 1.27329 0
6620 1.26385 0
6630 1.25502 0
6640 1.24601 0
6650 1.23733 0
6660 1.22802 0
6670 1.2192 0
6680 1.21066 0
6690 1.20162 0
6700 1.19311 0
6710 1.1846 0
6720 1.17602 0
6730 1.16722 0
6740 1.15883 0
6750 1.15044 0
6760 1.14215 0
6770 1.13427 0
6780 1.12599 0
6790 1.11766 0
6800 1.10974 0
6810 1.10151 0
6820 1.0938 0
6830 1.08565 0
6840 1.07794 0
6850 1.07021 0
6860 1.06226 0
6870 1.05481 0
6880 1.04708 0
6890 1.03949 0
6900 1.032 0
6910 1.02464 0
6920 1.01725 0
6930 1.00934 0
6940 1.00047 0
6950 0.991334 0
6960 0.982178 0
6970 0.973047 0
6980 0.963715 0
6990 0.954464 0
7000 0.945368 0
7010 0.935978 0
7020 0.926484 0
7030 0.916881 0
7040 0.907177 0
7050 0.897378 0
7060 0.887648 0
7070 0.877676 0
7080 0.867427 0
7090 0.856338 0
7100 0.845386 0
7110 0.834624 0
7120 0.822076 0
7130 0.805496 0
7140 0.787871 0
7150 0.770637 0
7160 0.751499 0
7170 0.732702 0
7180 0.71478 0
7190 0.693756 0
7200 0.674527 0
7210 0.654554 0
7220 0.633041 0
7230 0.613534 0
7240 0.596695 0
7250 0.580614 0
7260 0.570042 0
7270 0.557916 0
7280 0.544883 0
7290 0.532782 0
7300 0.519007 0
7310 0.505204 0
7320 0.491358 0
7330 0.478219 0
7340 0.467152 0
7350 0.454091 0
7360 0.443277 0
7370 0.430427 0
7380 0.417471 0
7390 0.406843 0
7400 0.394472 0
7410 0.382134 0
7420 0.370008 0
7430 0.357906 0
7440 0.345908 0
7450 0.334055 0
7460 0.322384 0
7470 0.309098 0
7480 0.297942 0
7490 0.287052 0
7500 0.276511 0
7510 0.264638 0
7520 0.254895 0
7530 0.245567 0
7540 0.23525 0
7550 0.227068 0
7560 0.218039 0
7570 0.210947 0
7580 0.203005 0
7590 0.197015 0
7600 0.190464 0
7610 0.184725 0
7620 0.181083 0
7630 0.177263 0
7640 0.17468 0
7650 0.174463 0
7660 0.182608 0
7670 0.191513 0
7680 0.200053 0
7690 0.209168 0
7700 0.217978 0
7710 0.226747 0
7720 0.234373 0
7730 0.242143 0
7740 0.249102 0
7750 0.255181 0
7760 0.273001 0
7770 0.302178 0
7780 0.331645 0
7790 0.357733 0
7800 0.38585 0
7810 0.411131 0
7820 0.435642 0
7830 0.462301 0
7840 0.485361 0
7850 0.507967 0
7860 0.530957 0
7870 0.551491 0
7880 0.571564 0
7890 0.593259 0
7900 0.60925 0
7910 0.625983 0
7920 0.638028 0
7930 0.65113 0
7940 0.66583 0
7950 0.678281 0
7960 0.689762 0
7970 0.701086 0
7980 0.712267 0
7990 0.724069 0
8000 0.736736 0
8010 0.745625 0
8020 0.745835 0
8030 0.746249 0
8040 0.745882 0
8050 0.745076 0
8060 0.744972 0
8070 0.744216 0
8080 0.743501 0
8090 0.741989 0
8100 0.741511 0
8110 0.740328 0
8120 0.739194 0
8130 0.737883 0
8140 0.737169 0
8150 0.735609 0
8160 0.73489 0
8170 0.73342 0
8180 0.732032 0
8190 0.731462 0
8200 0.730148 0
8210 0.729031 0
8220 0.727834 0
8230 0.726894 0
8240 0.725499 0
8250 0.723497 0
8260 0.721557 0
8270 0.717344 0
8280 0.714837 0
8290 0.711528 0
8300 0.708165 0
8310 0.705335 0
8320 0.699321 0
8330 0.693756 0
8340 0.688449 0
8350 0.682259 0
8360 0.676052 0
8370 0.670027 0
8380 0.663957 0
8390 0.656837 0
8400 0.650916 0
8410 0.644674 0
8420 0.637903 0
8430 0.630456 0
8440 0.623299 0
8450 0.616329 0
8460 0.609013 0
8470 0.60125 0
8480 0.59313 0
8490 0.584651 0
8500 0.577052 0
8510 0.56922 0
8520 0.560978 0
8530 0.552605 0
8540 0.545317 0
8550 0.537841 0
8560 0.530437 0
8570 0.522686 0
8580 0.515023 0
8590 0.507643 0
8600 0.500484 0
8610 0.493125 0
8620 0.485968 0
8630 0.479157 0
8640 0.472263 0
8650 0.465538 0
8660 0.458778 0
8670 0.4523 0
8680 0.445989 0
8690 0.440057 0
8700 0.438832 0
8710 0.440052 0
8720 0.440775 0
8730 0.44281 0
8740 0.445956 0
8750 0.447274 0
8760 0.449016 0
8770 0.451226 0
8780 0.451303 0
8790 0.455095 0
8800 0.455362 0
8810 0.455564 0
8820 0.45936 0
8830 0.460563 0
8840 0.461788 0
8850 0.463085 0
8860 0.46437 0
8870 0.467326 0
8880 0.47038 0
8890 0.473119 0
8900 0.475859 0
8910 0.480023 0
8920 0.479054 0
8930 0.482433 0
8940 0.486467 0
8950 0.490353 0
8960 0.489618 0
8970 0.493762 0
8980 0.49794 0
8990 0.497083 0
9000 0.501836 0

