3300 2.08655 0
3310 2.05839 0
3320 2.0422 0
3330 2.10326 0
3340 2.16232 0
3350 2.22419 0
3360 2.28578 0
3370 2.34599 0
3380 2.13437 0
3390 1.92114 0
3400 1.67664 0
3410 1.46766 0
3420 1.2969 0
3430 1.11488 0
3440 0.925953 0
3450 0.779805 0
3460 0.634417 0
3470 0.485402 0
3480 0.484434 0
3490 0.490603 0
3500 0.506433 0
3510 0.52919 0
3520 0.562077 0
3530 0.703297 0
3540 0.913669 0
3550 1.1344 0
3560 1.32061 0
3570 1.50212 0
3580 1.68449 0
3590 1.82192 0
3600 1.94477 0
3610 2.09203 0
3620 2.19963 0
3630 2.30773 0
3640 2.40842 0
3650 2.5212 0
3660 2.5758 0
3670 2.65465 0
3680 2.70411 0
3690 2.74277 0
3700 2.73904 0
3710 2.73862 0
3720 2.73145 0
3730 2.71713 0
3740 2.71395 0
3750 2.69713 0
3760 2.69703 0
3770 2.7033 0
3780 2.72832 0
3790 2.73398 0
3800 2.74138 0
3810 2.75316 0
3820 2.76461 0
3830 2.75853 0
3840 2.7645 0
3850 2.76749 0
3860 2.75596 0
3870 2.7655 0
3880 2.76417 0
3890 2.76109 0
3900 2.75961 0
3910 2.757 0
3920 2.76341 0
3930 2.75411 0
3940 2.7458 0
3950 2.74321 0
3960 2.73906 0
3970 2.73745 0
3980 2.73409 0
3990 2.72588 0
4000 2.72415 0
4010 2.70886 0
4020 2.7101 0
4030 2.70607 0
4040 2.69271 0
4050 2.67905 0
4060 2.66042 0
4070 2.64143 0
4080 2.62418 0
4090 2.59397 0
4100 2.56791 0
4110 2.54192 0
4120 2.50355 0
4130 2.476 0
4140 2.4416 0
4150 2.40515 0
4160 2.3769 0
4170 2.34071 0
4180 2.31081 0
4190 2.2765 0
4200 2.24019 0
4210 2.20219 0
4220 2.16953 0
4230 2.13229 0
4240 2.09489 0
4250 2.05848 0
4260 2.02276 0
4270 1.98695 0
4280 1.96897 0
4290 1.97854 0
4300 1.99293 0
4310 2.00671 0
4320 2.0168 0
4330 2.03896 0
4340 2.04828 0
4350 2.07126 0
4360 2.08534 0
4370 2.09771 0
4380 2.11591 0
4390 2.12266 0
4400 2.14449 0
4410 2.15422 0
4420 2.16986 0
4430 2.18844 0
4440 2.19831 0
4450 2.21017 0
4460 2.21811 0
4470 2.211 0
4480 2.21207 0
4490 2.20991 0
4500 2.20795 0
4510 2.19046 0
4520 2.18683 0
4530 2.18243 0
4540 2.15875 0
4550 2.15139 0
4560 2.12433 0
4570 2.11341 0
4580 2.08385 0
4590 2.0686 0
4600 2.06547 0
4610 2.06543 0
4620 2.07692 0
4630 2.07429 0
4640 2.07525 0
4650 2.08523 0
4660 2.10282 0
4670 2.10248 0
4680 2.10661 0
4690 2.1048 0
4700 2.10826 0
4710 2.11639 0
4720 2.11386 0
4730 2.11233 0
4740 2.11971 0
4750 2.11955 0
4760 2.12018 0
4770 2.12102 0
4780 2.12247 0
4790 2.12496 0
4800 2.12738 0
4810 2.13114 0
4820 2.12193 0
4830 2.12617 0
4840 2.13065 0
4850 2.12291 0
4860 2.12779 0
4870 2.12078 0
4880 2.12598 0
4890 2.11891 0
4900 2.12139 0
4910 2.1177 0
4920 2.12006 0
4930 2.11322 0
4940 2.10982 0
4950 2.11167 0
4960 2.10427 0
4970 2.09726 0
4980 2.09338 0
4990 2.08632 0
5000 2.08725 0
5010 2.0795 0
5020 2.0713 0
5030 2.06333 0
5040 2.05487 0
5050 2.04641 0
5060 2.0378 0
5070 2.02885 0
5080 2.02011 0
5090 2.01091 0
5100 2.00166 0
5110 1.99225 0
5120 1.98292 0
5130 1.97348 0
5140 1.9639 0
5150 1.95437 0
5160 1.945 0
5170 1.93564 0
5180 1.92612 0
5190 1.91648 0
5200 1.90696 0
5210 1.89769 0
5220 1.88845 0
5230 1.87916 0
5240 1.86986 0
5250 1.86078 0
5260 1.85164 0
5270 1.84185 0
5280 1.83185 0
5290 1.82057 0
5300 1.80911 0
5310 1.79777 0
5320 1.78605 0
5330 1.7745 0
5340 1.7628 0
5350 1.75106 0
5360 1.73911 0
5370 1.72695 0
5380 1.71457 0
5390 1.70209 0
5400 1.68917 0
5410 1.6763 0
5420 1.66419 0
5430 1.65316 0
5440 1.6439 0
5450 1.63774 0
5460 1.63245 0
5470 1.62596 0
5480 1.62096 0
5490 1.61703 0
5500 1.61238 0
5510 1.60872 0
5520 1.60559 0
5530 1.60196 0
5540 1.59709 0
5550 1.59544 0
5560 1.59136 0
5570 1.58756 0
5580 1.58582 0
5590 1.58253 0
5600 1.57921 0
5610 1.56261 0
5620 1.53622 0
5630 1.50132 0
5640 1.4647 0
5650 1.42502 0
5660 1.38362 0
5670 1.34254 0
5680 1.30094 0
5690 1.25943 0
5700 1.21489 0
5710 1.1721 0
5720 1.12548 0
5730 1.08367 0
5740 1.0434 0
5750 1.00091 0
5760 0.961936 0
5770 0.927551 0
5780 0.898908 0
5790 0.886033 0
5800 0.89198 0
5810 0.897363 0
5820 0.897479 0
5830 0.904549 0
5840 0.91275 0
5850 0.926549 0
5860 0.946326 0
5870 0.963087 0
5880 0.986108 0
5890 1.00686 0
5900 1.02587 0
5910 1.04866 0
5920 1.06494 0
5930 1.08166 0
5940 1.09826 0
5950 1.11671 0
5960 1.13525 0
5970 1.15296 0
5980 1.17279 0
5990 1.191 0
6000 1.21149 0
6010 1.22458 0
6020 1.24459 0
6030 1.26347 0
6040 1.26982 0
6050 1.28783 0
6060 1.30821 0
6070 1.31201 0
6080 1.33058 0
6090 1.33542 0
6100 1.35243 0
6110 1.35492 0
6120 1.37153 0
6130 1.37263 0
6140 1.38162 0
6150 1.38854 0
6160 1.38873 0
6170 1.39661 0
6180 1.40132 0
6190 1.40027 0
6200 1.40717 0
6210 1.40546 0
6220 1.40867 0
6230 1.40545 0
6240 1.4097 0
6250 1.40661 0
6260 1.403 0
6270 1.39952 0
6280 1.40011 0
6290 1.40292 0
6300 1.39729 0
6310 1.39134 0
6320 1.38502 0
6330 1.37843 0
6340 1.37173 0
6350 1.36457 0
6360 1.35708 0
6370 1.34924 0
6380 1.34109 0
6390 1.33273 0
6400 1.32438 0
6410 1.31569 0
6420 1.30668 0
6430 1.29713 0
6440 1.28744 0
6450 1.27727 0
6460 1.26725 0
6470 1.25865 0
6480 1.25192 0
6490 1.24613 0
6500 1.24004 0
6510 1.23435 0
6520 1.22811 0
6530 1.22153 0
6540 1.21561 0
6550 1.20981 0
6560 1.20314 0
6570 1.19763 0
6580 1.1904 0
6590 1.18575 0
6600 1.17921 0
6610 1.17286 0
6620 1.16654 0
6630 1.16145 0
6640 1.15554 0
6650 1.14954 0
6660 1.14413 0
6670 1.1379 0
6680 1.13197 0
6690 1.12719 0
6700 1.12062 0
6710 1.11512 0
6720 1.10961 0
6730 1.10331 0
6740 1.0981 0
6750 1.09308 0
6760 1.0865 0
6770 1.08173 0
6780 1.07554 0
6790 1.07024 0
6800 1.06508 0
6810 1.06118 0
6820 1.05761 0
6830 1.0539 0
6840 1.05075 0
6850 1.04621 0
6860 1.04437 0
6870 1.0401 0
6880 1.03651 0
6890 1.03452 0
6900 1.03018 0
6910 1.02613 0
6920 1.02382 0
6930 1.02057 0
6940 1.0165 0
6950 1.01214 0
6960 1.00998 0
6970 1.00675 0
6980 1.00302 0
6990 0.998999 0
7000 0.995691 0
7010 0.992259 0
7020 0.988919 0
7030 0.98708 0
7040 0.983365 0
7050 0.97899 0
7060 0.974679 0
7070 0.970841 0
7080 0.965889 0
7090 0.961008 0
7100 0.955803 0
7110 0.950657 0
7120 0.94596 0
7130 0.940326 0
7140 0.935681 0
7150 0.930758 0
7160 0.926741 0
7170 0.921359 0
7180 0.916134 0
7190 0.911804 0
7200 0.907039 0
7210 0.902794 0
7220 0.898393 0
7230 0.893436 0
7240 0.888657 0
7250 0.883874 0
7260 0.879487 0
7270 0.875242 0
7280 0.870381 0
7290 0.862677 0
7300 0.854791 0
7310 0.84607 0
7320 0.837782 0
7330 0.806872 0
7340 0.774596 0
7350 0.746002 0
7360 0.718047 0
7370 0.682159 0
7380 0.657546 0
7390 0.624658 0
7400 0.597261 0
7410 0.569668 0
7420 0.539823 0
7430 0.506385 0
7440 0.473916 0
7450 0.43942 0
7460 0.405429 0
7470 0.380021 0
7480 0.346406 0
7490 0.322433 0
7500 0.290145 0
7510 0.269225 0
7520 0.247533 0
7530 0.227401 0
7540 0.209591 0
7550 0.200437 0
7560 0.192298 0
7570 0.186951 0
7580 0.180382 0
7590 0.18179 0
7600 0.182312 0
7610 0.184946 0
7620 0.188573 0
7630 0.191485 0
7640 0.196429 0
7650 0.202667 0
7660 0.20738 0
7670 0.2115 0
7680 0.216126 0
7690 0.226201 0
7700 0.249499 0
7710 0.273975 0
7720 0.295441 0
7730 0.317763 0
7740 0.341974 0
7750 0.361851 0
7760 0.382008 0
7770 0.400947 0
7780 0.420493 0
7790 0.436613 0
7800 0.448968 0
7810 0.462691 0
7820 0.472225 0
7830 0.481438 0
7840 0.492733 0
7850 0.501002 0
7860 0.506715 0
7870 0.512859 0
7880 0.519087 0
7890 0.524295 0
7900 0.527742 0
7910 0.533357 0
7920 0.536842 0
7930 0.541174 0
7940 0.544971 0
7950 0.549153 0
7960 0.547145 0
7970 0.547156 0
7980 0.550299 0
7990 0.552654 0
8000 0.550812 0
8010 0.55232 0
8020 0.55477 0
8030 0.552491 0
8040 0.554311 0
8050 0.547126 0
8060 0.542062 0
8070 0.536986 0
8080 0.529717 0
8090 0.52137 0
8100 0.515666 0
8110 0.509425 0
8120 0.502231 0
8130 0.494674 0
8140 0.489191 0
8150 0.482026 0
8160 0.47741 0
8170 0.469485 0
8180 0.464092 0
8190 0.457634 0
8200 0.452617 0
8210 0.448339 0
8220 0.440919 0
8230 0.437598 0
8240 0.43604 0
8250 0.430323 0
8260 0.428599 0
8270 0.428611 0
8280 0.427798 0
8290 0.4286 0
8300 0.430039 0
8310 0.432344 0
8320 0.432999 0
8330 0.434903 0
8340 0.435448 0
8350 0.436108 0
8360 0.436817 0
8370 0.437718 0
8380 0.43849 0
8390 0.438723 0
8400 0.439727 0
8410 0.440261 0
8420 0.44105 0
8430 0.441383 0
8440 0.442075 0
8450 0.44197 0
8460 0.441405 0
8470 0.439722 0
8480 0.440225 0
8490 0.44046 0
8500 0.440176 0
8510 0.439922 0
8520 0.438585 0
8530 0.438711 0
8540 0.438453 0
8550 0.437006 0
8560 0.438798 0
8570 0.440038 0
8580 0.443247 0
8590 0.44726 0
8600 0.448593 0
8610 0.451867 0
8620 0.453303 0
8630 0.457072 0
8640 0.457594 0
8650 0.460361 0
8660 0.461932 0
8670 0.46301 0
8680 0.464074 0
8690 0.465225 0
8700 0.466034 0
8710 0.466891 0
8720 0.46764 0
8730 0.467854 0
8740 0.468966 0
8750 0.469124 0
8760 0.47084 0
8770 0.473148 0
8780 0.475252 0
8790 0.479619 0
8800 0.482651 0
8810 0.486098 0
8820 0.4916 0
8830 0.49406 0
8840 0.498197 0
8850 0.501686 0
8860 0.504561 0
8870 0.509397 0
8880 0.511084 0
8890 0.514215 0
8900 0.516266 0
8910 0.519949 0
8920 0.521597 0
8930 0.524712 0
8940 0.52596 0
8950 0.527409 0
8960 0.53074 0
8970 0.530946 0
8980 0.533232 0
8990 0.534054 0
9000 0.535805 0

