3500 2.90136 0
3510 2.7568 0
3520 2.60354 0
3530 2.46148 0
3540 2.31979 0
3550 2.1759 0
3560 2.051 0
3570 1.92506 0
3580 1.83613 0
3590 1.78771 0
3600 1.75566 0
3610 1.75962 0
3620 1.8101 0
3630 1.88531 0
3640 1.96613 0
3650 2.05453 0
3660 2.14485 0
3670 2.24096 0
3680 2.31207 0
3690 2.39897 0
3700 2.4709 0
3710 2.5582 0
3720 2.63151 0
3730 2.68985 0
3740 2.74884 0
3750 2.81786 0
3760 2.8723 0
3770 2.92624 0
3780 2.97511 0
3790 3.02856 0
3800 3.05627 0
3810 3.08876 0
3820 3.11467 0
3830 3.15505 0
3840 3.16603 0
3850 3.20269 0
3860 3.22165 0
3870 3.2232 0
3880 3.22628 0
3890 3.25685 0
3900 3.25153 0
3910 3.24623 0
3920 3.25593 0
3930 3.2477 0
3940 3.23781 0
3950 3.2266 0
3960 3.21425 0
3970 3.20091 0
3980 3.18666 0
3990 3.17041 0
4000 3.15278 0
4010 3.13501 0
4020 3.11719 0
4030 3.09822 0
4040 3.07694 0
4050 3.05742 0
4060 3.03882 0
4070 3.01759 0
4080 2.99651 0
4090 2.97774 0
4100 2.95657 0
4110 2.93762 0
4120 2.91664 0
4130 2.89939 0
4140 2.87869 0
4150 2.86265 0
4160 2.84336 0
4170 2.82673 0
4180 2.80964 0
4190 2.7922 0
4200 2.77589 0
4210 2.75996 0
4220 2.7444 0
4230 2.72796 0
4240 2.71207 0
4250 2.6982 0
4260 2.68402 0
4270 2.66947 0
4280 2.65522 0
4290 2.64141 0
4300 2.62817 0
4310 2.61514 0
4320 2.60344 0
4330 2.59316 0
4340 2.58301 0
4350 2.57295 0
4360 2.56394 0
4370 2.55539 0
4380 2.54686 0
4390 2.53832 0
4400 2.5298 0
4410 2.52128 0
4420 2.51278 0
4430 2.5043 0
4440 2.49584 0
4450 2.48739 0
4460 2.47893 0
4470 2.47047 0
4480 2.46202 0
4490 2.45358 0
4500 2.44515 0
4510 2.43672 0
4520 2.42832 0
4530 2.41993 0
4540 2.41155 0
4550 2.4032 0
4560 2.39487 0
4570 2.38656 0
4580 2.37823 0
4590 2.36991 0
4600 2.36161 0
4610 2.35332 0
4620 2.34504 0
4630 2.33678 0
4640 2.32854 0
4650 2.32032 0
4660 2.31212 0
4670 2.30394 0
4680 2.29578 0
4690 2.28763 0
4700 2.27947 0
4710 2.27131 0
4720 2.26316 0
4730 2.25502 0
4740 2.24689 0
4750 2.23878 0
4760 2.23068 0
4770 2.2226 0
4780 2.21454 0
4790 2.20649 0
4800 2.19847 0
4810 2.19048 0
4820 2.1825 0
4830 2.17456 0
4840 2.16663 0
4850 2.15873 0
4860 2.15087 0
4870 2.14303 0
4880 2.13523 0
4890 2.12745 0
4900 2.11972 0
4910 2.112 0
4920 2.10431 0
4930 2.09661 0
4940 2.08894 0
4950 2.08127 0
4960 2.07361 0
4970 2.06597 0
4980 2.05835 0
4990 2.05074 0
5000 2.04316 0
5010 2.03559 0
5020 2.02805 0
5030 2.02054 0
5040 2.01304 0
5050 2.00557 0
5060 1.99812 0
5070 1.99071 0
5080 1.98332 0
5090 1.97595 0
5100 1.96862 0
5110 1.96131 0
5120 1.95404 0
5130 1.94679 0
5140 1.93958 0
5150 1.93238 0
5160 1.9252 0
5170 1.91803 0
5180 1.91088 0
5190 1.90375 0
5200 1.89663 0
5210 1.88953 0
5220 1.88245 0
5230 1.87539 0
5240 1.86835 0
5250 1.86134 0
5260 1.85434 0
5270 1.84737 0
5280 1.84043 0
5290 1.8335 0
5300 1.8266 0
5310 1.81973 0
5320 1.81289 0
5330 1.80608 0
5340 1.79928 0
5350 1.79252 0
5360 1.78578 0
5370 1.77908 0
5380 1.7724 0
5390 1.76573 0
5400 1.75908 0
5410 1.75245 0
5420 1.74584 0
5430 1.73925 0
5440 1.73267 0
5450 1.72612 0
5460 1.71959 0
5470 1.71308 0
5480 1.70659 0
5490 1.70013 0
5500 1.69369 0
5510 1.68727 0
5520 1.68088 0
5530 1.67451 0
5540 1.66817 0
5550 1.66185 0
5560 1.65555 0
5570 1.64929 0
5580 1.64305 0
5590 1.63684 0
5600 1.63065 0
5610 1.62448 0
5620 1.61833 0
5630 1.6122 0
5640 1.60609 0
5650 1.60001 0
5660 1.59393 0
5670 1.58789 0
5680 1.58186 0
5690 1.57585 0
5700 1.56986 0
5710 1.5639 0
5720 1.55796 0
5730 1.55204 0
5740 1.54614 0
5750 1.54027 0
5760 1.53442 0
5770 1.52859 0
5780 1.52279 0
5790 1.51701 0
5800 1.51125 0
5810 1.50552 0
5820 1.49982 0
5830 1.49414 0
5840 1.48848 0
5850 1.48284 0
5860 1.47721 0
5870 1.47161 0
5880 1.46603 0
5890 1.46046 0
5900 1.45492 0
5910 1.44939 0
5920 1.44389 0
5930 1.43841 0
5940 1.43295 0
5950 1.4275 0
5960 1.42209 0
5970 1.41669 0
5980 1.41131 0
5990 1.40596 0
6000 1.40063 0
6010 1.39531 0
6020 1.39003 0
6030 1.38476 0
6040 1.37952 0
6050 1.3743 0
6060 1.3691 0
6070 1.36392 0
6080 1.35877 0
6090 1.35363 0
6100 1.3485 0
6110 1.3434 0
6120 1.33832 0
6130 1.33325 0
6140 1.3282 0
6150 1.32318 0
6160 1.31817 0
6170 1.31318 0
6180 1.30822 0
6190 1.30327 0
6200 1.29834 0
6210 1.29343 0
6220 1.28855 0
6230 1.28368 0
6240 1.27883 0
6250 1.27401 0
6260 1.2692 0
6270 1.26442 0
6280 1.25965 0
6290 1.25491 0
6300 1.25019 0
6310 1.24548 0
6320 1.24079 0
6330 1.23612 0
6340 1.23146 0
6350 1.22682 0
6360 1.22219 0
6370 1.21758 0
6380 1.21299 0
6390 1.20842 0
6400 1.20386 0
6410 1.19932 0
6420 1.1948 0
6430 1.1903 0
6440 1.18581 0
6450 1.18135 0
6460 1.1769 0
6470 1.17247 0
6480 1.16805 0
6490 1.16366 0
6500 1.15928 0
6510 1.15492 0
6520 1.15058 0
6530 1.14626 0
6540 1.14195 0
6550 1.13766 0
6560 1.13339 0
6570 1.12914 0
6580 1.12491 0
6590 1.1207 0
6600 1.1165 0
6610 1.11233 0
6620 1.10817 0
6630 1.10403 0
6640 1.0999 0
6650 1.0958 0
6660 1.09171 0
6670 1.08765 0
6680 1.0836 0
6690 1.07957 0
6700 1.07555 0
6710 1.07156 0
6720 1.06758 0
6730 1.06362 0
6740 1.05968 0
6750 1.05576 0
6760 1.05185 0
6770 1.04797 0
6780 1.04409 0
6790 1.04023 0
6800 1.03638 0
6810 1.03255 0
6820 1.02873 0
6830 1.02493 0
6840 1.02114 0
6850 1.01736 0
6860 1.0136 0
6870 1.00985 0
6880 1.00611 0
6890 1.00239 0
6900 0.998689 0
6910 0.994998 0
6920 0.991323 0
6930 0.987661 0
6940 0.984015 0
6950 0.980383 0
6960 0.976766 0
6970 0.973163 0
6980 0.969574 0
6990 0.966 0
7000 0.962441 0
7010 0.958896 0
7020 0.955366 0
7030 0.95185 0
7040 0.948348 0
7050 0.944861 0
7060 0.941388 0
7070 0.937929 0
7080 0.934485 0
7090 0.931055 0
7100 0.927639 0
7110 0.924238 0
7120 0.920851 0
7130 0.917478 0
7140 0.914119 0
7150 0.910774 0
7160 0.907443 0
7170 0.904127 0
7180 0.900824 0
7190 0.897535 0
7200 0.894261 0
7210 0.890999 0
7220 0.887752 0
7230 0.88452 0
7240 0.8813 0
7250 0.878094 0
7260 0.874902 0
7270 0.871724 0
7280 0.86856 0
7290 0.865408 0
7300 0.86227 0
7310 0.859146 0
7320 0.856036 0
7330 0.85294 0
7340 0.849857 0
7350 0.846786 0
7360 0.843728 0
7370 0.840684 0
7380 0.837653 0
7390 0.834635 0
7400 0.83163 0
7410 0.828639 0
7420 0.82566 0
7430 0.822695 0
7440 0.819743 0
7450 0.816803 0
7460 0.813876 0
7470 0.810963 0
7480 0.808061 0
7490 0.805173 0
7500 0.802254 0
7510 0.79922 0
7520 0.796193 0
7530 0.793177 0
7540 0.789459 0
7550 0.785005 0
7560 0.780567 0
7570 0.776065 0
7580 0.771607 0
7590 0.767151 0
7600 0.762689 0
7610 0.758179 0
7620 0.753689 0
7630 0.749181 0
7640 0.744722 0
7650 0.739676 0
7660 0.734365 0
7670 0.729252 0
7680 0.724007 0
7690 0.718751 0
7700 0.713626 0
7710 0.70857 0
7720 0.703381 0
7730 0.698329 0
7740 0.693423 0
7750 0.688575 0
7760 0.683875 0
7770 0.680147 0
7780 0.677151 0
7790 0.673925 0
7800 0.671072 0
7810 0.667676 0
7820 0.664487 0
7830 0.661542 0
7840 0.659008 0
7850 0.656483 0
7860 0.654085 0
7870 0.651749 0
7880 0.650826 0
7890 0.649631 0
7900 0.648321 0
7910 0.647187 0
7920 0.645919 0
7930 0.644601 0
7940 0.643643 0
7950 0.642793 0
7960 0.64189 0
7970 0.641155 0
7980 0.640474 0
7990 0.640208 0
8000 0.638645 0
8010 0.638082 0
8020 0.637574 0
8030 0.636085 0
8040 0.635626 0
8050 0.635317 0
8060 0.633847 0
8070 0.633629 0
8080 0.632186 0
8090 0.632123 0
8100 0.630132 0
8110 0.630017 0
8120 0.628781 0
8130 0.62811 0
8140 0.626775 0
8150 0.626773 0
8160 0.624988 0
8170 0.62374 0
8180 0.623728 0
8190 0.622046 0
8200 0.621987 0
8210 0.620113 0
8220 0.619007 0
8230 0.618556 0
8240 0.617362 0
8250 0.615493 0
8260 0.613807 0
8270 0.613926 0
8280 0.612155 0
8290 0.610999 0
8300 0.609251 0
8310 0.608556 0
8320 0.607513 0
8330 0.605739 0
8340 0.604062 0
8350 0.602925 0
8360 0.602166 0
8370 0.60033 0
8380 0.599176 0
8390 0.597473 0
8400 0.595676 0
8410 0.593892 0
8420 0.592109 0
8430 0.590922 0
8440 0.590153 0
8450 0.588312 0
8460 0.586471 0
8470 0.584605 0
8480 0.583341 0
8490 0.581445 0
8500 0.579545 0
8510 0.57764 0
8520 0.57576 0
8530 0.573878 0
8540 0.571991 0
8550 0.570099 0
8560 0.568795 0
8570 0.56687 0
8580 0.564939 0
8590 0.563005 0
8600 0.561067 0
8610 0.559125 0
8620 0.557181 0
8630 0.555235 0
8640 0.553289 0
8650 0.55132 0
8660 0.549353 0
8670 0.547385 0
8680 0.545416 0
8690 0.543447 0
8700 0.541498 0
8710 0.539562 0
8720 0.537626 0
8730 0.535692 0
8740 0.533763 0
8750 0.53184 0
8760 0.529881 0
8770 0.527916 0
8780 0.525948 0
8790 0.524023 0
8800 0.522108 0
8810 0.520205 0
8820 0.518314 0
8830 0.51639 0
8840 0.514465 0
8850 0.512571 0
8860 0.510717 0
8870 0.508872 0
8880 0.507002 0
8890 0.505088 0
8900 0.503191 0
8910 0.50137 0
8920 0.499569 0
8930 0.497741 0
8940 0.495888 0
8950 0.494074 0
8960 0.492282 0
8970 0.490481 0
8980 0.488664 0
8990 0.486893 0
9000 0.485167 0

