3300 1.89246 0
3310 1.44962 0
3320 1.02494 0
3330 0.697765 0
3340 0.608122 0
3350 0.534362 0
3360 0.471317 0
3370 0.404327 0
3380 0.36107 0
3390 0.328038 0
3400 0.302329 0
3410 0.28605 0
3420 0.276208 0
3430 0.275164 0
3440 0.280002 0
3450 0.291949 0
3460 0.307378 0
3470 0.330865 0
3480 0.362268 0
3490 0.399994 0
3500 0.446365 0
3510 0.500653 0
3520 0.561426 0
3530 0.624524 0
3540 0.719819 0
3550 0.809438 0
3560 1.01007 0
3570 1.32854 0
3580 1.64293 0
3590 1.91974 0
3600 2.21995 0
3610 2.43429 0
3620 2.6991 0
3630 2.9162 0
3640 3.13789 0
3650 3.30182 0
3660 3.51665 0
3670 3.66555 0
3680 3.65408 0
3690 3.63673 0
3700 3.64043 0
3710 3.60985 0
3720 3.60091 0
3730 3.57005 0
3740 3.55637 0
3750 3.54752 0
3760 3.50893 0
3770 3.49311 0
3780 3.47115 0
3790 3.44518 0
3800 3.4493 0
3810 3.42275 0
3820 3.3955 0
3830 3.36813 0
3840 3.35987 0
3850 3.2432 0
3860 3.11804 0
3870 2.97407 0
3880 2.83843 0
3890 2.69445 0
3900 2.53724 0
3910 2.37519 0
3920 2.23347 0
3930 2.1225 0
3940 2.00266 0
3950 1.89587 0
3960 1.78645 0
3970 1.68266 0
3980 1.58756 0
3990 1.5065 0
4000 1.43313 0
4010 1.36968 0
4020 1.31088 0
4030 1.25094 0
4040 1.19713 0
4050 1.15257 0
4060 1.1145 0
4070 1.08173 0
4080 1.07224 0
4090 1.08075 0
4100 1.09506 0
4110 1.11835 0
4120 1.14217 0
4130 1.16891 0
4140 1.20628 0
4150 1.27557 0
4160 1.38866 0
4170 1.54266 0
4180 1.69008 0
4190 1.82725 0
4200 1.9602 0
4210 2.08337 0
4220 2.21059 0
4230 2.33909 0
4240 2.45423 0
4250 2.5618 0
4260 2.65723 0
4270 2.75034 0
4280 2.84145 0
4290 2.9239 0
4300 3.0013 0
4310 3.07569 0
4320 3.13266 0
4330 3.17541 0
4340 3.17909 0
4350 3.17592 0
4360 3.15949 0
4370 3.13912 0
4380 3.12066 0
4390 3.10228 0
4400 3.08555 0
4410 3.06834 0
4420 3.04734 0
4430 3.03051 0
4440 2.99083 0
4450 2.91585 0
4460 2.81503 0
4470 2.71416 0
4480 2.60528 0
4490 2.49468 0
4500 2.37846 0
4510 2.25603 0
4520 2.13046 0
4530 2.02408 0
4540 1.95022 0
4550 1.87366 0
4560 1.79297 0
4570 1.70712 0
4580 1.61964 0
4590 1.52829 0
4600 1.44036 0
4610 1.36076 0
4620 1.28201 0
4630 1.2159 0
4640 1.17422 0
4650 1.24831 0
4660 1.34929 0
4670 1.44912 0
4680 1.55392 0
4690 1.65334 0
4700 1.7489 0
4710 1.84649 0
4720 1.94319 0
4730 2.03488 0
4740 2.12775 0
4750 2.20833 0
4760 2.28804 0
4770 2.36602 0
4780 2.44198 0
4790 2.49429 0
4800 2.50067 0
4810 2.49608 0
4820 2.50083 0
4830 2.49674 0
4840 2.48938 0
4850 2.47672 0
4860 2.45884 0
4870 2.43818 0
4880 2.41631 0
4890 2.39335 0
4900 2.36906 0
4910 2.3448 0
4920 2.32268 0
4930 2.29353 0
4940 2.26178 0
4950 2.23191 0
4960 2.21698 0
4970 2.20014 0
4980 2.18342 0
4990 2.1677 0
5000 2.14919 0
5010 2.13347 0
5020 2.11654 0
5030 2.10481 0
5040 2.09249 0
5050 2.07794 0
5060 2.06749 0
5070 2.05469 0
5080 2.04006 0
5090 2.0284 0
5100 2.01512 0
5110 2.00008 0
5120 1.97686 0
5130 1.95174 0
5140 1.92669 0
5150 1.90333 0
5160 1.87922 0
5170 1.85439 0
5180 1.82917 0
5190 1.80355 0
5200 1.77754 0
5210 1.75134 0
5220 1.73333 0
5230 1.73985 0
5240 1.74818 0
5250 1.75628 0
5260 1.764 0
5270 1.77085 0
5280 1.7776 0
5290 1.78711 0
5300 1.79651 0
5310 1.80368 0
5320 1.81196 0
5330 1.82171 0
5340 1.82954 0
5350 1.83812 0
5360 1.84846 0
5370 1.85654 0
5380 1.86576 0
5390 1.875 0
5400 1.88368 0
5410 1.89127 0
5420 1.89904 0
5430 1.90605 0
5440 1.90827 0
5450 1.89833 0
5460 1.88825 0
5470 1.87894 0
5480 1.86885 0
5490 1.85917 0
5500 1.84954 0
5510 1.83949 0
5520 1.8294 0
5530 1.81934 0
5540 1.80984 0
5550 1.79954 0
5560 1.79175 0
5570 1.78502 0
5580 1.77852 0
5590 1.77103 0
5600 1.76361 0
5610 1.75653 0
5620 1.74833 0
5630 1.73993 0
5640 1.72945 0
5650 1.71552 0
5660 1.6996 0
5670 1.68494 0
5680 1.67117 0
5690 1.65798 0
5700 1.64487 0
5710 1.63157 0
5720 1.61846 0
5730 1.6058 0
5740 1.59323 0
5750 1.58082 0
5760 1.56847 0
5770 1.55696 0
5780 1.54758 0
5790 1.5384 0
5800 1.52912 0
5810 1.52044 0
5820 1.5119 0
5830 1.5035 0
5840 1.4951 0
5850 1.48676 0
5860 1.47835 0
5870 1.47045 0
5880 1.46267 0
5890 1.45469 0
5900 1.44687 0
5910 1.43943 0
5920 1.4315 0
5930 1.42424 0
5940 1.41694 0
5950 1.41035 0
5960 1.40675 0
5970 1.40301 0
5980 1.39973 0
5990 1.39623 0
6000 1.39312 0
6010 1.3897 0
6020 1.38546 0
6030 1.38068 0
6040 1.37578 0
6050 1.37126 0
6060 1.36698 0
6070 1.36314 0
6080 1.35911 0
6090 1.35414 0
6100 1.3486 0
6110 1.34334 0
6120 1.33821 0
6130 1.33306 0
6140 1.32802 0
6150 1.32309 0
6160 1.31824 0
6170 1.3135 0
6180 1.30879 0
6190 1.30417 0
6200 1.29922 0
6210 1.29303 0
6220 1.28691 0
6230 1.2809 0
6240 1.27497 0
6250 1.26908 0
6260 1.26329 0
6270 1.25757 0
6280 1.25191 0
6290 1.24638 0
6300 1.24088 0
6310 1.23546 0
6320 1.23005 0
6330 1.22475 0
6340 1.21939 0
6350 1.21404 0
6360 1.20881 0
6370 1.20356 0
6380 1.19835 0
6390 1.19325 0
6400 1.18812 0
6410 1.18299 0
6420 1.17792 0
6430 1.17297 0
6440 1.16799 0
6450 1.16304 0
6460 1.15815 0
6470 1.15333 0
6480 1.14854 0
6490 1.14385 0
6500 1.13914 0
6510 1.13442 0
6520 1.12971 0
6530 1.12505 0
6540 1.1204 0
6550 1.11574 0
6560 1.11112 0
6570 1.10632 0
6580 1.10134 0
6590 1.09636 0
6600 1.0913 0
6610 1.08606 0
6620 1.08125 0
6630 1.07668 0
6640 1.07209 0
6650 1.06751 0
6660 1.06289 0
6670 1.05825 0
6680 1.05357 0
6690 1.0489 0
6700 1.04437 0
6710 1.03989 0
6720 1.0354 0
6730 1.03091 0
6740 1.02636 0
6750 1.02161 0
6760 1.01441 0
6770 1.00636 0
6780 0.993514 0
6790 0.979272 0
6800 0.964751 0
6810 0.949767 0
6820 0.934587 0
6830 0.918734 0
6840 0.90243 0
6850 0.885629 0
6860 0.869211 0
6870 0.853435 0
6880 0.837432 0
6890 0.822503 0
6900 0.808693 0
6910 0.79733 0
6920 0.787377 0
6930 0.777199 0
6940 0.766912 0
6950 0.756298 0
6960 0.745566 0
6970 0.734588 0
6980 0.723455 0
6990 0.712278 0
7000 0.701089 0
7010 0.689628 0
7020 0.678098 0
7030 0.666563 0
7040 0.654749 0
7050 0.642541 0
7060 0.630237 0
7070 0.617382 0
7080 0.604085 0
7090 0.58924 0
7100 0.574355 0
7110 0.559676 0
7120 0.541974 0
7130 0.52032 0
7140 0.498088 0
7150 0.476812 0
7160 0.455262 0
7170 0.437338 0
7180 0.423011 0
7190 0.414609 0
7200 0.408336 0
7210 0.401193 0
7220 0.391245 0
7230 0.381799 0
7240 0.374995 0
7250 0.366934 0
7260 0.360159 0
7270 0.353075 0
7280 0.345586 0
7290 0.337964 0
7300 0.329217 0
7310 0.321096 0
7320 0.311508 0
7330 0.302401 0
7340 0.295129 0
7350 0.287083 0
7360 0.279232 0
7370 0.271559 0
7380 0.263867 0
7390 0.256232 0
7400 0.248937 0
7410 0.241806 0
7420 0.234808 0
7430 0.227988 0
7440 0.221428 0
7450 0.214708 0
7460 0.208401 0
7470 0.202351 0
7480 0.19668 0
7490 0.189446 0
7500 0.182874 0
7510 0.176995 0
7520 0.171973 0
7530 0.167649 0
7540 0.164119 0
7550 0.161174 0
7560 0.158855 0
7570 0.1571 0
7580 0.155779 0
7590 0.155 0
7600 0.154692 0
7610 0.154756 0
7620 0.155457 0
7630 0.156551 0
7640 0.157825 0
7650 0.160027 0
7660 0.165061 0
7670 0.170355 0
7680 0.176266 0
7690 0.183054 0
7700 0.189687 0
7710 0.195803 0
7720 0.201615 0
7730 0.20759 0
7740 0.213114 0
7750 0.218258 0
7760 0.231462 0
7770 0.254867 0
7780 0.277912 0
7790 0.298552 0
7800 0.319719 0
7810 0.33946 0
7820 0.357191 0
7830 0.377252 0
7840 0.39454 0
7850 0.410859 0
7860 0.427302 0
7870 0.440358 0
7880 0.453527 0
7890 0.470943 0
7900 0.489189 0
7910 0.508513 0
7920 0.518462 0
7930 0.527411 0
7940 0.53721 0
7950 0.544348 0
7960 0.550284 0
7970 0.555555 0
7980 0.560494 0
7990 0.566012 0
8000 0.572137 0
8010 0.576153 0
8020 0.570631 0
8030 0.565353 0
8040 0.559643 0
8050 0.55335 0
8060 0.549162 0
8070 0.546 0
8080 0.542462 0
8090 0.539153 0
8100 0.537208 0
8110 0.534659 0
8120 0.531112 0
8130 0.528949 0
8140 0.526603 0
8150 0.520312 0
8160 0.513848 0
8170 0.506657 0
8180 0.499863 0
8190 0.493395 0
8200 0.486638 0
8210 0.47988 0
8220 0.473436 0
8230 0.467303 0
8240 0.461358 0
8250 0.454534 0
8260 0.447602 0
8270 0.438745 0
8280 0.431015 0
8290 0.423207 0
8300 0.416079 0
8310 0.409988 0
8320 0.40353 0
8330 0.397343 0
8340 0.391878 0
8350 0.386075 0
8360 0.380478 0
8370 0.375503 0
8380 0.370643 0
8390 0.368374 0
8400 0.369443 0
8410 0.375056 0
8420 0.380948 0
8430 0.386559 0
8440 0.393709 0
8450 0.401505 0
8460 0.409403 0
8470 0.417347 0
8480 0.426662 0
8490 0.43687 0
8500 0.447751 0
8510 0.458182 0
8520 0.468194 0
8530 0.478292 0
8540 0.487503 0
8550 0.496553 0
8560 0.5058 0
8570 0.514433 0
8580 0.522632 0
8590 0.530375 0
8600 0.537999 0
8610 0.54501 0
8620 0.551907 0
8630 0.558794 0
8640 0.5651 0
8650 0.570605 0
8660 0.5751 0
8670 0.578316 0
8680 0.581768 0
8690 0.58494 0
8700 0.586987 0
8710 0.589075 0
8720 0.591727 0
8730 0.592368 0
8740 0.592908 0
8750 0.591848 0
8760 0.588604 0
8770 0.585848 0
8780 0.583778 0
8790 0.581013 0
8800 0.578776 0
8810 0.57556 0
8820 0.5731 0
8830 0.570999 0
8840 0.567637 0
8850 0.563803 0
8860 0.560163 0
8870 0.558062 0
8880 0.555737 0
8890 0.553378 0
8900 0.551095 0
8910 0.54947 0
8920 0.547338 0
8930 0.545322 0
8940 0.543529 0
8950 0.5413 0
8960 0.539161 0
8970 0.536828 0
8980 0.53484 0
8990 0.532626 0
9000 0.530269 0

