3500 2.15078 0
3510 2.10345 0
3520 1.96529 0
3530 1.91166 0
3540 1.8945 0
3550 1.8761 0
3560 1.85663 0
3570 1.83584 0
3580 1.81426 0
3590 1.79146 0
3600 1.76772 0
3610 1.74318 0
3620 1.71779 0
3630 1.69186 0
3640 1.6657 0
3650 1.63929 0
3660 1.61331 0
3670 1.58687 0
3680 1.56135 0
3690 1.53929 0
3700 1.52024 0
3710 1.50545 0
3720 1.49615 0
3730 1.4963 0
3740 1.58592 0
3750 1.76237 0
3760 1.90015 0
3770 2.00901 0
3780 2.12734 0
3790 2.23384 0
3800 2.3226 0
3810 2.35747 0
3820 2.34437 0
3830 2.32856 0
3840 2.31145 0
3850 2.29351 0
3860 2.27583 0
3870 2.25843 0
3880 2.24027 0
3890 2.22178 0
3900 2.20381 0
3910 2.18723 0
3920 2.15857 0
3930 2.12205 0
3940 2.08704 0
3950 2.05414 0
3960 2.02319 0
3970 1.9944 0
3980 1.96798 0
3990 1.94492 0
4000 1.94355 0
4010 2.00299 0
4020 2.05973 0
4030 2.11268 0
4040 2.16124 0
4050 2.20498 0
4060 2.24369 0
4070 2.27483 0
4080 2.2766 0
4090 2.26627 0
4100 2.25579 0
4110 2.24581 0
4120 2.23568 0
4130 2.22642 0
4140 2.21746 0
4150 2.20953 0
4160 2.20104 0
4170 2.19297 0
4180 2.18496 0
4190 2.17638 0
4200 2.16022 0
4210 2.14379 0
4220 2.12795 0
4230 2.11323 0
4240 2.09985 0
4250 2.08725 0
4260 2.07528 0
4270 2.06394 0
4280 2.05314 0
4290 2.0429 0
4300 2.03321 0
4310 2.02403 0
4320 2.01523 0
4330 2.00693 0
4340 1.99903 0
4350 1.99147 0
4360 1.98426 0
4370 1.97733 0
4380 1.97061 0
4390 1.96408 0
4400 1.95777 0
4410 1.95162 0
4420 1.94569 0
4430 1.93987 0
4440 1.93419 0
4450 1.92862 0
4460 1.92321 0
4470 1.91788 0
4480 1.91268 0
4490 1.90749 0
4500 1.90237 0
4510 1.89729 0
4520 1.89226 0
4530 1.88763 0
4540 1.88332 0
4550 1.87901 0
4560 1.8747 0
4570 1.87038 0
4580 1.86607 0
4590 1.8525 0
4600 1.8263 0
4610 1.78464 0
4620 1.75737 0
4630 1.74786 0
4640 1.73815 0
4650 1.72812 0
4660 1.71781 0
4670 1.70719 0
4680 1.6963 0
4690 1.68516 0
4700 1.67382 0
4710 1.66219 0
4720 1.65034 0
4730 1.63822 0
4740 1.62604 0
4750 1.61361 0
4760 1.60093 0
4770 1.58825 0
4780 1.57544 0
4790 1.56263 0
4800 1.54989 0
4810 1.53723 0
4820 1.52466 0
4830 1.51245 0
4840 1.5008 0
4850 1.48974 0
4860 1.47961 0
4870 1.47087 0
4880 1.46441 0
4890 1.47514 0
4900 1.50856 0
4910 1.56053 0
4920 1.60921 0
4930 1.65482 0
4940 1.69665 0
4950 1.7353 0
4960 1.77012 0
4970 1.80121 0
4980 1.82095 0
4990 1.83066 0
5000 1.82416 0
5010 1.81862 0
5020 1.81285 0
5030 1.80657 0
5040 1.80071 0
5050 1.79453 0
5060 1.78878 0
5070 1.78276 0
5080 1.77743 0
5090 1.77118 0
5100 1.765 0
5110 1.75941 0
5120 1.75245 0
5130 1.74351 0
5140 1.73082 0
5150 1.71784 0
5160 1.70519 0
5170 1.69306 0
5180 1.68132 0
5190 1.67001 0
5200 1.65912 0
5210 1.64867 0
5220 1.63853 0
5230 1.62893 0
5240 1.61969 0
5250 1.61072 0
5260 1.60208 0
5270 1.5938 0
5280 1.58574 0
5290 1.57795 0
5300 1.57042 0
5310 1.56306 0
5320 1.55597 0
5330 1.54909 0
5340 1.54234 0
5350 1.53582 0
5360 1.52943 0
5370 1.52323 0
5380 1.51719 0
5390 1.51129 0
5400 1.50547 0
5410 1.4998 0
5420 1.49344 0
5430 1.48494 0
5440 1.47601 0
5450 1.4645 0
5460 1.45332 0
5470 1.44647 0
5480 1.44038 0
5490 1.43431 0
5500 1.42822 0
5510 1.42216 0
5520 1.41602 0
5530 1.41002 0
5540 1.40399 0
5550 1.39829 0
5560 1.39256 0
5570 1.38677 0
5580 1.38098 0
5590 1.37511 0
5600 1.36924 0
5610 1.36335 0
5620 1.35742 0
5630 1.35146 0
5640 1.34552 0
5650 1.33956 0
5660 1.33358 0
5670 1.32764 0
5680 1.32168 0
5690 1.31576 0
5700 1.30983 0
5710 1.30394 0
5720 1.29811 0
5730 1.29237 0
5740 1.28674 0
5750 1.28131 0
5760 1.27611 0
5770 1.26541 0
5780 1.18078 0
5790 1.09191 0
5800 1.03545 0
5810 0.995896 0
5820 0.965728 0
5830 0.957299 0
5840 0.948164 0
5850 0.938246 0
5860 0.927756 0
5870 0.916353 0
5880 0.903849 0
5890 0.890093 0
5900 0.875283 0
5910 0.858372 0
5920 0.841386 0
5930 0.824269 0
5940 0.807721 0
5950 0.791129 0
5960 0.774969 0
5970 0.75904 0
5980 0.7437 0
5990 0.728899 0
6000 0.714419 0
6010 0.701027 0
6020 0.687915 0
6030 0.675922 0
6040 0.664819 0
6050 0.654713 0
6060 0.645883 0
6070 0.638343 0
6080 0.631908 0
6090 0.627014 0
6100 0.624408 0
6110 0.623616 0
6120 0.625503 0
6130 0.629914 0
6140 0.637424 0
6150 0.680228 0
6160 0.739843 0
6170 0.809352 0
6180 0.907376 0
6190 0.998843 0
6200 1.08491 0
6210 1.16472 0
6220 1.23965 0
6230 1.30677 0
6240 1.369 0
6250 1.42453 0
6260 1.47213 0
6270 1.49711 0
6280 1.51863 0
6290 1.52024 0
6300 1.51271 0
6310 1.50557 0
6320 1.49877 0
6330 1.49175 0
6340 1.48504 0
6350 1.47836 0
6360 1.47115 0
6370 1.46657 0
6380 1.46084 0
6390 1.45563 0
6400 1.44931 0
6410 1.44383 0
6420 1.43855 0
6430 1.43361 0
6440 1.42515 0
6450 1.40993 0
6460 1.39489 0
6470 1.37667 0
6480 1.35699 0
6490 1.337 0
6500 1.31765 0
6510 1.2998 0
6520 1.28358 0
6530 1.26791 0
6540 1.25271 0
6550 1.23798 0
6560 1.22375 0
6570 1.20999 0
6580 1.19671 0
6590 1.1839 0
6600 1.17131 0
6610 1.15941 0
6620 1.14782 0
6630 1.13656 0
6640 1.1256 0
6650 1.11539 0
6660 1.10522 0
6670 1.09556 0
6680 1.08614 0
6690 1.07707 0
6700 1.06845 0
6710 1.06004 0
6720 1.05195 0
6730 1.04385 0
6740 1.03634 0
6750 1.02892 0
6760 1.02195 0
6770 1.01495 0
6780 1.00829 0
6790 1.00177 0
6800 0.995457 0
6810 0.989361 0
6820 0.983304 0
6830 0.97761 0
6840 0.971947 0
6850 0.966379 0
6860 0.961089 0
6870 0.955739 0
6880 0.950716 0
6890 0.945595 0
6900 0.940708 0
6910 0.935877 0
6920 0.931233 0
6930 0.926668 0
6940 0.922132 0
6950 0.917666 0
6960 0.91399 0
6970 0.910517 0
6980 0.907095 0
6990 0.904183 0
7000 0.901278 0
7010 0.898376 0
7020 0.895478 0
7030 0.892585 0
7040 0.889696 0
7050 0.886814 0
7060 0.883937 0
7070 0.881068 0
7080 0.878205 0
7090 0.87535 0
7100 0.872503 0
7110 0.869664 0
7120 0.866834 0
7130 0.864014 0
7140 0.8611 0
7150 0.857229 0
7160 0.85344 0
7170 0.849674 0
7180 0.846798 0
7190 0.843927 0
7200 0.841066 0
7210 0.838216 0
7220 0.835369 0
7230 0.832535 0
7240 0.829702 0
7250 0.826882 0
7260 0.824067 0
7270 0.821259 0
7280 0.818461 0
7290 0.81567 0
7300 0.812887 0
7310 0.810107 0
7320 0.807335 0
7330 0.804571 0
7340 0.801814 0
7350 0.799065 0
7360 0.796318 0
7370 0.793584 0
7380 0.790858 0
7390 0.788134 0
7400 0.785418 0
7410 0.78271 0
7420 0.780011 0
7430 0.777319 0
7440 0.774629 0
7450 0.771941 0
7460 0.769257 0
7470 0.766576 0
7480 0.763896 0
7490 0.761227 0
7500 0.758562 0
7510 0.755912 0
7520 0.753269 0
7530 0.750645 0
7540 0.748033 0
7550 0.745441 0
7560 0.742873 0
7570 0.740333 0
7580 0.737833 0
7590 0.735369 0
7600 0.732994 0
7610 0.731845 0
7620 0.730838 0
7630 0.72981 0
7640 0.728755 0
7650 0.727661 0
7660 0.726513 0
7670 0.725338 0
7680 0.724119 0
7690 0.722861 0
7700 0.721562 0
7710 0.720204 0
7720 0.71877 0
7730 0.717355 0
7740 0.715816 0
7750 0.713806 0
7760 0.711529 0
7770 0.709262 0
7780 0.706997 0
7790 0.70473 0
7800 0.702508 0
7810 0.700268 0
7820 0.698063 0
7830 0.69583 0
7840 0.693621 0
7850 0.691431 0
7860 0.689245 0
7870 0.687061 0
7880 0.684901 0
7890 0.682745 0
7900 0.680562 0
7910 0.678422 0
7920 0.676246 0
7930 0.674111 0
7940 0.671981 0
7950 0.669844 0
7960 0.667716 0
7970 0.66552 0
7980 0.663228 0
7990 0.660949 0
8000 0.658675 0
8010 0.656416 0
8020 0.654164 0
8030 0.651929 0
8040 0.649703 0
8050 0.647494 0
8060 0.645295 0
8070 0.643111 0
8080 0.640944 0
8090 0.638787 0
8100 0.636645 0
8110 0.634518 0
8120 0.632404 0
8130 0.630305 0
8140 0.62822 0
8150 0.626148 0
8160 0.624089 0
8170 0.622044 0
8180 0.620011 0
8190 0.617991 0
8200 0.615979 0
8210 0.613984 0
8220 0.612 0
8230 0.610027 0
8240 0.608063 0
8250 0.606113 0
8260 0.604171 0
8270 0.602243 0
8280 0.600322 0
8290 0.598411 0
8300 0.596514 0
8310 0.594622 0
8320 0.592738 0
8330 0.590861 0
8340 0.588992 0
8350 0.58713 0
8360 0.585275 0
8370 0.583429 0
8380 0.581586 0
8390 0.579754 0
8400 0.577929 0
8410 0.576109 0
8420 0.574298 0
8430 0.572493 0
8440 0.570695 0
8450 0.568904 0
8460 0.56712 0
8470 0.565344 0
8480 0.563575 0
8490 0.561812 0
8500 0.560058 0
8510 0.558309 0
8520 0.556568 0
8530 0.554834 0
8540 0.553105 0
8550 0.551387 0
8560 0.549044 0
8570 0.545882 0
8580 0.542763 0
8590 0.539466 0
8600 0.537469 0
8610 0.535648 0
8620 0.53383 0
8630 0.532017 0
8640 0.530203 0
8650 0.528394 0
8660 0.526581 0
8670 0.524778 0
8680 0.522972 0
8690 0.521162 0
8700 0.519362 0
8710 0.517564 0
8720 0.515762 0
8730 0.513962 0
8740 0.512164 0
8750 0.510368 0
8760 0.508573 0
8770 0.506771 0
8780 0.504977 0
8790 0.503177 0
8800 0.501387 0
8810 0.499589 0
8820 0.497793 0
8830 0.495998 0
8840 0.494214 0
8850 0.492423 0
8860 0.490634 0
8870 0.488839 0
8880 0.487055 0
8890 0.485274 0
8900 0.483497 0
8910 0.481714 0
8920 0.479945 0
8930 0.478172 0
8940 0.476413 0
8950 0.474651 0
8960 0.472906 0
8970 0.471159 0
8980 0.469421 0
8990 0.467703 0
9000 0.465987 0

