3300 2.2502 0
3310 2.34374 0
3320 2.42571 0
3330 2.51756 0
3340 2.6036 0
3350 2.68997 0
3360 2.77267 0
3370 2.85492 0
3380 2.61941 0
3390 2.38678 0
3400 2.11065 0
3410 1.87733 0
3420 1.66282 0
3430 1.44625 0
3440 1.19111 0
3450 0.975421 0
3460 0.763319 0
3470 0.56978 0
3480 0.584086 0
3490 0.628931 0
3500 0.684184 0
3510 0.877739 0
3520 1.14895 0
3530 1.37577 0
3540 1.62069 0
3550 1.84884 0
3560 2.04301 0
3570 2.23446 0
3580 2.43445 0
3590 2.60691 0
3600 2.78162 0
3610 2.93079 0
3620 3.06843 0
3630 3.21051 0
3640 3.33487 0
3650 3.42624 0
3660 3.39925 0
3670 3.39401 0
3680 3.38835 0
3690 3.35675 0
3700 3.34709 0
3710 3.32759 0
3720 3.31551 0
3730 3.3013 0
3740 3.28794 0
3750 3.27148 0
3760 3.27264 0
3770 3.26023 0
3780 3.23908 0
3790 3.21253 0
3800 3.22151 0
3810 3.19335 0
3820 3.19135 0
3830 3.17078 0
3840 3.17072 0
3850 3.14561 0
3860 3.13969 0
3870 3.15134 0
3880 3.13134 0
3890 3.12887 0
3900 3.12593 0
3910 3.11517 0
3920 3.11099 0
3930 3.08915 0
3940 3.08146 0
3950 3.07686 0
3960 3.06818 0
3970 3.05974 0
3980 3.05553 0
3990 3.05247 0
4000 3.04169 0
4010 3.03225 0
4020 3.02826 0
4030 3.01776 0
4040 3.01219 0
4050 2.99994 0
4060 2.98715 0
4070 2.99052 0
4080 2.97587 0
4090 2.96526 0
4100 2.95286 0
4110 2.93843 0
4120 2.92376 0
4130 2.91014 0
4140 2.90201 0
4150 2.89154 0
4160 2.87488 0
4170 2.86562 0
4180 2.84719 0
4190 2.83739 0
4200 2.82661 0
4210 2.8176 0
4220 2.80256 0
4230 2.78921 0
4240 2.77998 0
4250 2.77516 0
4260 2.76248 0
4270 2.75298 0
4280 2.74346 0
4290 2.73768 0
4300 2.72712 0
4310 2.71671 0
4320 2.69969 0
4330 2.68259 0
4340 2.66546 0
4350 2.64857 0
4360 2.6282 0
4370 2.60795 0
4380 2.58394 0
4390 2.564 0
4400 2.54403 0
4410 2.5266 0
4420 2.50785 0
4430 2.49385 0
4440 2.47614 0
4450 2.46296 0
4460 2.44616 0
4470 2.42989 0
4480 2.41792 0
4490 2.40262 0
4500 2.38785 0
4510 2.3804 0
4520 2.37294 0
4530 2.36548 0
4540 2.35801 0
4550 2.35055 0
4560 2.34309 0
4570 2.33562 0
4580 2.32817 0
4590 2.32073 0
4600 2.3133 0
4610 2.30588 0
4620 2.29847 0
4630 2.29108 0
4640 2.28369 0
4650 2.2763 0
4660 2.26891 0
4670 2.26152 0
4680 2.25414 0
4690 2.24676 0
4700 2.2394 0
4710 2.23204 0
4720 2.22469 0
4730 2.21737 0
4740 2.21006 0
4750 2.20276 0
4760 2.19548 0
4770 2.1882 0
4780 2.18093 0
4790 2.17366 0
4800 2.1664 0
4810 2.15916 0
4820 2.15191 0
4830 2.14469 0
4840 2.13748 0
4850 2.13028 0
4860 2.12309 0
4870 2.11593 0
4880 2.10879 0
4890 2.10167 0
4900 2.09454 0
4910 2.08741 0
4920 2.08029 0
4930 2.07317 0
4940 2.06606 0
4950 2.05896 0
4960 2.05186 0
4970 2.04478 0
4980 2.03771 0
4990 2.03064 0
5000 2.0236 0
5010 2.01657 0
5020 2.00956 0
5030 2.00257 0
5040 1.99559 0
5050 1.98864 0
5060 1.98171 0
5070 1.9748 0
5080 1.96791 0
5090 1.96105 0
5100 1.95422 0
5110 1.94741 0
5120 1.94063 0
5130 1.93387 0
5140 1.92714 0
5150 1.92044 0
5160 1.91376 0
5170 1.90707 0
5180 1.9004 0
5190 1.89373 0
5200 1.88707 0
5210 1.88042 0
5220 1.87379 0
5230 1.86718 0
5240 1.86057 0
5250 1.85399 0
5260 1.84742 0
5270 1.84087 0
5280 1.83434 0
5290 1.82782 0
5300 1.82134 0
5310 1.81487 0
5320 1.80841 0
5330 1.80198 0
5340 1.79558 0
5350 1.7892 0
5360 1.78284 0
5370 1.77651 0
5380 1.7702 0
5390 1.76392 0
5400 1.75767 0
5410 1.75144 0
5420 1.74523 0
5430 1.73902 0
5440 1.73283 0
5450 1.72665 0
5460 1.72048 0
5470 1.71433 0
5480 1.70819 0
5490 1.70207 0
5500 1.69596 0
5510 1.68987 0
5520 1.6838 0
5530 1.67774 0
5540 1.67171 0
5550 1.66569 0
5560 1.65969 0
5570 1.65371 0
5580 1.64776 0
5590 1.64183 0
5600 1.63591 0
5610 1.63002 0
5620 1.62415 0
5630 1.61831 0
5640 1.61249 0
5650 1.60669 0
5660 1.60092 0
5670 1.59517 0
5680 1.58944 0
5690 1.58372 0
5700 1.57801 0
5710 1.57233 0
5720 1.56665 0
5730 1.56099 0
5740 1.55535 0
5750 1.54972 0
5760 1.54412 0
5770 1.53852 0
5780 1.53295 0
5790 1.5274 0
5800 1.52186 0
5810 1.51634 0
5820 1.51085 0
5830 1.50537 0
5840 1.49991 0
5850 1.49447 0
5860 1.48906 0
5870 1.48367 0
5880 1.47829 0
5890 1.47293 0
5900 1.4676 0
5910 1.46229 0
5920 1.457 0
5930 1.45174 0
5940 1.44649 0
5950 1.44126 0
5960 1.43604 0
5970 1.43084 0
5980 1.42566 0
5990 1.42049 0
6000 1.41533 0
6010 1.4102 0
6020 1.40508 0
6030 1.39998 0
6040 1.39489 0
6050 1.38983 0
6060 1.38478 0
6070 1.37975 0
6080 1.37474 0
6090 1.36975 0
6100 1.36478 0
6110 1.35982 0
6120 1.35489 0
6130 1.34997 0
6140 1.34508 0
6150 1.3402 0
6160 1.33535 0
6170 1.33051 0
6180 1.32569 0
6190 1.3209 0
6200 1.31612 0
6210 1.31135 0
6220 1.30661 0
6230 1.30187 0
6240 1.29716 0
6250 1.29246 0
6260 1.28777 0
6270 1.2831 0
6280 1.27845 0
6290 1.27382 0
6300 1.2692 0
6310 1.2646 0
6320 1.26002 0
6330 1.25545 0
6340 1.2509 0
6350 1.24637 0
6360 1.24186 0
6370 1.23736 0
6380 1.23289 0
6390 1.22843 0
6400 1.22398 0
6410 1.21956 0
6420 1.21515 0
6430 1.21077 0
6440 1.2064 0
6450 1.20205 0
6460 1.19771 0
6470 1.19338 0
6480 1.18907 0
6490 1.18478 0
6500 1.1805 0
6510 1.17623 0
6520 1.17197 0
6530 1.16773 0
6540 1.16351 0
6550 1.1593 0
6560 1.15511 0
6570 1.15093 0
6580 1.14676 0
6590 1.14261 0
6600 1.13848 0
6610 1.13436 0
6620 1.13025 0
6630 1.12616 0
6640 1.12209 0
6650 1.11804 0
6660 1.114 0
6670 1.10997 0
6680 1.10596 0
6690 1.10196 0
6700 1.09799 0
6710 1.09402 0
6720 1.09008 0
6730 1.08615 0
6740 1.08223 0
6750 1.07834 0
6760 1.07445 0
6770 1.07059 0
6780 1.06674 0
6790 1.06291 0
6800 1.05909 0
6810 1.05529 0
6820 1.0515 0
6830 1.04774 0
6840 1.04398 0
6850 1.04025 0
6860 1.03653 0
6870 1.03283 0
6880 1.02914 0
6890 1.02547 0
6900 1.02181 0
6910 1.01817 0
6920 1.01455 0
6930 1.01094 0
6940 1.00735 0
6950 1.00377 0
6960 1.00021 0
6970 0.996668 0
6980 0.993138 0
6990 0.98962 0
7000 0.986115 0
7010 0.982621 0
7020 0.979138 0
7030 0.975668 0
7040 0.971937 0
7050 0.968065 0
7060 0.964278 0
7070 0.960427 0
7080 0.956215 0
7090 0.951572 0
7100 0.946831 0
7110 0.94216 0
7120 0.937397 0
7130 0.932635 0
7140 0.927744 0
7150 0.922727 0
7160 0.918041 0
7170 0.913109 0
7180 0.908086 0
7190 0.903138 0
7200 0.89794 0
7210 0.892824 0
7220 0.887976 0
7230 0.882536 0
7240 0.877618 0
7250 0.873181 0
7260 0.869095 0
7270 0.864995 0
7280 0.860469 0
7290 0.853212 0
7300 0.845066 0
7310 0.835923 0
7320 0.827064 0
7330 0.789535 0
7340 0.75044 0
7350 0.716805 0
7360 0.683999 0
7370 0.641724 0
7380 0.61385 0
7390 0.57475 0
7400 0.5436 0
7410 0.514033 0
7420 0.480757 0
7430 0.444149 0
7440 0.409119 0
7450 0.371437 0
7460 0.335512 0
7470 0.309334 0
7480 0.273357 0
7490 0.249714 0
7500 0.214716 0
7510 0.195771 0
7520 0.176541 0
7530 0.158586 0
7540 0.146477 0
7550 0.149538 0
7560 0.152645 0
7570 0.159111 0
7580 0.16426 0
7590 0.170496 0
7600 0.175649 0
7610 0.181944 0
7620 0.187988 0
7630 0.190907 0
7640 0.196162 0
7650 0.221095 0
7660 0.246372 0
7670 0.272981 0
7680 0.298689 0
7690 0.322911 0
7700 0.347813 0
7710 0.368731 0
7720 0.391469 0
7730 0.41346 0
7740 0.434753 0
7750 0.457866 0
7760 0.47499 0
7770 0.496973 0
7780 0.51306 0
7790 0.532352 0
7800 0.551237 0
7810 0.566258 0
7820 0.581327 0
7830 0.595954 0
7840 0.609258 0
7850 0.625237 0
7860 0.635407 0
7870 0.646999 0
7880 0.657448 0
7890 0.671054 0
7900 0.68401 0
7910 0.699475 0
7920 0.713555 0
7930 0.730704 0
7940 0.737866 0
7950 0.749603 0
7960 0.762462 0
7970 0.759919 0
7980 0.761052 0
7990 0.759554 0
8000 0.755933 0
8010 0.758321 0
8020 0.755521 0
8030 0.75414 0
8040 0.754757 0
8050 0.751455 0
8060 0.753713 0
8070 0.751037 0
8080 0.752584 0
8090 0.748397 0
8100 0.751519 0
8110 0.748459 0
8120 0.748943 0
8130 0.745565 0
8140 0.748439 0
8150 0.746919 0
8160 0.745222 0
8170 0.745938 0
8180 0.742964 0
8190 0.745041 0
8200 0.743793 0
8210 0.741052 0
8220 0.738573 0
8230 0.73478 0
8240 0.732254 0
8250 0.730288 0
8260 0.727523 0
8270 0.722291 0
8280 0.720443 0
8290 0.718354 0
8300 0.713502 0
8310 0.711658 0
8320 0.709688 0
8330 0.707708 0
8340 0.703314 0
8350 0.699284 0
8360 0.697345 0
8370 0.695533 0
8380 0.693087 0
8390 0.688899 0
8400 0.685235 0
8410 0.684377 0
8420 0.682213 0
8430 0.680216 0
8440 0.677272 0
8450 0.673967 0
8460 0.669458 0
8470 0.66738 0
8480 0.665418 0
8490 0.662579 0
8500 0.659913 0
8510 0.657363 0
8520 0.653853 0
8530 0.650452 0
8540 0.64709 0
8550 0.64311 0
8560 0.638708 0
8570 0.635317 0
8580 0.63221 0
8590 0.629078 0
8600 0.626141 0
8610 0.623003 0
8620 0.620298 0
8630 0.61715 0
8640 0.614221 0
8650 0.611726 0
8660 0.608939 0
8670 0.606029 0
8680 0.602673 0
8690 0.598748 0
8700 0.595215 0
8710 0.591778 0
8720 0.58863 0
8730 0.585675 0
8740 0.583979 0
8750 0.582191 0
8760 0.581921 0
8770 0.580904 0
8780 0.579828 0
8790 0.578404 0
8800 0.577233 0
8810 0.575213 0
8820 0.57359 0
8830 0.573693 0
8840 0.572848 0
8850 0.571805 0
8860 0.569813 0
8870 0.568096 0
8880 0.567978 0
8890 0.568179 0
8900 0.567307 0
8910 0.565125 0
8920 0.562853 0
8930 0.562963 0
8940 0.562251 0
8950 0.560998 0
8960 0.559726 0
8970 0.559104 0
8980 0.558823 0
8990 0.556531 0
9000 0.554654 0

