3300 2.15954 0
3310 1.69728 0
3320 1.2324 0
3330 0.900769 0
3340 0.72674 0
3350 0.588928 0
3360 0.494465 0
3370 0.438459 0
3380 0.400194 0
3390 0.375467 0
3400 0.361082 0
3410 0.354089 0
3420 0.352648 0
3430 0.355043 0
3440 0.360196 0
3450 0.368018 0
3460 0.378464 0
3470 0.391586 0
3480 0.408062 0
3490 0.427966 0
3500 0.451384 0
3510 0.477961 0
3520 0.507581 0
3530 0.540454 0
3540 0.57693 0
3550 0.619033 0
3560 0.666425 0
3570 0.719243 0
3580 0.777301 0
3590 0.839557 0
3600 0.904595 0
3610 0.973114 0
3620 1.05786 0
3630 1.16019 0
3640 1.28334 0
3650 1.50238 0
3660 1.69963 0
3670 1.8929 0
3680 2.06904 0
3690 2.21795 0
3700 2.36315 0
3710 2.50539 0
3720 2.60901 0
3730 2.70799 0
3740 2.79408 0
3750 2.87419 0
3760 2.97837 0
3770 3.07782 0
3780 3.20808 0
3790 3.29851 0
3800 3.38438 0
3810 3.46585 0
3820 3.54288 0
3830 3.61462 0
3840 3.61779 0
3850 3.62897 0
3860 3.66503 0
3870 3.68141 0
3880 3.71322 0
3890 3.72176 0
3900 3.74333 0
3910 3.73827 0
3920 3.73881 0
3930 3.7208 0
3940 3.69949 0
3950 3.67666 0
3960 3.65362 0
3970 3.63345 0
3980 3.61795 0
3990 3.60111 0
4000 3.60345 0
4010 3.58231 0
4020 3.55955 0
4030 3.55575 0
4040 3.53827 0
4050 3.53064 0
4060 3.50861 0
4070 3.5002 0
4080 3.48796 0
4090 3.46057 0
4100 3.43532 0
4110 3.40034 0
4120 3.37403 0
4130 3.33797 0
4140 3.30141 0
4150 3.26421 0
4160 3.2275 0
4170 3.1909 0
4180 3.156 0
4190 3.1233 0
4200 3.09252 0
4210 3.06294 0
4220 3.0346 0
4230 3.00658 0
4240 2.97899 0
4250 2.95212 0
4260 2.92558 0
4270 2.89997 0
4280 2.87477 0
4290 2.8505 0
4300 2.82709 0
4310 2.80443 0
4320 2.78212 0
4330 2.75973 0
4340 2.73631 0
4350 2.71312 0
4360 2.69019 0
4370 2.66608 0
4380 2.6401 0
4390 2.61324 0
4400 2.58658 0
4410 2.56033 0
4420 2.53485 0
4430 2.50956 0
4440 2.48396 0
4450 2.45798 0
4460 2.43153 0
4470 2.40446 0
4480 2.37662 0
4490 2.34786 0
4500 2.31803 0
4510 2.28693 0
4520 2.2544 0
4530 2.22027 0
4540 2.18442 0
4550 2.14666 0
4560 2.10685 0
4570 2.06496 0
4580 2.02125 0
4590 1.98476 0
4600 1.9634 0
4610 1.9689 0
4620 1.97687 0
4630 1.98567 0
4640 1.99489 0
4650 2.00512 0
4660 2.01641 0
4670 2.02831 0
4680 2.04044 0
4690 2.05357 0
4700 2.06727 0
4710 2.08172 0
4720 2.09599 0
4730 2.11225 0
4740 2.1269 0
4750 2.14423 0
4760 2.15959 0
4770 2.17541 0
4780 2.19014 0
4790 2.19972 0
4800 2.1986 0
4810 2.18941 0
4820 2.18036 0
4830 2.1718 0
4840 2.16327 0
4850 2.15466 0
4860 2.14616 0
4870 2.13797 0
4880 2.12992 0
4890 2.12175 0
4900 2.11377 0
4910 2.10571 0
4920 2.09775 0
4930 2.08959 0
4940 2.0818 0
4950 2.07388 0
4960 2.06585 0
4970 2.05822 0
4980 2.05029 0
4990 2.04235 0
5000 2.03454 0
5010 2.02689 0
5020 2.01926 0
5030 2.01149 0
5040 2.00373 0
5050 1.99601 0
5060 1.98833 0
5070 1.98068 0
5080 1.97306 0
5090 1.96541 0
5100 1.95775 0
5110 1.94987 0
5120 1.94224 0
5130 1.93435 0
5140 1.92627 0
5150 1.91822 0
5160 1.90992 0
5170 1.90184 0
5180 1.89362 0
5190 1.8852 0
5200 1.87691 0
5210 1.86865 0
5220 1.86019 0
5230 1.85198 0
5240 1.84354 0
5250 1.83509 0
5260 1.82642 0
5270 1.8176 0
5280 1.80866 0
5290 1.79947 0
5300 1.79007 0
5310 1.78051 0
5320 1.77068 0
5330 1.76034 0
5340 1.74941 0
5350 1.73711 0
5360 1.72382 0
5370 1.70974 0
5380 1.6955 0
5390 1.68106 0
5400 1.66636 0
5410 1.65133 0
5420 1.63721 0
5430 1.62508 0
5440 1.61311 0
5450 1.60235 0
5460 1.59016 0
5470 1.57632 0
5480 1.56189 0
5490 1.54674 0
5500 1.53067 0
5510 1.51368 0
5520 1.49575 0
5530 1.47655 0
5540 1.45636 0
5550 1.43718 0
5560 1.41831 0
5570 1.39919 0
5580 1.37935 0
5590 1.35765 0
5600 1.33468 0
5610 1.31027 0
5620 1.28403 0
5630 1.25614 0
5640 1.22662 0
5650 1.19489 0
5660 1.16105 0
5670 1.12466 0
5680 1.08605 0
5690 1.04556 0
5700 1.00441 0
5710 0.962827 0
5720 0.921157 0
5730 0.87982 0
5740 0.83917 0
5750 0.799646 0
5760 0.761656 0
5770 0.725732 0
5780 0.701479 0
5790 0.699408 0
5800 0.719348 0
5810 0.754188 0
5820 0.789917 0
5830 0.825885 0
5840 0.862749 0
5850 0.899139 0
5860 0.936061 0
5870 0.974061 0
5880 1.01115 0
5890 1.04839 0
5900 1.08585 0
5910 1.12265 0
5920 1.15875 0
5930 1.19519 0
5940 1.23019 0
5950 1.26547 0
5960 1.29872 0
5970 1.33081 0
5980 1.3624 0
5990 1.39321 0
6000 1.42287 0
6010 1.45121 0
6020 1.47674 0
6030 1.49766 0
6040 1.50623 0
6050 1.50754 0
6060 1.50056 0
6070 1.49377 0
6080 1.4877 0
6090 1.48079 0
6100 1.47417 0
6110 1.46805 0
6120 1.46073 0
6130 1.45519 0
6140 1.44809 0
6150 1.44242 0
6160 1.43569 0
6170 1.42987 0
6180 1.42426 0
6190 1.41843 0
6200 1.413 0
6210 1.40748 0
6220 1.4021 0
6230 1.39599 0
6240 1.39078 0
6250 1.38525 0
6260 1.38014 0
6270 1.37447 0
6280 1.36852 0
6290 1.36271 0
6300 1.35725 0
6310 1.35197 0
6320 1.34675 0
6330 1.34104 0
6340 1.33522 0
6350 1.32931 0
6360 1.32345 0
6370 1.31762 0
6380 1.31182 0
6390 1.30602 0
6400 1.30023 0
6410 1.2944 0
6420 1.28855 0
6430 1.28336 0
6440 1.27803 0
6450 1.27294 0
6460 1.26759 0
6470 1.26197 0
6480 1.25625 0
6490 1.25166 0
6500 1.24637 0
6510 1.24109 0
6520 1.23563 0
6530 1.23107 0
6540 1.22582 0
6550 1.22031 0
6560 1.21595 0
6570 1.21072 0
6580 1.20574 0
6590 1.20112 0
6600 1.19567 0
6610 1.19138 0
6620 1.1861 0
6630 1.18165 0
6640 1.17647 0
6650 1.17206 0
6660 1.16684 0
6670 1.16258 0
6680 1.15731 0
6690 1.15312 0
6700 1.14838 0
6710 1.14351 0
6720 1.13725 0
6730 1.13014 0
6740 1.12203 0
6750 1.11377 0
6760 1.10498 0
6770 1.09656 0
6780 1.0886 0
6790 1.08114 0
6800 1.07386 0
6810 1.0667 0
6820 1.05967 0
6830 1.05276 0
6840 1.04593 0
6850 1.0392 0
6860 1.03261 0
6870 1.02614 0
6880 1.01971 0
6890 1.01335 0
6900 1.00709 0
6910 1.00093 0
6920 0.994873 0
6930 0.988906 0
6940 0.98304 0
6950 0.977283 0
6960 0.971607 0
6970 0.966014 0
6980 0.960507 0
6990 0.955121 0
7000 0.94981 0
7010 0.944557 0
7020 0.93936 0
7030 0.934201 0
7040 0.929085 0
7050 0.924007 0
7060 0.918951 0
7070 0.913913 0
7080 0.90847 0
7090 0.902504 0
7100 0.896458 0
7110 0.889371 0
7120 0.877278 0
7130 0.862817 0
7140 0.848272 0
7150 0.83394 0
7160 0.819439 0
7170 0.804559 0
7180 0.789298 0
7190 0.77402 0
7200 0.758688 0
7210 0.742608 0
7220 0.725093 0
7230 0.709725 0
7240 0.695261 0
7250 0.680418 0
7260 0.665245 0
7270 0.649675 0
7280 0.633794 0
7290 0.617555 0
7300 0.600947 0
7310 0.584003 0
7320 0.567117 0
7330 0.551415 0
7340 0.536316 0
7350 0.520999 0
7360 0.505478 0
7370 0.489804 0
7380 0.474012 0
7390 0.458126 0
7400 0.442194 0
7410 0.426225 0
7420 0.410288 0
7430 0.394443 0
7440 0.378631 0
7450 0.362854 0
7460 0.347215 0
7470 0.331868 0
7480 0.316902 0
7490 0.302357 0
7500 0.288292 0
7510 0.274772 0
7520 0.261901 0
7530 0.249664 0
7540 0.23809 0
7550 0.22722 0
7560 0.217143 0
7570 0.207873 0
7580 0.199348 0
7590 0.191557 0
7600 0.184534 0
7610 0.178254 0
7620 0.172723 0
7630 0.167923 0
7640 0.163856 0
7650 0.16047 0
7660 0.157749 0
7670 0.15565 0
7680 0.154156 0
7690 0.153213 0
7700 0.152781 0
7710 0.152845 0
7720 0.153346 0
7730 0.15424 0
7740 0.155514 0
7750 0.157128 0
7760 0.159051 0
7770 0.161265 0
7780 0.163733 0
7790 0.16652 0
7800 0.16958 0
7810 0.172947 0
7820 0.176563 0
7830 0.18069 0
7840 0.185637 0
7850 0.191147 0
7860 0.197379 0
7870 0.204392 0
7880 0.212174 0
7890 0.220419 0
7900 0.228666 0
7910 0.23689 0
7920 0.245051 0
7930 0.253487 0
7940 0.267462 0
7950 0.287612 0
7960 0.307316 0
7970 0.325881 0
7980 0.344106 0
7990 0.361402 0
8000 0.378646 0
8010 0.394892 0
8020 0.409985 0
8030 0.424578 0
8040 0.43964 0
8050 0.452641 0
8060 0.467001 0
8070 0.478499 0
8080 0.490231 0
8090 0.502054 0
8100 0.513685 0
8110 0.523771 0
8120 0.533197 0
8130 0.542361 0
8140 0.55115 0
8150 0.55903 0
8160 0.565982 0
8170 0.573806 0
8180 0.583225 0
8190 0.594713 0
8200 0.606538 0
8210 0.615139 0
8220 0.625449 0
8230 0.63658 0
8240 0.643788 0
8250 0.653028 0
8260 0.661429 0
8270 0.668535 0
8280 0.677806 0
8290 0.682873 0
8300 0.691847 0
8310 0.695951 0
8320 0.703409 0
8330 0.70757 0
8340 0.712544 0
8350 0.716616 0
8360 0.716737 0
8370 0.714131 0
8380 0.714749 0
8390 0.714281 0
8400 0.711749 0
8410 0.712165 0
8420 0.711789 0
8430 0.709758 0
8440 0.708774 0
8450 0.708648 0
8460 0.707843 0
8470 0.70572 0
8480 0.704506 0
8490 0.704295 0
8500 0.703373 0
8510 0.702176 0
8520 0.700138 0
8530 0.697785 0
8540 0.696808 0
8550 0.695653 0
8560 0.694359 0
8570 0.693414 0
8580 0.692681 0
8590 0.691421 0
8600 0.689474 0
8610 0.687222 0
8620 0.684368 0
8630 0.681422 0
8640 0.678664 0
8650 0.67586 0
8660 0.672984 0
8670 0.670086 0
8680 0.66797 0
8690 0.665786 0
8700 0.663502 0
8710 0.661039 0
8720 0.65841 0
8730 0.655727 0
8740 0.654973 0
8750 0.653519 0
8760 0.651193 0
8770 0.648501 0
8780 0.646863 0
8790 0.645583 0
8800 0.643107 0
8810 0.640954 0
8820 0.639842 0
8830 0.637738 0
8840 0.634654 0
8850 0.632001 0
8860 0.629687 0
8870 0.62648 0
8880 0.622864 0
8890 0.61884 0
8900 0.614531 0
8910 0.611063 0
8920 0.607071 0
8930 0.602623 0
8940 0.598033 0
8950 0.594066 0
8960 0.589547 0
8970 0.584839 0
8980 0.581071 0
8990 0.576827 0
9000 0.572166 0

