3300 1.97052 0
3310 1.67342 0
3320 1.35167 0
3330 1.06181 0
3340 0.817354 0
3350 0.57953 0
3360 0.46667 0
3370 0.408145 0
3380 0.369181 0
3390 0.346385 0
3400 0.334841 0
3410 0.330496 0
3420 0.333871 0
3430 0.344681 0
3440 0.361161 0
3450 0.382507 0
3460 0.40373 0
3470 0.429824 0
3480 0.457614 0
3490 0.487517 0
3500 0.515543 0
3510 0.549051 0
3520 0.583044 0
3530 0.619173 0
3540 0.682326 0
3550 0.753302 0
3560 0.888579 0
3570 1.11357 0
3580 1.33185 0
3590 1.51722 0
3600 1.69747 0
3610 1.84546 0
3620 1.99629 0
3630 2.10824 0
3640 2.2606 0
3650 2.37013 0
3660 2.47245 0
3670 2.57979 0
3680 2.6426 0
3690 2.74132 0
3700 2.79698 0
3710 2.86563 0
3720 2.90267 0
3730 2.92595 0
3740 2.96331 0
3750 2.98115 0
3760 3.0087 0
3770 3.03068 0
3780 3.06837 0
3790 3.08403 0
3800 3.10594 0
3810 3.12229 0
3820 3.13962 0
3830 3.1499 0
3840 3.13829 0
3850 3.0807 0
3860 3.00027 0
3870 2.92807 0
3880 2.85061 0
3890 2.75642 0
3900 2.66518 0
3910 2.54263 0
3920 2.423 0
3930 2.28801 0
3940 2.13459 0
3950 2.00375 0
3960 1.88963 0
3970 1.78961 0
3980 1.68651 0
3990 1.58928 0
4000 1.4989 0
4010 1.41045 0
4020 1.33664 0
4030 1.27536 0
4040 1.22473 0
4050 1.18211 0
4060 1.1507 0
4070 1.11843 0
4080 1.10072 0
4090 1.09109 0
4100 1.08649 0
4110 1.09161 0
4120 1.10919 0
4130 1.13371 0
4140 1.17031 0
4150 1.22687 0
4160 1.31277 0
4170 1.41994 0
4180 1.52337 0
4190 1.62363 0
4200 1.72006 0
4210 1.81141 0
4220 1.89604 0
4230 1.98616 0
4240 2.06687 0
4250 2.13571 0
4260 2.20755 0
4270 2.27855 0
4280 2.33549 0
4290 2.39488 0
4300 2.45633 0
4310 2.50581 0
4320 2.55461 0
4330 2.59548 0
4340 2.6373 0
4350 2.67636 0
4360 2.71461 0
4370 2.74101 0
4380 2.77035 0
4390 2.7938 0
4400 2.80229 0
4410 2.81195 0
4420 2.8045 0
4430 2.80855 0
4440 2.79599 0
4450 2.79307 0
4460 2.7767 0
4470 2.75743 0
4480 2.74583 0
4490 2.71999 0
4500 2.69521 0
4510 2.66581 0
4520 2.64495 0
4530 2.61038 0
4540 2.5751 0
4550 2.53972 0
4560 2.50509 0
4570 2.47043 0
4580 2.43546 0
4590 2.40709 0
4600 2.39082 0
4610 2.3863 0
4620 2.38464 0
4630 2.37714 0
4640 2.36967 0
4650 2.36501 0
4660 2.36521 0
4670 2.35545 0
4680 2.35031 0
4690 2.33965 0
4700 2.33431 0
4710 2.33342 0
4720 2.32309 0
4730 2.31356 0
4740 2.31327 0
4750 2.30526 0
4760 2.29865 0
4770 2.29238 0
4780 2.2871 0
4790 2.28308 0
4800 2.27986 0
4810 2.27827 0
4820 2.26451 0
4830 2.26328 0
4840 2.26356 0
4850 2.25086 0
4860 2.25189 0
4870 2.24029 0
4880 2.24124 0
4890 2.23042 0
4900 2.22874 0
4910 2.22109 0
4920 2.2192 0
4930 2.20077 0
4940 2.18508 0
4950 2.17433 0
4960 2.15427 0
4970 2.13417 0
4980 2.11667 0
4990 2.09554 0
5000 2.08181 0
5010 2.05866 0
5020 2.03547 0
5030 2.01164 0
5040 1.98759 0
5050 1.96212 0
5060 1.9366 0
5070 1.91316 0
5080 1.89098 0
5090 1.8681 0
5100 1.84521 0
5110 1.82155 0
5120 1.79761 0
5130 1.77377 0
5140 1.74942 0
5150 1.72462 0
5160 1.7005 0
5170 1.6763 0
5180 1.65202 0
5190 1.62787 0
5200 1.60393 0
5210 1.5805 0
5220 1.55989 0
5230 1.56277 0
5240 1.56495 0
5250 1.56254 0
5260 1.56361 0
5270 1.56719 0
5280 1.56589 0
5290 1.56642 0
5300 1.56826 0
5310 1.57133 0
5320 1.57558 0
5330 1.57177 0
5340 1.57823 0
5350 1.5757 0
5360 1.57389 0
5370 1.57283 0
5380 1.57247 0
5390 1.58355 0
5400 1.58506 0
5410 1.57611 0
5420 1.57937 0
5430 1.58363 0
5440 1.58959 0
5450 1.59871 0
5460 1.59762 0
5470 1.60615 0
5480 1.61526 0
5490 1.61462 0
5500 1.62378 0
5510 1.62263 0
5520 1.63242 0
5530 1.61049 0
5540 1.5881 0
5550 1.54827 0
5560 1.51538 0
5570 1.47125 0
5580 1.4289 0
5590 1.39483 0
5600 1.34835 0
5610 1.30371 0
5620 1.26864 0
5630 1.22241 0
5640 1.17693 0
5650 1.13096 0
5660 1.08513 0
5670 1.05168 0
5680 1.00755 0
5690 0.965333 0
5700 0.923031 0
5710 0.882338 0
5720 0.851727 0
5730 0.826526 0
5740 0.806839 0
5750 0.789922 0
5760 0.774462 0
5770 0.763264 0
5780 0.761448 0
5790 0.77251 0
5800 0.79887 0
5810 0.825611 0
5820 0.848412 0
5830 0.876938 0
5840 0.90387 0
5850 0.928508 0
5860 0.954895 0
5870 0.976853 0
5880 1.00468 0
5890 1.02929 0
5900 1.05264 0
5910 1.07844 0
5920 1.09771 0
5930 1.11676 0
5940 1.13689 0
5950 1.1563 0
5960 1.17794 0
5970 1.19871 0
5980 1.21992 0
5990 1.24057 0
6000 1.26135 0
6010 1.27593 0
6020 1.29677 0
6030 1.31665 0
6040 1.32358 0
6050 1.3433 0
6060 1.36218 0
6070 1.36734 0
6080 1.38642 0
6090 1.39033 0
6100 1.4084 0
6110 1.4121 0
6120 1.42871 0
6130 1.43151 0
6140 1.44209 0
6150 1.45002 0
6160 1.45156 0
6170 1.46056 0
6180 1.46657 0
6190 1.46731 0
6200 1.47533 0
6210 1.47526 0
6220 1.47917 0
6230 1.47823 0
6240 1.48356 0
6250 1.4823 0
6260 1.47985 0
6270 1.47795 0
6280 1.47986 0
6290 1.48436 0
6300 1.47992 0
6310 1.47619 0
6320 1.47145 0
6330 1.46647 0
6340 1.46203 0
6350 1.45646 0
6360 1.45067 0
6370 1.44542 0
6380 1.4391 0
6390 1.43255 0
6400 1.42581 0
6410 1.4197 0
6420 1.41248 0
6430 1.40502 0
6440 1.39738 0
6450 1.38973 0
6460 1.38191 0
6470 1.37473 0
6480 1.36662 0
6490 1.35866 0
6500 1.35068 0
6510 1.34281 0
6520 1.33503 0
6530 1.32719 0
6540 1.31914 0
6550 1.31112 0
6560 1.3034 0
6570 1.29565 0
6580 1.28779 0
6590 1.27986 0
6600 1.27187 0
6610 1.26421 0
6620 1.25642 0
6630 1.24865 0
6640 1.24078 0
6650 1.2333 0
6660 1.22559 0
6670 1.21799 0
6680 1.21046 0
6690 1.20309 0
6700 1.19555 0
6710 1.18819 0
6720 1.18108 0
6730 1.17369 0
6740 1.16657 0
6750 1.15896 0
6760 1.14946 0
6770 1.1391 0
6780 1.12551 0
6790 1.11161 0
6800 1.09798 0
6810 1.08378 0
6820 1.06968 0
6830 1.05526 0
6840 1.04044 0
6850 1.02562 0
6860 1.01034 0
6870 0.995321 0
6880 0.979558 0
6890 0.964042 0
6900 0.947859 0
6910 0.932123 0
6920 0.915636 0
6930 0.899414 0
6940 0.882753 0
6950 0.867044 0
6960 0.851419 0
6970 0.837223 0
6980 0.824034 0
6990 0.811062 0
7000 0.797976 0
7010 0.784829 0
7020 0.771862 0
7030 0.758753 0
7040 0.745752 0
7050 0.732783 0
7060 0.71976 0
7070 0.706584 0
7080 0.693566 0
7090 0.679975 0
7100 0.666377 0
7110 0.653121 0
7120 0.637746 0
7130 0.619608 0
7140 0.600865 0
7150 0.583423 0
7160 0.56585 0
7170 0.54949 0
7180 0.535276 0
7190 0.527541 0
7200 0.517107 0
7210 0.508729 0
7220 0.493918 0
7230 0.480284 0
7240 0.464366 0
7250 0.449375 0
7260 0.432897 0
7270 0.417997 0
7280 0.406453 0
7290 0.394658 0
7300 0.382728 0
7310 0.373404 0
7320 0.361939 0
7330 0.349689 0
7340 0.338078 0
7350 0.327621 0
7360 0.316267 0
7370 0.305119 0
7380 0.293503 0
7390 0.282755 0
7400 0.274258 0
7410 0.26593 0
7420 0.257466 0
7430 0.249993 0
7440 0.241099 0
7450 0.233905 0
7460 0.22763 0
7470 0.21981 0
7480 0.214462 0
7490 0.208047 0
7500 0.203663 0
7510 0.198116 0
7520 0.194764 0
7530 0.190534 0
7540 0.18809 0
7550 0.184913 0
7560 0.183202 0
7570 0.181048 0
7580 0.179413 0
7590 0.179074 0
7600 0.17819 0
7610 0.178509 0
7620 0.178824 0
7630 0.179387 0
7640 0.180656 0
7650 0.182838 0
7660 0.186876 0
7670 0.19122 0
7680 0.196649 0
7690 0.202803 0
7700 0.209424 0
7710 0.216656 0
7720 0.224095 0
7730 0.231366 0
7740 0.23884 0
7750 0.245794 0
7760 0.256814 0
7770 0.27847 0
7780 0.299409 0
7790 0.319179 0
7800 0.338989 0
7810 0.35855 0
7820 0.378844 0
7830 0.396554 0
7840 0.412356 0
7850 0.429108 0
7860 0.44741 0
7870 0.460745 0
7880 0.47762 0
7890 0.491253 0
7900 0.504339 0
7910 0.514505 0
7920 0.523987 0
7930 0.531676 0
7940 0.537186 0
7950 0.542303 0
7960 0.546796 0
7970 0.549284 0
7980 0.550913 0
7990 0.552839 0
8000 0.555692 0
8010 0.559961 0
8020 0.565045 0
8030 0.565464 0
8040 0.566031 0
8050 0.568514 0
8060 0.572155 0
8070 0.567649 0
8080 0.569148 0
8090 0.568065 0
8100 0.565647 0
8110 0.568271 0
8120 0.563509 0
8130 0.565073 0
8140 0.560978 0
8150 0.561932 0
8160 0.557647 0
8170 0.558088 0
8180 0.551971 0
8190 0.544345 0
8200 0.538233 0
8210 0.530915 0
8220 0.52425 0
8230 0.518019 0
8240 0.5106 0
8250 0.5052 0
8260 0.498659 0
8270 0.491773 0
8280 0.486721 0
8290 0.480441 0
8300 0.473542 0
8310 0.468937 0
8320 0.463781 0
8330 0.457203 0
8340 0.45294 0
8350 0.449203 0
8360 0.445233 0
8370 0.439707 0
8380 0.437146 0
8390 0.435908 0
8400 0.436461 0
8410 0.437844 0
8420 0.439006 0
8430 0.441124 0
8440 0.443659 0
8450 0.44585 0
8460 0.448414 0
8470 0.449865 0
8480 0.451752 0
8490 0.456313 0
8500 0.459618 0
8510 0.46574 0
8520 0.469942 0
8530 0.47376 0
8540 0.477628 0
8550 0.480762 0
8560 0.484664 0
8570 0.488134 0
8580 0.492456 0
8590 0.496303 0
8600 0.499143 0
8610 0.503211 0
8620 0.507514 0
8630 0.511687 0
8640 0.514635 0
8650 0.516915 0
8660 0.51847 0
8670 0.519642 0
8680 0.522101 0
8690 0.52243 0
8700 0.524657 0
8710 0.524811 0
8720 0.525474 0
8730 0.526879 0
8740 0.527888 0
8750 0.527812 0
8760 0.528497 0
8770 0.528933 0
8780 0.530869 0
8790 0.531555 0
8800 0.533131 0
8810 0.532915 0
8820 0.533333 0
8830 0.534667 0
8840 0.533479 0
8850 0.534468 0
8860 0.535275 0
8870 0.534642 0
8880 0.53652 0
8890 0.536359 0
8900 0.537317 0
8910 0.53857 0
8920 0.538001 0
8930 0.539346 0
8940 0.538165 0
8950 0.538341 0
8960 0.538379 0
8970 0.538151 0
8980 0.537215 0
8990 0.538469 0
9000 0.536007 0

