3300 1.41907 0
3310 0.921261 0
3320 0.722993 0
3330 0.582005 0
3340 0.481128 0
3350 0.439481 0
3360 0.404224 0
3370 0.368932 0
3380 0.35107 0
3390 0.341258 0
3400 0.341266 0
3410 0.349358 0
3420 0.363184 0
3430 0.381514 0
3440 0.402528 0
3450 0.424803 0
3460 0.447316 0
3470 0.46942 0
3480 0.491502 0
3490 0.513407 0
3500 0.535487 0
3510 0.557269 0
3520 0.578889 0
3530 0.601527 0
3540 0.631094 0
3550 0.662985 0
3560 0.701369 0
3570 0.802106 0
3580 0.89863 0
3590 0.996544 0
3600 1.09801 0
3610 1.20748 0
3620 1.36128 0
3630 1.61158 0
3640 1.81858 0
3650 2.01595 0
3660 2.17019 0
3670 2.31962 0
3680 2.45269 0
3690 2.5742 0
3700 2.66628 0
3710 2.74521 0
3720 2.8097 0
3730 2.85961 0
3740 2.87547 0
3750 2.87795 0
3760 2.88406 0
3770 2.86439 0
3780 2.83477 0
3790 2.78148 0
3800 2.73429 0
3810 2.67952 0
3820 2.6038 0
3830 2.53162 0
3840 2.46919 0
3850 2.39923 0
3860 2.3396 0
3870 2.30883 0
3880 2.37845 0
3890 2.47313 0
3900 2.55743 0
3910 2.65177 0
3920 2.73093 0
3930 2.80938 0
3940 2.89364 0
3950 2.96327 0
3960 3.05269 0
3970 3.12445 0
3980 3.17698 0
3990 3.24128 0
4000 3.28954 0
4010 3.33378 0
4020 3.39141 0
4030 3.42802 0
4040 3.44041 0
4050 3.46656 0
4060 3.49068 0
4070 3.49537 0
4080 3.5074 0
4090 3.50087 0
4100 3.5124 0
4110 3.49711 0
4120 3.47857 0
4130 3.45598 0
4140 3.43058 0
4150 3.40355 0
4160 3.37408 0
4170 3.34215 0
4180 3.30715 0
4190 3.2721 0
4200 3.23593 0
4210 3.20201 0
4220 3.16676 0
4230 3.1322 0
4240 3.09695 0
4250 3.06236 0
4260 3.02662 0
4270 2.99233 0
4280 2.95787 0
4290 2.92428 0
4300 2.89098 0
4310 2.858 0
4320 2.82622 0
4330 2.79546 0
4340 2.76698 0
4350 2.73946 0
4360 2.71255 0
4370 2.68642 0
4380 2.66171 0
4390 2.63692 0
4400 2.61254 0
4410 2.5897 0
4420 2.56713 0
4430 2.54565 0
4440 2.52476 0
4450 2.50496 0
4460 2.47921 0
4470 2.44268 0
4480 2.3975 0
4490 2.3502 0
4500 2.3004 0
4510 2.248 0
4520 2.19298 0
4530 2.13785 0
4540 2.08701 0
4550 2.03863 0
4560 1.98827 0
4570 1.93426 0
4580 1.87719 0
4590 1.81764 0
4600 1.75459 0
4610 1.68885 0
4620 1.62086 0
4630 1.55112 0
4640 1.48026 0
4650 1.40917 0
4660 1.33882 0
4670 1.27029 0
4680 1.20483 0
4690 1.14367 0
4700 1.08809 0
4710 1.03967 0
4720 1.00028 0
4730 0.976922 0
4740 0.982756 0
4750 1.05488 0
4760 1.12618 0
4770 1.20241 0
4780 1.27797 0
4790 1.34804 0
4800 1.42081 0
4810 1.48436 0
4820 1.56319 0
4830 1.62637 0
4840 1.67531 0
4850 1.73847 0
4860 1.80413 0
4870 1.85096 0
4880 1.89675 0
4890 1.95922 0
4900 2.00178 0
4910 2.04255 0
4920 2.0813 0
4930 2.09738 0
4940 2.13112 0
4950 2.16325 0
4960 2.17284 0
4970 2.19992 0
4980 2.20492 0
4990 2.22622 0
5000 2.22769 0
5010 2.22631 0
5020 2.24052 0
5030 2.234 0
5040 2.22559 0
5050 2.21531 0
5060 2.20322 0
5070 2.18885 0
5080 2.17335 0
5090 2.15632 0
5100 2.13743 0
5110 2.11795 0
5120 2.09726 0
5130 2.07869 0
5140 2.06103 0
5150 2.04428 0
5160 2.02736 0
5170 2.01082 0
5180 1.99278 0
5190 1.97595 0
5200 1.95857 0
5210 1.94141 0
5220 1.92446 0
5230 1.90779 0
5240 1.8914 0
5250 1.87406 0
5260 1.85668 0
5270 1.83992 0
5280 1.82144 0
5290 1.80115 0
5300 1.78027 0
5310 1.75938 0
5320 1.73906 0
5330 1.71933 0
5340 1.70107 0
5350 1.68433 0
5360 1.66621 0
5370 1.65031 0
5380 1.63397 0
5390 1.61831 0
5400 1.60125 0
5410 1.58367 0
5420 1.56598 0
5430 1.54823 0
5440 1.52928 0
5450 1.50904 0
5460 1.48921 0
5470 1.46744 0
5480 1.44516 0
5490 1.42195 0
5500 1.39802 0
5510 1.37362 0
5520 1.34843 0
5530 1.32182 0
5540 1.29545 0
5550 1.26882 0
5560 1.24083 0
5570 1.21447 0
5580 1.18801 0
5590 1.16786 0
5600 1.15464 0
5610 1.13808 0
5620 1.1146 0
5630 1.07765 0
5640 1.03318 0
5650 0.986672 0
5660 0.937965 0
5670 0.887985 0
5680 0.832518 0
5690 0.775799 0
5700 0.723445 0
5710 0.68357 0
5720 0.648119 0
5730 0.613072 0
5740 0.582879 0
5750 0.550773 0
5760 0.520671 0
5770 0.49293 0
5780 0.467883 0
5790 0.445865 0
5800 0.426944 0
5810 0.410385 0
5820 0.398077 0
5830 0.387055 0
5840 0.380526 0
5850 0.376242 0
5860 0.375758 0
5870 0.378055 0
5880 0.382209 0
5890 0.388669 0
5900 0.398218 0
5910 0.409457 0
5920 0.42259 0
5930 0.43779 0
5940 0.455367 0
5950 0.47534 0
5960 0.49991 0
5970 0.536294 0
5980 0.598186 0
5990 0.662493 0
6000 0.727539 0
6010 0.784129 0
6020 0.84073 0
6030 0.897096 0
6040 0.946077 0
6050 0.994083 0
6060 1.04084 0
6070 1.08645 0
6080 1.13111 0
6090 1.16601 0
6100 1.20834 0
6110 1.24018 0
6120 1.27075 0
6130 1.30002 0
6140 1.33735 0
6150 1.36402 0
6160 1.37954 0
6170 1.40327 0
6180 1.42565 0
6190 1.44669 0
6200 1.46716 0
6210 1.47583 0
6220 1.49309 0
6230 1.50005 0
6240 1.51467 0
6250 1.51934 0
6260 1.53207 0
6270 1.53404 0
6280 1.54536 0
6290 1.54465 0
6300 1.54337 0
6310 1.54162 0
6320 1.54871 0
6330 1.54447 0
6340 1.53945 0
6350 1.53363 0
6360 1.52703 0
6370 1.51967 0
6380 1.51159 0
6390 1.5028 0
6400 1.49339 0
6410 1.48362 0
6420 1.47356 0
6430 1.46306 0
6440 1.45191 0
6450 1.44049 0
6460 1.42925 0
6470 1.41761 0
6480 1.406 0
6490 1.39479 0
6500 1.38347 0
6510 1.37231 0
6520 1.36109 0
6530 1.34985 0
6540 1.33854 0
6550 1.32767 0
6560 1.31668 0
6570 1.30565 0
6580 1.29468 0
6590 1.28383 0
6600 1.27301 0
6610 1.26228 0
6620 1.25166 0
6630 1.24082 0
6640 1.23044 0
6650 1.22007 0
6660 1.20962 0
6670 1.19951 0
6680 1.18929 0
6690 1.17942 0
6700 1.16945 0
6710 1.15983 0
6720 1.15012 0
6730 1.14048 0
6740 1.1313 0
6750 1.12194 0
6760 1.11272 0
6770 1.10364 0
6780 1.09493 0
6790 1.08611 0
6800 1.07742 0
6810 1.06886 0
6820 1.06044 0
6830 1.05217 0
6840 1.044 0
6850 1.03593 0
6860 1.02799 0
6870 1.02022 0
6880 1.01256 0
6890 1.00493 0
6900 0.997449 0
6910 0.99015 0
6920 0.983037 0
6930 0.976019 0
6940 0.968878 0
6950 0.961782 0
6960 0.954871 0
6970 0.948074 0
6980 0.941396 0
6990 0.93483 0
7000 0.928356 0
7010 0.921983 0
7020 0.915696 0
7030 0.909476 0
7040 0.903362 0
7050 0.897496 0
7060 0.891814 0
7070 0.886187 0
7080 0.880342 0
7090 0.873594 0
7100 0.866483 0
7110 0.859182 0
7120 0.846304 0
7130 0.826998 0
7140 0.80657 0
7150 0.785982 0
7160 0.765508 0
7170 0.744769 0
7180 0.724152 0
7190 0.708275 0
7200 0.696376 0
7210 0.684388 0
7220 0.669828 0
7230 0.652212 0
7240 0.633812 0
7250 0.614914 0
7260 0.595595 0
7270 0.575816 0
7280 0.555798 0
7290 0.537434 0
7300 0.520806 0
7310 0.504218 0
7320 0.48741 0
7330 0.470479 0
7340 0.453446 0
7350 0.43658 0
7360 0.420147 0
7370 0.405669 0
7380 0.39111 0
7390 0.376672 0
7400 0.362522 0
7410 0.348924 0
7420 0.334923 0
7430 0.32109 0
7440 0.307441 0
7450 0.29401 0
7460 0.28089 0
7470 0.268116 0
7480 0.255186 0
7490 0.242628 0
7500 0.231057 0
7510 0.219461 0
7520 0.208563 0
7530 0.198294 0
7540 0.18854 0
7550 0.179377 0
7560 0.170972 0
7570 0.163363 0
7580 0.156564 0
7590 0.150253 0
7600 0.14507 0
7610 0.140816 0
7620 0.137501 0
7630 0.135336 0
7640 0.133826 0
7650 0.13419 0
7660 0.144305 0
7670 0.160345 0
7680 0.17617 0
7690 0.191259 0
7700 0.205668 0
7710 0.218909 0
7720 0.230949 0
7730 0.241875 0
7740 0.251906 0
7750 0.261091 0
7760 0.278787 0
7770 0.318487 0
7780 0.363437 0
7790 0.406884 0
7800 0.447372 0
7810 0.481168 0
7820 0.512086 0
7830 0.542676 0
7840 0.572287 0
7850 0.6014 0
7860 0.630479 0
7870 0.658286 0
7880 0.685509 0
7890 0.712175 0
7900 0.73695 0
7910 0.753877 0
7920 0.755748 0
7930 0.752123 0
7940 0.747935 0
7950 0.743246 0
7960 0.738423 0
7970 0.733172 0
7980 0.727923 0
7990 0.723735 0
8000 0.721175 0
8010 0.720644 0
8020 0.721447 0
8030 0.722249 0
8040 0.723128 0
8050 0.724025 0
8060 0.724939 0
8070 0.725886 0
8080 0.72703 0
8090 0.728083 0
8100 0.729271 0
8110 0.730595 0
8120 0.731774 0
8130 0.733131 0
8140 0.733939 0
8150 0.73357 0
8160 0.731502 0
8170 0.728376 0
8180 0.725286 0
8190 0.722058 0
8200 0.718556 0
8210 0.715589 0
8220 0.712282 0
8230 0.709048 0
8240 0.706004 0
8250 0.702451 0
8260 0.699506 0
8270 0.695882 0
8280 0.692923 0
8290 0.689369 0
8300 0.686383 0
8310 0.682845 0
8320 0.679578 0
8330 0.675738 0
8340 0.671889 0
8350 0.668183 0
8360 0.664116 0
8370 0.660506 0
8380 0.656661 0
8390 0.652569 0
8400 0.649015 0
8410 0.645297 0
8420 0.641258 0
8430 0.637426 0
8440 0.633628 0
8450 0.629796 0
8460 0.625952 0
8470 0.622409 0
8480 0.618953 0
8490 0.615274 0
8500 0.611628 0
8510 0.607725 0
8520 0.603928 0
8530 0.600175 0
8540 0.596367 0
8550 0.592509 0
8560 0.588535 0
8570 0.584435 0
8580 0.580181 0
8590 0.575921 0
8600 0.571699 0
8610 0.567442 0
8620 0.563171 0
8630 0.558704 0
8640 0.554205 0
8650 0.549587 0
8660 0.544782 0
8670 0.539931 0
8680 0.534864 0
8690 0.529811 0
8700 0.524936 0
8710 0.519852 0
8720 0.514637 0
8730 0.509351 0
8740 0.503876 0
8750 0.498712 0
8760 0.493468 0
8770 0.488029 0
8780 0.482511 0
8790 0.477072 0
8800 0.471925 0
8810 0.466633 0
8820 0.461687 0
8830 0.457344 0
8840 0.457322 0
8850 0.457636 0
8860 0.457567 0
8870 0.459308 0
8880 0.461967 0
8890 0.463461 0
8900 0.465599 0
8910 0.467954 0
8920 0.470929 0
8930 0.472011 0
8940 0.475218 0
8950 0.476754 0
8960 0.478251 0
8970 0.482596 0
8980 0.484399 0
8990 0.48638 0
9000 0.48868 0

