3300 2.08589 0
3310 2.0579 0
3320 2.04174 0
3330 2.10298 0
3340 2.16222 0
3350 2.22411 0
3360 2.28585 0
3370 2.34606 0
3380 2.1346 0
3390 1.92138 0
3400 1.67689 0
3410 1.46803 0
3420 1.29725 0
3430 1.11521 0
3440 0.926277 0
3450 0.780133 0
3460 0.634765 0
3470 0.485762 0
3480 0.48466 0
3490 0.490703 0
3500 0.506485 0
3510 0.529218 0
3520 0.562091 0
3530 0.703305 0
3540 0.913672 0
3550 1.13439 0
3560 1.32057 0
3570 1.50206 0
3580 1.68439 0
3590 1.82177 0
3600 1.94456 0
3610 2.09174 0
3620 2.19926 0
3630 2.30726 0
3640 2.40783 0
3650 2.52049 0
3660 2.57506 0
3670 2.65418 0
3680 2.70406 0
3690 2.7431 0
3700 2.73973 0
3710 2.73962 0
3720 2.73269 0
3730 2.71864 0
3740 2.71562 0
3750 2.69893 0
3760 2.69878 0
3770 2.70482 0
3780 2.72933 0
3790 2.73437 0
3800 2.74159 0
3810 2.75335 0
3820 2.76446 0
3830 2.7576 0
3840 2.76242 0
3850 2.76385 0
3860 2.75026 0
3870 2.7573 0
3880 2.75354 0
3890 2.74909 0
3900 2.74703 0
3910 2.74326 0
3920 2.74775 0
3930 2.73639 0
3940 2.72563 0
3950 2.71969 0
3960 2.71267 0
3970 2.70743 0
3980 2.70027 0
3990 2.68672 0
4000 2.68017 0
4010 2.65921 0
4020 2.65477 0
4030 2.65029 0
4040 2.64114 0
4050 2.63444 0
4060 2.62203 0
4070 2.60992 0
4080 2.59831 0
4090 2.57315 0
4100 2.55194 0
4110 2.53044 0
4120 2.49452 0
4130 2.47017 0
4140 2.43733 0
4150 2.4008 0
4160 2.37129 0
4170 2.32952 0
4180 2.2932 0
4190 2.25151 0
4200 2.20641 0
4210 2.15878 0
4220 2.11571 0
4230 2.06635 0
4240 2.01617 0
4250 1.96608 0
4260 1.91678 0
4270 1.86856 0
4280 1.84121 0
4290 1.84986 0
4300 1.8673 0
4310 1.88497 0
4320 1.89709 0
4330 1.92533 0
4340 1.9374 0
4350 1.96614 0
4360 1.98407 0
4370 2.00079 0
4380 2.02478 0
4390 2.03403 0
4400 2.06236 0
4410 2.07553 0
4420 2.09796 0
4430 2.12185 0
4440 2.13651 0
4450 2.15354 0
4460 2.167 0
4470 2.16509 0
4480 2.17191 0
4490 2.17618 0
4500 2.18069 0
4510 2.16541 0
4520 2.16747 0
4530 2.16876 0
4540 2.14702 0
4550 2.14502 0
4560 2.11979 0
4570 2.11392 0
4580 2.08589 0
4590 2.07477 0
4600 2.07426 0
4610 2.07583 0
4620 2.09157 0
4630 2.09026 0
4640 2.09223 0
4650 2.10348 0
4660 2.12382 0
4670 2.12345 0
4680 2.1275 0
4690 2.12535 0
4700 2.12839 0
4710 2.1358 0
4720 2.13263 0
4730 2.13011 0
4740 2.1363 0
4750 2.1349 0
4760 2.13421 0
4770 2.13371 0
4780 2.1338 0
4790 2.13479 0
4800 2.1357 0
4810 2.13783 0
4820 2.12709 0
4830 2.1295 0
4840 2.13243 0
4850 2.12315 0
4860 2.12651 0
4870 2.11885 0
4880 2.12301 0
4890 2.11541 0
4900 2.11742 0
4910 2.11341 0
4920 2.11581 0
4930 2.10892 0
4940 2.10537 0
4950 2.10743 0
4960 2.09978 0
4970 2.09287 0
4980 2.08904 0
4990 2.08197 0
5000 2.08325 0
5010 2.07541 0
5020 2.06752 0
5030 2.0596 0
5040 2.05134 0
5050 2.0431 0
5060 2.03476 0
5070 2.02619 0
5080 2.01742 0
5090 2.00867 0
5100 1.99992 0
5110 1.99069 0
5120 1.98189 0
5130 1.97275 0
5140 1.96343 0
5150 1.95457 0
5160 1.94525 0
5170 1.93661 0
5180 1.9272 0
5190 1.91797 0
5200 1.90894 0
5210 1.90008 0
5220 1.89097 0
5230 1.88219 0
5240 1.8733 0
5250 1.86436 0
5260 1.85533 0
5270 1.84591 0
5280 1.83635 0
5290 1.82515 0
5300 1.81373 0
5310 1.80244 0
5320 1.79095 0
5330 1.77934 0
5340 1.76752 0
5350 1.75562 0
5360 1.74346 0
5370 1.73108 0
5380 1.71844 0
5390 1.70569 0
5400 1.69246 0
5410 1.67926 0
5420 1.66679 0
5430 1.65537 0
5440 1.64569 0
5450 1.63908 0
5460 1.63333 0
5470 1.62638 0
5480 1.62128 0
5490 1.61726 0
5500 1.61245 0
5510 1.60869 0
5520 1.60551 0
5530 1.60175 0
5540 1.59679 0
5550 1.59508 0
5560 1.59097 0
5570 1.58717 0
5580 1.58529 0
5590 1.58206 0
5600 1.57865 0
5610 1.56198 0
5620 1.53554 0
5630 1.50077 0
5640 1.46414 0
5650 1.42446 0
5660 1.38307 0
5670 1.34183 0
5680 1.30026 0
5690 1.25878 0
5700 1.21431 0
5710 1.17158 0
5720 1.12484 0
5730 1.0831 0
5740 1.04292 0
5750 1.00032 0
5760 0.961446 0
5770 0.926943 0
5780 0.898385 0
5790 0.88534 0
5800 0.891278 0
5810 0.896517 0
5820 0.896489 0
5830 0.903535 0
5840 0.911585 0
5850 0.92516 0
5860 0.944768 0
5870 0.961282 0
5880 0.984028 0
5890 1.00458 0
5900 1.02331 0
5910 1.04577 0
5920 1.06174 0
5930 1.07813 0
5940 1.09438 0
5950 1.11252 0
5960 1.13067 0
5970 1.14797 0
5980 1.16736 0
5990 1.18513 0
6000 1.20536 0
6010 1.21829 0
6020 1.2381 0
6030 1.25678 0
6040 1.26303 0
6050 1.28081 0
6060 1.30124 0
6070 1.30526 0
6080 1.324 0
6090 1.32897 0
6100 1.34615 0
6110 1.34916 0
6120 1.36615 0
6130 1.36781 0
6140 1.37706 0
6150 1.3844 0
6160 1.3849 0
6170 1.39312 0
6180 1.39807 0
6190 1.39727 0
6200 1.40447 0
6210 1.40276 0
6220 1.40617 0
6230 1.40322 0
6240 1.40764 0
6250 1.40445 0
6260 1.40078 0
6270 1.39731 0
6280 1.39762 0
6290 1.40009 0
6300 1.39382 0
6310 1.38748 0
6320 1.38049 0
6330 1.37309 0
6340 1.36562 0
6350 1.35767 0
6360 1.34891 0
6370 1.33994 0
6380 1.3305 0
6390 1.32065 0
6400 1.31105 0
6410 1.301 0
6420 1.2907 0
6430 1.27953 0
6440 1.26823 0
6450 1.2566 0
6460 1.24483 0
6470 1.23517 0
6480 1.22851 0
6490 1.22307 0
6500 1.21707 0
6510 1.21193 0
6520 1.20613 0
6530 1.19958 0
6540 1.19396 0
6550 1.1885 0
6560 1.18158 0
6570 1.17655 0
6580 1.16933 0
6590 1.16571 0
6600 1.15932 0
6610 1.15317 0
6620 1.14705 0
6630 1.14256 0
6640 1.13703 0
6650 1.13129 0
6660 1.12609 0
6670 1.11977 0
6680 1.11414 0
6690 1.1097 0
6700 1.10268 0
6710 1.09764 0
6720 1.09184 0
6730 1.08514 0
6740 1.08015 0
6750 1.07504 0
6760 1.06813 0
6770 1.06335 0
6780 1.05684 0
6790 1.05143 0
6800 1.04628 0
6810 1.04296 0
6820 1.04013 0
6830 1.03734 0
6840 1.03507 0
6850 1.03091 0
6860 1.03057 0
6870 1.02681 0
6880 1.02383 0
6890 1.02341 0
6900 1.01941 0
6910 1.01572 0
6920 1.01467 0
6930 1.01214 0
6940 1.00832 0
6950 1.00413 0
6960 1.00325 0
6970 1.00055 0
6980 0.996975 0
6990 0.992646 0
7000 0.98933 0
7010 0.98598 0
7020 0.982596 0
7030 0.981417 0
7040 0.97767 0
7050 0.972836 0
7060 0.968012 0
7070 0.96396 0
7080 0.958288 0
7090 0.953037 0
7100 0.947099 0
7110 0.941253 0
7120 0.936118 0
7130 0.929626 0
7140 0.924666 0
7150 0.919456 0
7160 0.915831 0
7170 0.910116 0
7180 0.904772 0
7190 0.900711 0
7200 0.895951 0
7210 0.89236 0
7220 0.887929 0
7230 0.883229 0
7240 0.878558 0
7250 0.873973 0
7260 0.869833 0
7270 0.86573 0
7280 0.861166 0
7290 0.853402 0
7300 0.845461 0
7310 0.836969 0
7320 0.82892 0
7330 0.798487 0
7340 0.766555 0
7350 0.73831 0
7360 0.710768 0
7370 0.67515 0
7380 0.650855 0
7390 0.618706 0
7400 0.591521 0
7410 0.564218 0
7420 0.534603 0
7430 0.501525 0
7440 0.469608 0
7450 0.435485 0
7460 0.402111 0
7470 0.377019 0
7480 0.344186 0
7490 0.320685 0
7500 0.289283 0
7510 0.268702 0
7520 0.247358 0
7530 0.227659 0
7540 0.209829 0
7550 0.200458 0
7560 0.192044 0
7570 0.186478 0
7580 0.179731 0
7590 0.181053 0
7600 0.181451 0
7610 0.183898 0
7620 0.18724 0
7630 0.19007 0
7640 0.194779 0
7650 0.200593 0
7660 0.205164 0
7670 0.209206 0
7680 0.213579 0
7690 0.223463 0
7700 0.2469 0
7710 0.271327 0
7720 0.29278 0
7730 0.315078 0
7740 0.33921 0
7750 0.359059 0
7760 0.379198 0
7770 0.398261 0
7780 0.418223 0
7790 0.434879 0
7800 0.448211 0
7810 0.463237 0
7820 0.474238 0
7830 0.484793 0
7840 0.497101 0
7850 0.506594 0
7860 0.513122 0
7870 0.520262 0
7880 0.527177 0
7890 0.533008 0
7900 0.537058 0
7910 0.542983 0
7920 0.546884 0
7930 0.550286 0
7940 0.554256 0
7950 0.557371 0
7960 0.555674 0
7970 0.554415 0
7980 0.557377 0
7990 0.558174 0
8000 0.55472 0
8010 0.555339 0
8020 0.555864 0
8030 0.551753 0
8040 0.552412 0
8050 0.543819 0
8060 0.536948 0
8070 0.531258 0
8080 0.522645 0
8090 0.513026 0
8100 0.505843 0
8110 0.499007 0
8120 0.490218 0
8130 0.481421 0
8140 0.474494 0
8150 0.46602 0
8160 0.460829 0
8170 0.451741 0
8180 0.445275 0
8190 0.437927 0
8200 0.432102 0
8210 0.426891 0
8220 0.418985 0
8230 0.41501 0
8240 0.413201 0
8250 0.40713 0
8260 0.404894 0
8270 0.404532 0
8280 0.403512 0
8290 0.404909 0
8300 0.406892 0
8310 0.409299 0
8320 0.410193 0
8330 0.412154 0
8340 0.412993 0
8350 0.413569 0
8360 0.414327 0
8370 0.415504 0
8380 0.416214 0
8390 0.416463 0
8400 0.417165 0
8410 0.417619 0
8420 0.418145 0
8430 0.418323 0
8440 0.418733 0
8450 0.418353 0
8460 0.417578 0
8470 0.415784 0
8480 0.415881 0
8490 0.415805 0
8500 0.415376 0
8510 0.414622 0
8520 0.413249 0
8530 0.412973 0
8540 0.412177 0
8550 0.410658 0
8560 0.412329 0
8570 0.413814 0
8580 0.416878 0
8590 0.420831 0
8600 0.422002 0
8610 0.424988 0
8620 0.426288 0
8630 0.42966 0
8640 0.429835 0
8650 0.432381 0
8660 0.433221 0
8670 0.433908 0
8680 0.434349 0
8690 0.435486 0
8700 0.435935 0
8710 0.436306 0
8720 0.436849 0
8730 0.436765 0
8740 0.43744 0
8750 0.437243 0
8760 0.438972 0
8770 0.441098 0
8780 0.443478 0
8790 0.44863 0
8800 0.451722 0
8810 0.455963 0
8820 0.462135 0
8830 0.4651 0
8840 0.469868 0
8850 0.473725 0
8860 0.47703 0
8870 0.482465 0
8880 0.484351 0
8890 0.487919 0
8900 0.489984 0
8910 0.49444 0
8920 0.496189 0
8930 0.499699 0
8940 0.501159 0
8950 0.502804 0
8960 0.50624 0
8970 0.50665 0
8980 0.508718 0
8990 0.509804 0
9000 0.511709 0

