3300 2.22836 0
3310 1.89409 0
3320 1.51771 0
3330 1.17859 0
3340 0.897727 0
3350 0.623883 0
3360 0.540381 0
3370 0.52875 0
3380 0.496 0
3390 0.477181 0
3400 0.475156 0
3410 0.479538 0
3420 0.491065 0
3430 0.509209 0
3440 0.5295 0
3450 0.554605 0
3460 0.578896 0
3470 0.607554 0
3480 0.638067 0
3490 0.670811 0
3500 0.702958 0
3510 0.755306 0
3520 0.809724 0
3530 1.00172 0
3540 1.27698 0
3550 1.53663 0
3560 1.74972 0
3570 1.96592 0
3580 2.17737 0
3590 2.338 0
3600 2.48281 0
3610 2.64647 0
3620 2.77169 0
3630 2.88726 0
3640 2.99033 0
3650 3.11692 0
3660 3.17799 0
3670 3.27078 0
3680 3.33338 0
3690 3.37786 0
3700 3.38231 0
3710 3.39552 0
3720 3.39856 0
3730 3.38914 0
3740 3.40095 0
3750 3.39439 0
3760 3.41371 0
3770 3.43255 0
3780 3.47465 0
3790 3.50391 0
3800 3.51757 0
3810 3.54663 0
3820 3.57837 0
3830 3.58101 0
3840 3.59657 0
3850 3.61083 0
3860 3.61401 0
3870 3.62877 0
3880 3.63531 0
3890 3.63957 0
3900 3.64119 0
3910 3.64361 0
3920 3.65366 0
3930 3.64499 0
3940 3.63599 0
3950 3.63575 0
3960 3.63023 0
3970 3.62878 0
3980 3.62478 0
3990 3.61741 0
4000 3.61444 0
4010 3.59574 0
4020 3.59592 0
4030 3.58185 0
4040 3.56681 0
4050 3.55277 0
4060 3.53534 0
4070 3.51785 0
4080 3.50821 0
4090 3.49018 0
4100 3.46752 0
4110 3.44798 0
4120 3.424 0
4130 3.40672 0
4140 3.37987 0
4150 3.3617 0
4160 3.34096 0
4170 3.31567 0
4180 3.29603 0
4190 3.27372 0
4200 3.2504 0
4210 3.22575 0
4220 3.20739 0
4230 3.18604 0
4240 3.16674 0
4250 3.14225 0
4260 3.12223 0
4270 3.09782 0
4280 3.07275 0
4290 3.04937 0
4300 3.02472 0
4310 2.99722 0
4320 2.97134 0
4330 2.94187 0
4340 2.90679 0
4350 2.86844 0
4360 2.83328 0
4370 2.79776 0
4380 2.76351 0
4390 2.72703 0
4400 2.68953 0
4410 2.65365 0
4420 2.61487 0
4430 2.57782 0
4440 2.53815 0
4450 2.50351 0
4460 2.46445 0
4470 2.4308 0
4480 2.39703 0
4490 2.36358 0
4500 2.32829 0
4510 2.29505 0
4520 2.26156 0
4530 2.22492 0
4540 2.18952 0
4550 2.1557 0
4560 2.12098 0
4570 2.08755 0
4580 2.05599 0
4590 2.0306 0
4600 2.02144 0
4610 2.02306 0
4620 2.031 0
4630 2.03154 0
4640 2.03315 0
4650 2.04144 0
4660 2.05327 0
4670 2.0569 0
4680 2.06648 0
4690 2.07166 0
4700 2.0808 0
4710 2.09442 0
4720 2.098 0
4730 2.10248 0
4740 2.11609 0
4750 2.12163 0
4760 2.1277 0
4770 2.13422 0
4780 2.14127 0
4790 2.14881 0
4800 2.1567 0
4810 2.16505 0
4820 2.16045 0
4830 2.16863 0
4840 2.17727 0
4850 2.17284 0
4860 2.18114 0
4870 2.1769 0
4880 2.18495 0
4890 2.18038 0
4900 2.18477 0
4910 2.18316 0
4920 2.18717 0
4930 2.18155 0
4940 2.17919 0
4950 2.18236 0
4960 2.17589 0
4970 2.16939 0
4980 2.16582 0
4990 2.15868 0
5000 2.15996 0
5010 2.15204 0
5020 2.14393 0
5030 2.13559 0
5040 2.127 0
5050 2.11814 0
5060 2.10901 0
5070 2.09962 0
5080 2.09002 0
5090 2.08024 0
5100 2.07034 0
5110 2.05991 0
5120 2.04911 0
5130 2.03747 0
5140 2.02506 0
5150 2.0125 0
5160 1.99975 0
5170 1.98692 0
5180 1.974 0
5190 1.96101 0
5200 1.94792 0
5210 1.93472 0
5220 1.92137 0
5230 1.90797 0
5240 1.89453 0
5250 1.88104 0
5260 1.86767 0
5270 1.85441 0
5280 1.84152 0
5290 1.82896 0
5300 1.81635 0
5310 1.80371 0
5320 1.79111 0
5330 1.77844 0
5340 1.76576 0
5350 1.75306 0
5360 1.74027 0
5370 1.7275 0
5380 1.7148 0
5390 1.70209 0
5400 1.68958 0
5410 1.67716 0
5420 1.66597 0
5430 1.65598 0
5440 1.64731 0
5450 1.62561 0
5460 1.59919 0
5470 1.56431 0
5480 1.52953 0
5490 1.49493 0
5500 1.45838 0
5510 1.42188 0
5520 1.38453 0
5530 1.34608 0
5540 1.3058 0
5550 1.26752 0
5560 1.2261 0
5570 1.18465 0
5580 1.14408 0
5590 1.10212 0
5600 1.06045 0
5610 1.02855 0
5620 0.99897 0
5630 0.973311 0
5640 0.948073 0
5650 0.922636 0
5660 0.897182 0
5670 0.873742 0
5680 0.850582 0
5690 0.828891 0
5700 0.80725 0
5710 0.787463 0
5720 0.768564 0
5730 0.751811 0
5740 0.736251 0
5750 0.723107 0
5760 0.711155 0
5770 0.703412 0
5780 0.704595 0
5790 0.718322 0
5800 0.747131 0
5810 0.776295 0
5820 0.801531 0
5830 0.832526 0
5840 0.861581 0
5850 0.888186 0
5860 0.91702 0
5870 0.940999 0
5880 0.970892 0
5890 0.997224 0
5900 1.02232 0
5910 1.05013 0
5920 1.07058 0
5930 1.09185 0
5940 1.11267 0
5950 1.13395 0
5960 1.15467 0
5970 1.17574 0
5980 1.19483 0
5990 1.21523 0
6000 1.23494 0
6010 1.25015 0
6020 1.2703 0
6030 1.28959 0
6040 1.29456 0
6050 1.31351 0
6060 1.3326 0
6070 1.33755 0
6080 1.35509 0
6090 1.35905 0
6100 1.37492 0
6110 1.38019 0
6120 1.39576 0
6130 1.39694 0
6140 1.40612 0
6150 1.41291 0
6160 1.41382 0
6170 1.42241 0
6180 1.42855 0
6190 1.4288 0
6200 1.43597 0
6210 1.43332 0
6220 1.43844 0
6230 1.43672 0
6240 1.44004 0
6250 1.43915 0
6260 1.43633 0
6270 1.43196 0
6280 1.43427 0
6290 1.43642 0
6300 1.43407 0
6310 1.42685 0
6320 1.423 0
6330 1.41725 0
6340 1.4124 0
6350 1.40693 0
6360 1.39875 0
6370 1.39376 0
6380 1.38755 0
6390 1.37879 0
6400 1.37306 0
6410 1.36682 0
6420 1.35786 0
6430 1.34883 0
6440 1.34266 0
6450 1.33612 0
6460 1.3277 0
6470 1.3185 0
6480 1.30947 0
6490 1.30052 0
6500 1.2941 0
6510 1.28698 0
6520 1.27902 0
6530 1.27109 0
6540 1.26321 0
6550 1.25537 0
6560 1.24751 0
6570 1.23955 0
6580 1.23134 0
6590 1.22337 0
6600 1.21532 0
6610 1.20742 0
6620 1.19951 0
6630 1.19146 0
6640 1.18407 0
6650 1.17641 0
6660 1.16855 0
6670 1.16096 0
6680 1.15383 0
6690 1.14609 0
6700 1.1385 0
6710 1.13173 0
6720 1.12441 0
6730 1.11704 0
6740 1.10967 0
6750 1.10254 0
6760 1.09535 0
6770 1.08834 0
6780 1.08154 0
6790 1.0744 0
6800 1.06773 0
6810 1.06062 0
6820 1.05409 0
6830 1.04746 0
6840 1.04122 0
6850 1.03428 0
6860 1.02797 0
6870 1.02179 0
6880 1.01488 0
6890 1.00898 0
6900 1.00226 0
6910 0.996291 0
6920 0.989402 0
6930 0.98388 0
6940 0.977388 0
6950 0.971268 0
6960 0.965746 0
6970 0.959597 0
6980 0.954207 0
6990 0.948082 0
7000 0.942288 0
7010 0.93704 0
7020 0.931203 0
7030 0.925215 0
7040 0.920325 0
7050 0.914922 0
7060 0.909261 0
7070 0.903678 0
7080 0.898352 0
7090 0.89242 0
7100 0.88566 0
7110 0.878773 0
7120 0.867727 0
7130 0.851272 0
7140 0.833265 0
7150 0.817694 0
7160 0.799417 0
7170 0.779248 0
7180 0.760632 0
7190 0.743969 0
7200 0.72324 0
7210 0.704458 0
7220 0.680094 0
7230 0.655737 0
7240 0.630104 0
7250 0.605328 0
7260 0.579583 0
7270 0.553527 0
7280 0.530631 0
7290 0.51174 0
7300 0.492353 0
7310 0.474266 0
7320 0.455733 0
7330 0.436223 0
7340 0.417944 0
7350 0.401485 0
7360 0.383287 0
7370 0.365035 0
7380 0.347168 0
7390 0.332733 0
7400 0.319052 0
7410 0.305232 0
7420 0.292134 0
7430 0.279323 0
7440 0.267254 0
7450 0.255723 0
7460 0.24468 0
7470 0.234498 0
7480 0.224806 0
7490 0.215958 0
7500 0.207677 0
7510 0.199713 0
7520 0.193018 0
7530 0.1869 0
7540 0.181606 0
7550 0.176983 0
7560 0.173024 0
7570 0.170237 0
7580 0.168087 0
7590 0.171346 0
7600 0.175173 0
7610 0.179845 0
7620 0.185336 0
7630 0.1911 0
7640 0.197372 0
7650 0.203777 0
7660 0.208976 0
7670 0.213748 0
7680 0.218128 0
7690 0.229098 0
7700 0.251066 0
7710 0.274073 0
7720 0.294402 0
7730 0.315164 0
7740 0.337861 0
7750 0.35612 0
7760 0.375211 0
7770 0.393875 0
7780 0.41328 0
7790 0.430233 0
7800 0.447342 0
7810 0.464776 0
7820 0.480816 0
7830 0.495773 0
7840 0.512397 0
7850 0.526584 0
7860 0.538648 0
7870 0.551794 0
7880 0.564541 0
7890 0.576253 0
7900 0.587331 0
7910 0.598872 0
7920 0.610711 0
7930 0.622276 0
7940 0.633877 0
7950 0.646604 0
7960 0.655039 0
7970 0.664051 0
7980 0.67494 0
7990 0.686922 0
8000 0.695009 0
8010 0.702937 0
8020 0.7148 0
8030 0.722193 0
8040 0.72807 0
8050 0.725305 0
8060 0.7253 0
8070 0.723344 0
8080 0.721734 0
8090 0.720121 0
8100 0.718069 0
8110 0.717051 0
8120 0.715086 0
8130 0.713525 0
8140 0.712051 0
8150 0.710535 0
8160 0.709495 0
8170 0.7066 0
8180 0.706472 0
8190 0.70341 0
8200 0.702782 0
8210 0.702075 0
8220 0.699288 0
8230 0.698934 0
8240 0.697296 0
8250 0.694753 0
8260 0.694205 0
8270 0.693015 0
8280 0.689249 0
8290 0.687742 0
8300 0.684421 0
8310 0.680059 0
8320 0.676277 0
8330 0.674033 0
8340 0.670619 0
8350 0.666198 0
8360 0.662159 0
8370 0.659861 0
8380 0.656715 0
8390 0.653604 0
8400 0.648999 0
8410 0.645474 0
8420 0.642719 0
8430 0.639785 0
8440 0.636521 0
8450 0.632695 0
8460 0.628653 0
8470 0.624579 0
8480 0.621829 0
8490 0.619047 0
8500 0.616113 0
8510 0.613009 0
8520 0.60977 0
8530 0.606407 0
8540 0.60287 0
8550 0.599399 0
8560 0.595558 0
8570 0.592223 0
8580 0.589835 0
8590 0.587944 0
8600 0.585556 0
8610 0.583285 0
8620 0.581109 0
8630 0.579046 0
8640 0.577749 0
8650 0.575636 0
8660 0.573775 0
8670 0.571388 0
8680 0.568986 0
8690 0.566912 0
8700 0.564096 0
8710 0.561672 0
8720 0.559226 0
8730 0.556782 0
8740 0.554415 0
8750 0.55318 0
8760 0.551278 0
8770 0.54863 0
8780 0.546664 0
8790 0.545316 0
8800 0.54406 0
8810 0.541749 0
8820 0.541672 0
8830 0.541153 0
8840 0.539609 0
8850 0.538512 0
8860 0.537099 0
8870 0.536277 0
8880 0.536396 0
8890 0.53481 0
8900 0.533833 0
8910 0.531859 0
8920 0.53216 0
8930 0.530961 0
8940 0.529853 0
8950 0.528213 0
8960 0.528315 0
8970 0.527288 0
8980 0.525256 0
8990 0.523946 0
9000 0.524073 0

