3300 2.31431 0
3310 1.96813 0
3320 1.58373 0
3330 1.23729 0
3340 0.948542 0
3350 0.667541 0
3360 0.570255 0
3370 0.546313 0
3380 0.499328 0
3390 0.465411 0
3400 0.449738 0
3410 0.439234 0
3420 0.435984 0
3430 0.439124 0
3440 0.444692 0
3450 0.456436 0
3460 0.469382 0
3470 0.489477 0
3480 0.516143 0
3490 0.550575 0
3500 0.589954 0
3510 0.65108 0
3520 0.718858 0
3530 0.916946 0
3540 1.19676 0
3550 1.47252 0
3560 1.70541 0
3570 1.93904 0
3580 2.16476 0
3590 2.34061 0
3600 2.48396 0
3610 2.63957 0
3620 2.75886 0
3630 2.86809 0
3640 2.96359 0
3650 3.08241 0
3660 3.13952 0
3670 3.22393 0
3680 3.28137 0
3690 3.31997 0
3700 3.32197 0
3710 3.3344 0
3720 3.33766 0
3730 3.33164 0
3740 3.34597 0
3750 3.34319 0
3760 3.36795 0
3770 3.38925 0
3780 3.44705 0
3790 3.47337 0
3800 3.49629 0
3810 3.5272 0
3820 3.56453 0
3830 3.57479 0
3840 3.59059 0
3850 3.60513 0
3860 3.60938 0
3870 3.62301 0
3880 3.63165 0
3890 3.63629 0
3900 3.63761 0
3910 3.63989 0
3920 3.65071 0
3930 3.64684 0
3940 3.63987 0
3950 3.63948 0
3960 3.63538 0
3970 3.63553 0
3980 3.63339 0
3990 3.62695 0
4000 3.62655 0
4010 3.60874 0
4020 3.61325 0
4030 3.60122 0
4040 3.5838 0
4050 3.57156 0
4060 3.55674 0
4070 3.53741 0
4080 3.52445 0
4090 3.50598 0
4100 3.47858 0
4110 3.45453 0
4120 3.42558 0
4130 3.40341 0
4140 3.35775 0
4150 3.3319 0
4160 3.29229 0
4170 3.26827 0
4180 3.22966 0
4190 3.21215 0
4200 3.19093 0
4210 3.15661 0
4220 3.13025 0
4230 3.12569 0
4240 3.11723 0
4250 3.06177 0
4260 3.05912 0
4270 3.03146 0
4280 2.9829 0
4290 2.95951 0
4300 2.97455 0
4310 2.94375 0
4320 2.91618 0
4330 2.86393 0
4340 2.84432 0
4350 2.82933 0
4360 2.8252 0
4370 2.79254 0
4380 2.76203 0
4390 2.75957 0
4400 2.69519 0
4410 2.70012 0
4420 2.6208 0
4430 2.62567 0
4440 2.55137 0
4450 2.50478 0
4460 2.45785 0
4470 2.38194 0
4480 2.33 0
4490 2.25879 0
4500 2.20285 0
4510 2.1322 0
4520 2.08514 0
4530 2.01545 0
4540 1.9482 0
4550 1.88064 0
4560 1.81593 0
4570 1.75302 0
4580 1.69242 0
4590 1.63829 0
4600 1.59051 0
4610 1.5502 0
4620 1.51168 0
4630 1.47125 0
4640 1.4483 0
4650 1.47012 0
4660 1.5088 0
4670 1.54476 0
4680 1.58245 0
4690 1.61911 0
4700 1.65736 0
4710 1.69866 0
4720 1.73418 0
4730 1.77143 0
4740 1.81162 0
4750 1.84807 0
4760 1.8851 0
4770 1.92123 0
4780 1.95569 0
4790 1.99155 0
4800 2.02768 0
4810 2.05812 0
4820 2.07847 0
4830 2.10986 0
4840 2.14095 0
4850 2.15795 0
4860 2.18696 0
4870 2.20234 0
4880 2.23 0
4890 2.24009 0
4900 2.24314 0
4910 2.24123 0
4920 2.24377 0
4930 2.23528 0
4940 2.23226 0
4950 2.23263 0
4960 2.22782 0
4970 2.22204 0
4980 2.21968 0
4990 2.21321 0
5000 2.21584 0
5010 2.20756 0
5020 2.20223 0
5030 2.1936 0
5040 2.18507 0
5050 2.17868 0
5060 2.16976 0
5070 2.16011 0
5080 2.15169 0
5090 2.14411 0
5100 2.13544 0
5110 2.12551 0
5120 2.11535 0
5130 2.10493 0
5140 2.09497 0
5150 2.08603 0
5160 2.07689 0
5170 2.06763 0
5180 2.05817 0
5190 2.0475 0
5200 2.03686 0
5210 2.02413 0
5220 2.00641 0
5230 1.99353 0
5240 1.98116 0
5250 1.96552 0
5260 1.95166 0
5270 1.93879 0
5280 1.92257 0
5290 1.90619 0
5300 1.89198 0
5310 1.87938 0
5320 1.8669 0
5330 1.84808 0
5340 1.8372 0
5350 1.821 0
5360 1.80401 0
5370 1.78812 0
5380 1.77434 0
5390 1.76736 0
5400 1.75397 0
5410 1.73531 0
5420 1.72444 0
5430 1.71525 0
5440 1.70842 0
5450 1.70462 0
5460 1.69362 0
5470 1.68955 0
5480 1.68799 0
5490 1.67695 0
5500 1.6762 0
5510 1.66501 0
5520 1.6627 0
5530 1.6291 0
5540 1.5956 0
5550 1.54537 0
5560 1.50173 0
5570 1.44964 0
5580 1.39912 0
5590 1.35648 0
5600 1.30353 0
5610 1.25206 0
5620 1.20836 0
5630 1.1593 0
5640 1.1092 0
5650 1.05855 0
5660 1.009 0
5670 0.969037 0
5680 0.923498 0
5690 0.880012 0
5700 0.836728 0
5710 0.795414 0
5720 0.766437 0
5730 0.743171 0
5740 0.726385 0
5750 0.71208 0
5760 0.698995 0
5770 0.690058 0
5780 0.690003 0
5790 0.702956 0
5800 0.731094 0
5810 0.759596 0
5820 0.784197 0
5830 0.814452 0
5840 0.843169 0
5850 0.869675 0
5860 0.897931 0
5870 0.921682 0
5880 0.951329 0
5890 0.977689 0
5900 1.00262 0
5910 1.03 0
5920 1.05083 0
5930 1.07133 0
5940 1.09292 0
5950 1.11353 0
5960 1.13477 0
5970 1.15542 0
5980 1.17619 0
5990 1.19649 0
6000 1.21711 0
6010 1.23136 0
6020 1.25189 0
6030 1.27128 0
6040 1.27737 0
6050 1.2964 0
6060 1.31513 0
6070 1.31987 0
6080 1.33794 0
6090 1.3414 0
6100 1.359 0
6110 1.36209 0
6120 1.37824 0
6130 1.38027 0
6140 1.3902 0
6150 1.39743 0
6160 1.39812 0
6170 1.40636 0
6180 1.41234 0
6190 1.4122 0
6200 1.41938 0
6210 1.4183 0
6220 1.42223 0
6230 1.42026 0
6240 1.42553 0
6250 1.42319 0
6260 1.42053 0
6270 1.41753 0
6280 1.41936 0
6290 1.42296 0
6300 1.4183 0
6310 1.4135 0
6320 1.40855 0
6330 1.40336 0
6340 1.39785 0
6350 1.39208 0
6360 1.38606 0
6370 1.37978 0
6380 1.37327 0
6390 1.36651 0
6400 1.35958 0
6410 1.35245 0
6420 1.34506 0
6430 1.33743 0
6440 1.32962 0
6450 1.32182 0
6460 1.31386 0
6470 1.30576 0
6480 1.29756 0
6490 1.2895 0
6500 1.28143 0
6510 1.27348 0
6520 1.26564 0
6530 1.25776 0
6540 1.24971 0
6550 1.24169 0
6560 1.23396 0
6570 1.22616 0
6580 1.21826 0
6590 1.21029 0
6600 1.20228 0
6610 1.19459 0
6620 1.18678 0
6630 1.179 0
6640 1.17113 0
6650 1.16362 0
6660 1.15591 0
6670 1.1483 0
6680 1.14077 0
6690 1.13338 0
6700 1.12585 0
6710 1.11847 0
6720 1.11134 0
6730 1.10393 0
6740 1.09679 0
6750 1.08984 0
6760 1.08265 0
6770 1.07584 0
6780 1.06902 0
6790 1.06207 0
6800 1.05561 0
6810 1.04879 0
6820 1.04228 0
6830 1.03573 0
6840 1.02875 0
6850 1.02224 0
6860 1.01539 0
6870 1.00941 0
6880 1.00299 0
6890 0.996959 0
6900 0.990549 0
6910 0.984582 0
6920 0.978309 0
6930 0.972409 0
6940 0.966268 0
6950 0.960471 0
6960 0.954412 0
6970 0.94872 0
6980 0.942806 0
6990 0.93718 0
7000 0.931499 0
7010 0.925811 0
7020 0.920328 0
7030 0.914701 0
7040 0.909216 0
7050 0.903823 0
7060 0.898428 0
7070 0.893212 0
7080 0.888095 0
7090 0.881804 0
7100 0.875183 0
7110 0.868701 0
7120 0.857998 0
7130 0.841933 0
7140 0.824289 0
7150 0.808149 0
7160 0.79033 0
7170 0.77077 0
7180 0.752804 0
7190 0.73681 0
7200 0.716808 0
7210 0.698586 0
7220 0.674864 0
7230 0.650969 0
7240 0.625726 0
7250 0.601407 0
7260 0.576068 0
7270 0.550443 0
7280 0.527934 0
7290 0.50953 0
7300 0.490505 0
7310 0.472673 0
7320 0.454375 0
7330 0.435031 0
7340 0.416889 0
7350 0.400464 0
7360 0.382327 0
7370 0.364134 0
7380 0.346329 0
7390 0.331934 0
7400 0.318271 0
7410 0.304513 0
7420 0.291465 0
7430 0.278692 0
7440 0.266657 0
7450 0.255175 0
7460 0.244187 0
7470 0.234043 0
7480 0.22439 0
7490 0.215583 0
7500 0.207348 0
7510 0.199431 0
7520 0.192776 0
7530 0.186694 0
7540 0.181436 0
7550 0.176828 0
7560 0.172843 0
7570 0.170024 0
7580 0.167847 0
7590 0.170964 0
7600 0.174626 0
7610 0.179112 0
7620 0.184391 0
7630 0.189928 0
7640 0.195969 0
7650 0.202143 0
7660 0.207136 0
7670 0.211721 0
7680 0.215915 0
7690 0.226432 0
7700 0.247361 0
7710 0.269239 0
7720 0.288526 0
7730 0.308188 0
7740 0.3297 0
7750 0.346882 0
7760 0.364794 0
7770 0.382194 0
7780 0.400241 0
7790 0.415848 0
7800 0.431532 0
7810 0.44741 0
7820 0.461897 0
7830 0.47538 0
7840 0.490486 0
7850 0.503196 0
7860 0.513804 0
7870 0.525391 0
7880 0.536512 0
7890 0.546936 0
7900 0.558364 0
7910 0.570296 0
7920 0.58251 0
7930 0.594508 0
7940 0.60651 0
7950 0.619468 0
7960 0.628439 0
7970 0.637925 0
7980 0.648977 0
7990 0.661228 0
8000 0.669689 0
8010 0.678094 0
8020 0.690086 0
8030 0.697858 0
8040 0.704267 0
8050 0.702493 0
8060 0.703328 0
8070 0.702346 0
8080 0.70181 0
8090 0.701318 0
8100 0.700367 0
8110 0.700387 0
8120 0.699513 0
8130 0.69919 0
8140 0.698716 0
8150 0.698217 0
8160 0.698074 0
8170 0.696466 0
8180 0.697278 0
8190 0.695199 0
8200 0.695299 0
8210 0.695108 0
8220 0.69283 0
8230 0.693252 0
8240 0.691856 0
8250 0.689857 0
8260 0.689552 0
8270 0.688512 0
8280 0.685433 0
8290 0.684079 0
8300 0.68171 0
8310 0.67825 0
8320 0.674146 0
8330 0.671244 0
8340 0.667605 0
8350 0.662683 0
8360 0.658462 0
8370 0.655486 0
8380 0.651767 0
8390 0.648359 0
8400 0.64325 0
8410 0.639171 0
8420 0.636045 0
8430 0.632384 0
8440 0.62871 0
8450 0.625098 0
8460 0.621104 0
8470 0.617094 0
8480 0.614201 0
8490 0.611936 0
8500 0.609037 0
8510 0.606237 0
8520 0.603817 0
8530 0.601029 0
8540 0.597886 0
8550 0.594277 0
8560 0.591155 0
8570 0.588078 0
8580 0.586721 0
8590 0.584993 0
8600 0.582802 0
8610 0.580712 0
8620 0.578776 0
8630 0.578038 0
8640 0.577166 0
8650 0.574593 0
8660 0.573148 0
8670 0.571304 0
8680 0.569419 0
8690 0.568026 0
8700 0.565893 0
8710 0.56294 0
8720 0.561139 0
8730 0.559538 0
8740 0.557776 0
8750 0.555857 0
8760 0.554648 0
8770 0.551266 0
8780 0.55007 0
8790 0.54938 0
8800 0.547695 0
8810 0.546193 0
8820 0.545474 0
8830 0.545693 0
8840 0.543669 0
8850 0.543427 0
8860 0.541792 0
8870 0.540251 0
8880 0.541442 0
8890 0.539143 0
8900 0.539089 0
8910 0.536591 0
8920 0.536003 0
8930 0.535748 0
8940 0.533991 0
8950 0.531748 0
8960 0.532699 0
8970 0.531012 0
8980 0.52837 0
8990 0.528001 0
9000 0.52751 0

