3300 1.68477 0
3310 1.27018 0
3320 0.863848 0
3330 0.560684 0
3340 0.528074 0
3350 0.495547 0
3360 0.461553 0
3370 0.419604 0
3380 0.396331 0
3390 0.38482 0
3400 0.378422 0
3410 0.376647 0
3420 0.375629 0
3430 0.378498 0
3440 0.381581 0
3450 0.387095 0
3460 0.394201 0
3470 0.406766 0
3480 0.423234 0
3490 0.442496 0
3500 0.467149 0
3510 0.496583 0
3520 0.529869 0
3530 0.565855 0
3540 0.628093 0
3550 0.703019 0
3560 0.89482 0
3570 1.19742 0
3580 1.49241 0
3590 1.75039 0
3600 2.02817 0
3610 2.22267 0
3620 2.35234 0
3630 2.38763 0
3640 2.42219 0
3650 2.40222 0
3660 2.42869 0
3670 2.4004 0
3680 2.22983 0
3690 2.06518 0
3700 1.93435 0
3710 1.89926 0
3720 1.87691 0
3730 1.84636 0
3740 1.81571 0
3750 1.79411 0
3760 1.88187 0
3770 2.04462 0
3780 2.20464 0
3790 2.35264 0
3800 2.50948 0
3810 2.65582 0
3820 2.79153 0
3830 2.91823 0
3840 3.05212 0
3850 3.16777 0
3860 3.28307 0
3870 3.39265 0
3880 3.4967 0
3890 3.58812 0
3900 3.67152 0
3910 3.74732 0
3920 3.75048 0
3930 3.72814 0
3940 3.70378 0
3950 3.68049 0
3960 3.65657 0
3970 3.63124 0
3980 3.6062 0
3990 3.58731 0
4000 3.58154 0
4010 3.58329 0
4020 3.5792 0
4030 3.57164 0
4040 3.56979 0
4050 3.55565 0
4060 3.54659 0
4070 3.53837 0
4080 3.5223 0
4090 3.49227 0
4100 3.46312 0
4110 3.43661 0
4120 3.41114 0
4130 3.38642 0
4140 3.36172 0
4150 3.33518 0
4160 3.31113 0
4170 3.28432 0
4180 3.26379 0
4190 3.24131 0
4200 3.21938 0
4210 3.19762 0
4220 3.18223 0
4230 3.16112 0
4240 3.14055 0
4250 3.12742 0
4260 3.10885 0
4270 3.09189 0
4280 3.07698 0
4290 3.05988 0
4300 3.04057 0
4310 3.02013 0
4320 3.00414 0
4330 2.97754 0
4340 2.9531 0
4350 2.92889 0
4360 2.90621 0
4370 2.8842 0
4380 2.85597 0
4390 2.8251 0
4400 2.79636 0
4410 2.76726 0
4420 2.69194 0
4430 2.56109 0
4440 2.39788 0
4450 2.23512 0
4460 2.07148 0
4470 1.9074 0
4480 1.74437 0
4490 1.58392 0
4500 1.42532 0
4510 1.26986 0
4520 1.12818 0
4530 1.01796 0
4540 0.952424 0
4550 0.896975 0
4560 0.847481 0
4570 0.804089 0
4580 0.766707 0
4590 0.751554 0
4600 0.796222 0
4610 0.904727 0
4620 1.01173 0
4630 1.11627 0
4640 1.22383 0
4650 1.32408 0
4660 1.42678 0
4670 1.52189 0
4680 1.62191 0
4690 1.71127 0
4700 1.7995 0
4710 1.88743 0
4720 1.9674 0
4730 2.04435 0
4740 2.12709 0
4750 2.19303 0
4760 2.25843 0
4770 2.32766 0
4780 2.3857 0
4790 2.42881 0
4800 2.41687 0
4810 2.40442 0
4820 2.39143 0
4830 2.37884 0
4840 2.36987 0
4850 2.35828 0
4860 2.34419 0
4870 2.33189 0
4880 2.32159 0
4890 2.30574 0
4900 2.29715 0
4910 2.28238 0
4920 2.27286 0
4930 2.25604 0
4940 2.24656 0
4950 2.23419 0
4960 2.21608 0
4970 2.20714 0
4980 2.19935 0
4990 2.18915 0
5000 2.17705 0
5010 2.1661 0
5020 2.15807 0
5030 2.14923 0
5040 2.13952 0
5050 2.12973 0
5060 2.11951 0
5070 2.10903 0
5080 2.09837 0
5090 2.08744 0
5100 2.07808 0
5110 2.06923 0
5120 2.06286 0
5130 2.0537 0
5140 2.04297 0
5150 2.03444 0
5160 2.02747 0
5170 2.02205 0
5180 2.01656 0
5190 2.00962 0
5200 2.00404 0
5210 1.99859 0
5220 1.98418 0
5230 1.9676 0
5240 1.93722 0
5250 1.90079 0
5260 1.8623 0
5270 1.82332 0
5280 1.78457 0
5290 1.7423 0
5300 1.70208 0
5310 1.66043 0
5320 1.61667 0
5330 1.57162 0
5340 1.52977 0
5350 1.4859 0
5360 1.44068 0
5370 1.40233 0
5380 1.36434 0
5390 1.32795 0
5400 1.29177 0
5410 1.25611 0
5420 1.22938 0
5430 1.20995 0
5440 1.20701 0
5450 1.22806 0
5460 1.24849 0
5470 1.26771 0
5480 1.28749 0
5490 1.30734 0
5500 1.32765 0
5510 1.34664 0
5520 1.36788 0
5530 1.38898 0
5540 1.40838 0
5550 1.42845 0
5560 1.40409 0
5570 1.30842 0
5580 1.20964 0
5590 1.11444 0
5600 1.02798 0
5610 0.939332 0
5620 0.861152 0
5630 0.783669 0
5640 0.706152 0
5650 0.630689 0
5660 0.558281 0
5670 0.486451 0
5680 0.406626 0
5690 0.331552 0
5700 0.333375 0
5710 0.341499 0
5720 0.349085 0
5730 0.356664 0
5740 0.364982 0
5750 0.374062 0
5760 0.384274 0
5770 0.394411 0
5780 0.408633 0
5790 0.43077 0
5800 0.499785 0
5810 0.57567 0
5820 0.644797 0
5830 0.716199 0
5840 0.781294 0
5850 0.848708 0
5860 0.904765 0
5870 0.966573 0
5880 1.02766 0
5890 1.07865 0
5900 1.12642 0
5910 1.17927 0
5920 1.23603 0
5930 1.27209 0
5940 1.31909 0
5950 1.36198 0
5960 1.39702 0
5970 1.4323 0
5980 1.47143 0
5990 1.50983 0
6000 1.5436 0
6010 1.57177 0
6020 1.59432 0
6030 1.61789 0
6040 1.63896 0
6050 1.6289 0
6060 1.61672 0
6070 1.61121 0
6080 1.60513 0
6090 1.59109 0
6100 1.58691 0
6110 1.57803 0
6120 1.56354 0
6130 1.56329 0
6140 1.54819 0
6150 1.54551 0
6160 1.53204 0
6170 1.53005 0
6180 1.52493 0
6190 1.51769 0
6200 1.5181 0
6210 1.51321 0
6220 1.50748 0
6230 1.50566 0
6240 1.50211 0
6250 1.49301 0
6260 1.49213 0
6270 1.48978 0
6280 1.48717 0
6290 1.48263 0
6300 1.47553 0
6310 1.46697 0
6320 1.46261 0
6330 1.45759 0
6340 1.45153 0
6350 1.44426 0
6360 1.43675 0
6370 1.42933 0
6380 1.42208 0
6390 1.41495 0
6400 1.40777 0
6410 1.40048 0
6420 1.39564 0
6430 1.39176 0
6440 1.38524 0
6450 1.37893 0
6460 1.37094 0
6470 1.36238 0
6480 1.35728 0
6490 1.35233 0
6500 1.34489 0
6510 1.33798 0
6520 1.3328 0
6530 1.32627 0
6540 1.31829 0
6550 1.31091 0
6560 1.30836 0
6570 1.2988 0
6580 1.29678 0
6590 1.2889 0
6600 1.28142 0
6610 1.27902 0
6620 1.26931 0
6630 1.26801 0
6640 1.25792 0
6650 1.25637 0
6660 1.24634 0
6670 1.24447 0
6680 1.23448 0
6690 1.23234 0
6700 1.22639 0
6710 1.21985 0
6720 1.21596 0
6730 1.20688 0
6740 1.19851 0
6750 1.18829 0
6760 1.17701 0
6770 1.1665 0
6780 1.15646 0
6790 1.14788 0
6800 1.13938 0
6810 1.13092 0
6820 1.12257 0
6830 1.1143 0
6840 1.106 0
6850 1.0979 0
6860 1.08952 0
6870 1.08143 0
6880 1.06995 0
6890 1.0583 0
6900 1.04653 0
6910 1.03458 0
6920 1.02292 0
6930 1.01095 0
6940 0.999208 0
6950 0.987363 0
6960 0.975533 0
6970 0.963698 0
6980 0.951677 0
6990 0.939869 0
7000 0.928026 0
7010 0.916316 0
7020 0.904241 0
7030 0.89214 0
7040 0.881302 0
7050 0.871544 0
7060 0.861822 0
7070 0.852014 0
7080 0.842126 0
7090 0.830607 0
7100 0.818835 0
7110 0.807026 0
7120 0.790036 0
7130 0.765632 0
7140 0.742692 0
7150 0.723885 0
7160 0.701984 0
7170 0.680917 0
7180 0.661646 0
7190 0.637356 0
7200 0.616798 0
7210 0.595333 0
7220 0.571428 0
7230 0.550455 0
7240 0.53368 0
7250 0.515097 0
7260 0.497981 0
7270 0.479348 0
7280 0.460713 0
7290 0.442855 0
7300 0.424415 0
7310 0.405689 0
7320 0.386786 0
7330 0.368954 0
7340 0.354061 0
7350 0.339357 0
7360 0.324751 0
7370 0.310651 0
7380 0.29667 0
7390 0.283307 0
7400 0.270539 0
7410 0.258166 0
7420 0.246508 0
7430 0.235196 0
7440 0.223864 0
7450 0.212546 0
7460 0.202133 0
7470 0.192737 0
7480 0.183954 0
7490 0.175977 0
7500 0.168838 0
7510 0.162639 0
7520 0.157159 0
7530 0.152519 0
7540 0.148667 0
7550 0.145603 0
7560 0.143199 0
7570 0.141483 0
7580 0.140082 0
7590 0.139423 0
7600 0.139318 0
7610 0.139677 0
7620 0.14064 0
7630 0.142125 0
7640 0.143627 0
7650 0.146257 0
7660 0.152241 0
7670 0.1585 0
7680 0.165489 0
7690 0.173563 0
7700 0.181497 0
7710 0.188733 0
7720 0.195555 0
7730 0.202524 0
7740 0.208851 0
7750 0.214705 0
7760 0.231354 0
7770 0.262155 0
7780 0.292759 0
7790 0.320491 0
7800 0.349065 0
7810 0.375979 0
7820 0.400457 0
7830 0.427816 0
7840 0.451501 0
7850 0.474379 0
7860 0.497832 0
7870 0.517124 0
7880 0.537036 0
7890 0.559392 0
7900 0.57508 0
7910 0.595282 0
7920 0.608168 0
7930 0.622529 0
7940 0.639656 0
7950 0.653669 0
7960 0.665532 0
7970 0.677155 0
7980 0.688692 0
7990 0.70155 0
8000 0.715764 0
8010 0.729158 0
8020 0.728897 0
8030 0.72918 0
8040 0.728998 0
8050 0.72854 0
8060 0.730141 0
8070 0.731057 0
8080 0.731223 0
8090 0.7309 0
8100 0.73252 0
8110 0.733382 0
8120 0.733993 0
8130 0.735849 0
8140 0.737887 0
8150 0.738915 0
8160 0.74167 0
8170 0.74241 0
8180 0.744482 0
8190 0.746504 0
8200 0.748301 0
8210 0.749935 0
8220 0.75157 0
8230 0.753098 0
8240 0.754738 0
8250 0.750381 0
8260 0.745529 0
8270 0.736107 0
8280 0.729464 0
8290 0.721723 0
8300 0.713156 0
8310 0.706321 0
8320 0.697437 0
8330 0.688583 0
8340 0.680684 0
8350 0.671575 0
8360 0.662045 0
8370 0.653716 0
8380 0.645139 0
8390 0.634988 0
8400 0.626221 0
8410 0.618189 0
8420 0.609097 0
8430 0.599451 0
8440 0.590136 0
8450 0.5842 0
8460 0.578287 0
8470 0.57215 0
8480 0.565521 0
8490 0.558144 0
8500 0.552441 0
8510 0.546605 0
8520 0.540759 0
8530 0.534673 0
8540 0.528531 0
8550 0.522227 0
8560 0.516746 0
8570 0.517062 0
8580 0.518135 0
8590 0.519957 0
8600 0.52213 0
8610 0.524006 0
8620 0.526224 0
8630 0.528813 0
8640 0.530955 0
8650 0.532882 0
8660 0.534891 0
8670 0.536152 0
8680 0.538343 0
8690 0.539121 0
8700 0.540725 0
8710 0.54231 0
8720 0.543708 0
8730 0.545148 0
8740 0.546503 0
8750 0.547863 0
8760 0.549089 0
8770 0.550187 0
8780 0.551764 0
8790 0.553322 0
8800 0.554398 0
8810 0.555154 0
8820 0.55581 0
8830 0.557419 0
8840 0.558091 0
8850 0.558853 0
8860 0.56008 0
8870 0.563378 0
8880 0.566204 0
8890 0.568867 0
8900 0.571335 0
8910 0.575144 0
8920 0.577867 0
8930 0.576732 0
8940 0.575918 0
8950 0.574742 0
8960 0.573587 0
8970 0.572794 0
8980 0.571564 0
8990 0.570248 0
9000 0.569652 0

