3300 2.82046 0
3310 2.4026 0
3320 1.95674 0
3330 1.553 0
3340 1.20702 0
3350 0.867599 0
3360 0.685727 0
3370 0.580186 0
3380 0.504834 0
3390 0.448685 0
3400 0.412236 0
3410 0.383223 0
3420 0.368131 0
3430 0.363695 0
3440 0.367063 0
3450 0.380139 0
3460 0.396215 0
3470 0.421782 0
3480 0.453663 0
3490 0.49257 0
3500 0.532733 0
3510 0.583077 0
3520 0.636607 0
3530 0.693674 0
3540 0.779382 0
3550 0.87022 0
3560 1.03126 0
3570 1.28567 0
3580 1.53232 0
3590 1.74428 0
3600 1.96626 0
3610 2.15467 0
3620 2.25424 0
3630 2.27902 0
3640 2.34255 0
3650 2.3666 0
3660 2.38181 0
3670 2.40891 0
3680 2.38797 0
3690 2.41263 0
3700 2.39395 0
3710 2.38866 0
3720 2.35209 0
3730 2.34122 0
3740 2.36007 0
3750 2.36892 0
3760 2.44852 0
3770 2.54953 0
3780 2.65482 0
3790 2.74636 0
3800 2.83245 0
3810 2.91094 0
3820 3.0021 0
3830 3.06962 0
3840 3.12112 0
3850 3.10437 0
3860 3.07164 0
3870 3.02883 0
3880 2.98465 0
3890 2.92718 0
3900 2.86452 0
3910 2.77848 0
3920 2.70859 0
3930 2.61973 0
3940 2.51609 0
3950 2.42591 0
3960 2.33732 0
3970 2.25037 0
3980 2.15794 0
3990 2.0716 0
4000 1.99151 0
4010 1.90713 0
4020 1.83843 0
4030 1.76926 0
4040 1.7097 0
4050 1.65674 0
4060 1.60689 0
4070 1.56567 0
4080 1.54685 0
4090 1.53548 0
4100 1.52665 0
4110 1.52658 0
4120 1.53556 0
4130 1.55225 0
4140 1.57909 0
4150 1.6309 0
4160 1.7063 0
4170 1.79662 0
4180 1.88489 0
4190 1.96962 0
4200 2.05152 0
4210 2.12681 0
4220 2.20349 0
4230 2.28529 0
4240 2.35643 0
4250 2.41044 0
4260 2.46821 0
4270 2.51639 0
4280 2.54436 0
4290 2.56802 0
4300 2.58891 0
4310 2.59409 0
4320 2.6252 0
4330 2.66583 0
4340 2.71457 0
4350 2.74907 0
4360 2.79008 0
4370 2.82045 0
4380 2.85947 0
4390 2.88816 0
4400 2.90215 0
4410 2.93301 0
4420 2.90213 0
4430 2.85763 0
4440 2.75342 0
4450 2.66333 0
4460 2.54193 0
4470 2.41882 0
4480 2.30376 0
4490 2.17916 0
4500 2.05972 0
4510 1.93816 0
4520 1.82758 0
4530 1.70592 0
4540 1.58531 0
4550 1.48296 0
4560 1.38536 0
4570 1.29278 0
4580 1.21341 0
4590 1.14377 0
4600 1.09129 0
4610 1.04765 0
4620 1.01302 0
4630 0.981577 0
4640 0.972126 0
4650 1.03066 0
4660 1.11133 0
4670 1.18858 0
4680 1.26561 0
4690 1.34338 0
4700 1.41655 0
4710 1.49083 0
4720 1.55935 0
4730 1.62831 0
4740 1.69566 0
4750 1.75826 0
4760 1.8213 0
4770 1.87773 0
4780 1.93192 0
4790 1.98131 0
4800 2.03745 0
4810 2.07713 0
4820 2.09293 0
4830 2.12803 0
4840 2.16169 0
4850 2.1709 0
4860 2.20106 0
4870 2.2072 0
4880 2.2329 0
4890 2.2356 0
4900 2.25449 0
4910 2.25532 0
4920 2.27054 0
4930 2.26038 0
4940 2.25316 0
4950 2.25852 0
4960 2.25364 0
4970 2.24523 0
4980 2.24217 0
4990 2.23357 0
5000 2.24367 0
5010 2.22955 0
5020 2.22043 0
5030 2.20795 0
5040 2.19122 0
5050 2.17785 0
5060 2.16206 0
5070 2.14343 0
5080 2.12672 0
5090 2.11016 0
5100 2.0938 0
5110 2.07386 0
5120 2.05349 0
5130 2.03155 0
5140 2.0091 0
5150 1.9885 0
5160 1.96882 0
5170 1.94966 0
5180 1.9308 0
5190 1.91206 0
5200 1.89431 0
5210 1.87616 0
5220 1.85405 0
5230 1.84552 0
5240 1.82766 0
5250 1.80306 0
5260 1.77723 0
5270 1.75352 0
5280 1.72529 0
5290 1.69815 0
5300 1.67265 0
5310 1.64781 0
5320 1.62189 0
5330 1.59051 0
5340 1.56603 0
5350 1.53816 0
5360 1.50829 0
5370 1.48025 0
5380 1.45345 0
5390 1.43112 0
5400 1.40595 0
5410 1.37596 0
5420 1.35842 0
5430 1.34632 0
5440 1.34454 0
5450 1.35541 0
5460 1.36276 0
5470 1.36892 0
5480 1.37844 0
5490 1.38552 0
5500 1.39419 0
5510 1.39883 0
5520 1.40865 0
5530 1.41217 0
5540 1.41507 0
5550 1.42438 0
5560 1.39801 0
5570 1.32287 0
5580 1.25363 0
5590 1.18522 0
5600 1.12098 0
5610 1.05829 0
5620 0.999 0
5630 0.941374 0
5640 0.886342 0
5650 0.834398 0
5660 0.779218 0
5670 0.737346 0
5680 0.694413 0
5690 0.663798 0
5700 0.612358 0
5710 0.586162 0
5720 0.555062 0
5730 0.536936 0
5740 0.518166 0
5750 0.500015 0
5760 0.488099 0
5770 0.492953 0
5780 0.502129 0
5790 0.522338 0
5800 0.562144 0
5810 0.602337 0
5820 0.637929 0
5830 0.67479 0
5840 0.712203 0
5850 0.744421 0
5860 0.775097 0
5870 0.804202 0
5880 0.832341 0
5890 0.860231 0
5900 0.879256 0
5910 0.901147 0
5920 0.914716 0
5930 0.926263 0
5940 0.93363 0
5950 0.940362 0
5960 0.944586 0
5970 0.948596 0
5980 0.95228 0
5990 0.972163 0
6000 0.994702 0
6010 1.02054 0
6020 1.04212 0
6030 1.06601 0
6040 1.07623 0
6050 1.09705 0
6060 1.11869 0
6070 1.12908 0
6080 1.14987 0
6090 1.15975 0
6100 1.17212 0
6110 1.18801 0
6120 1.20304 0
6130 1.20756 0
6140 1.22116 0
6150 1.22997 0
6160 1.23655 0
6170 1.24846 0
6180 1.25387 0
6190 1.26242 0
6200 1.27641 0
6210 1.2783 0
6220 1.28445 0
6230 1.28613 0
6240 1.29308 0
6250 1.2994 0
6260 1.30322 0
6270 1.3061 0
6280 1.30862 0
6290 1.31408 0
6300 1.32032 0
6310 1.31655 0
6320 1.31807 0
6330 1.31856 0
6340 1.32012 0
6350 1.32068 0
6360 1.31729 0
6370 1.31817 0
6380 1.31782 0
6390 1.31426 0
6400 1.31447 0
6410 1.31398 0
6420 1.30895 0
6430 1.30438 0
6440 1.30301 0
6450 1.30051 0
6460 1.29264 0
6470 1.28619 0
6480 1.27912 0
6490 1.27212 0
6500 1.26774 0
6510 1.26258 0
6520 1.25201 0
6530 1.23931 0
6540 1.22657 0
6550 1.21249 0
6560 1.19818 0
6570 1.18197 0
6580 1.16531 0
6590 1.15664 0
6600 1.14732 0
6610 1.14009 0
6620 1.13255 0
6630 1.12284 0
6640 1.11643 0
6650 1.10893 0
6660 1.09841 0
6670 1.09027 0
6680 1.08357 0
6690 1.07337 0
6700 1.06313 0
6710 1.05772 0
6720 1.04802 0
6730 1.03879 0
6740 1.02934 0
6750 1.02007 0
6760 1.0097 0
6770 0.99791 0
6780 0.984365 0
6790 0.969059 0
6800 0.955098 0
6810 0.938021 0
6820 0.924034 0
6830 0.909507 0
6840 0.896258 0
6850 0.879071 0
6860 0.864559 0
6870 0.852621 0
6880 0.833103 0
6890 0.819623 0
6900 0.802574 0
6910 0.788431 0
6920 0.770166 0
6930 0.758198 0
6940 0.740447 0
6950 0.725572 0
6960 0.712285 0
6970 0.698721 0
6980 0.687744 0
6990 0.673223 0
7000 0.660938 0
7010 0.650639 0
7020 0.6374 0
7030 0.624646 0
7040 0.616673 0
7050 0.603897 0
7060 0.591344 0
7070 0.57888 0
7080 0.568101 0
7090 0.559234 0
7100 0.54717 0
7110 0.535826 0
7120 0.52318 0
7130 0.508796 0
7140 0.494557 0
7150 0.485762 0
7160 0.472627 0
7170 0.460554 0
7180 0.449838 0
7190 0.444231 0
7200 0.436769 0
7210 0.430237 0
7220 0.419048 0
7230 0.408182 0
7240 0.395195 0
7250 0.382888 0
7260 0.369647 0
7270 0.357329 0
7280 0.347643 0
7290 0.337066 0
7300 0.326956 0
7310 0.318631 0
7320 0.309019 0
7330 0.298591 0
7340 0.288908 0
7350 0.279994 0
7360 0.270606 0
7370 0.261222 0
7380 0.251786 0
7390 0.242809 0
7400 0.23555 0
7410 0.228444 0
7420 0.221378 0
7430 0.215013 0
7440 0.207652 0
7450 0.201744 0
7460 0.19643 0
7470 0.189989 0
7480 0.185423 0
7490 0.180236 0
7500 0.176437 0
7510 0.171816 0
7520 0.169048 0
7530 0.165513 0
7540 0.163438 0
7550 0.160727 0
7560 0.159099 0
7570 0.157235 0
7580 0.155683 0
7590 0.155147 0
7600 0.154308 0
7610 0.154339 0
7620 0.154378 0
7630 0.154601 0
7640 0.155424 0
7650 0.1569 0
7660 0.159735 0
7670 0.162804 0
7680 0.16665 0
7690 0.171022 0
7700 0.175686 0
7710 0.180747 0
7720 0.185994 0
7730 0.191084 0
7740 0.196363 0
7750 0.201243 0
7760 0.208723 0
7770 0.222734 0
7780 0.23624 0
7790 0.248871 0
7800 0.261513 0
7810 0.273979 0
7820 0.286971 0
7830 0.298362 0
7840 0.308589 0
7850 0.319292 0
7860 0.330748 0
7870 0.338952 0
7880 0.349144 0
7890 0.357995 0
7900 0.369807 0
7910 0.379119 0
7920 0.387522 0
7930 0.394547 0
7940 0.400202 0
7950 0.405421 0
7960 0.410248 0
7970 0.413739 0
7980 0.416401 0
7990 0.419526 0
8000 0.423087 0
8010 0.427748 0
8020 0.432681 0
8030 0.434784 0
8040 0.436994 0
8050 0.439958 0
8060 0.443628 0
8070 0.442365 0
8080 0.444316 0
8090 0.444694 0
8100 0.444098 0
8110 0.446264 0
8120 0.444094 0
8130 0.445632 0
8140 0.443569 0
8150 0.444297 0
8160 0.44205 0
8170 0.442638 0
8180 0.439198 0
8190 0.434876 0
8200 0.431774 0
8210 0.42779 0
8220 0.424034 0
8230 0.420802 0
8240 0.416296 0
8250 0.412447 0
8260 0.407579 0
8270 0.402692 0
8280 0.398893 0
8290 0.394145 0
8300 0.389483 0
8310 0.386018 0
8320 0.381278 0
8330 0.375781 0
8340 0.371659 0
8350 0.367674 0
8360 0.363996 0
8370 0.359204 0
8380 0.356186 0
8390 0.354155 0
8400 0.352955 0
8410 0.352277 0
8420 0.3518 0
8430 0.351311 0
8440 0.351347 0
8450 0.351923 0
8460 0.352682 0
8470 0.352766 0
8480 0.353376 0
8490 0.355131 0
8500 0.356153 0
8510 0.358722 0
8520 0.3604 0
8530 0.362231 0
8540 0.363911 0
8550 0.365575 0
8560 0.367809 0
8570 0.371409 0
8580 0.375593 0
8590 0.380005 0
8600 0.383029 0
8610 0.386817 0
8620 0.390808 0
8630 0.394584 0
8640 0.398141 0
8650 0.400758 0
8660 0.403237 0
8670 0.404719 0
8680 0.406922 0
8690 0.408788 0
8700 0.41075 0
8710 0.411853 0
8720 0.412884 0
8730 0.414398 0
8740 0.415646 0
8750 0.416606 0
8760 0.417652 0
8770 0.417945 0
8780 0.419902 0
8790 0.421111 0
8800 0.423126 0
8810 0.422565 0
8820 0.42385 0
8830 0.425292 0
8840 0.424576 0
8850 0.425727 0
8860 0.427323 0
8870 0.426937 0
8880 0.428923 0
8890 0.42872 0
8900 0.430153 0
8910 0.430934 0
8920 0.431689 0
8930 0.432112 0
8940 0.432303 0
8950 0.432283 0
8960 0.432986 0
8970 0.432643 0
8980 0.431918 0
8990 0.433264 0
9000 0.431441 0

