3500 2.10219 0
3510 2.10295 0
3520 2.10402 0
3530 2.10525 0
3540 2.10578 0
3550 2.10754 0
3560 2.11641 0
3570 2.11894 0
3580 2.03078 0
3590 1.75352 0
3600 1.69433 0
3610 1.66041 0
3620 1.5251 0
3630 1.44983 0
3640 1.41456 0
3650 1.37762 0
3660 1.33919 0
3670 1.29946 0
3680 1.25834 0
3690 1.21791 0
3700 1.17715 0
3710 1.13728 0
3720 1.10122 0
3730 1.06831 0
3740 1.03964 0
3750 1.01479 0
3760 0.995147 0
3770 0.981793 0
3780 0.976498 0
3790 0.978316 0
3800 0.990206 0
3810 1.03833 0
3820 1.21023 0
3830 1.38253 0
3840 1.54296 0
3850 1.79451 0
3860 2.05698 0
3870 2.29126 0
3880 2.49224 0
3890 2.61426 0
3900 2.71614 0
3910 2.80454 0
3920 2.83913 0
3930 2.82937 0
3940 2.82112 0
3950 2.80963 0
3960 2.80044 0
3970 2.79518 0
3980 2.78116 0
3990 2.75908 0
4000 2.69452 0
4010 2.61538 0
4020 2.5486 0
4030 2.48011 0
4040 2.42737 0
4050 2.39042 0
4060 2.36051 0
4070 2.34398 0
4080 2.33607 0
4090 2.33399 0
4100 2.32687 0
4110 2.31616 0
4120 2.28821 0
4130 2.25605 0
4140 2.22442 0
4150 2.19783 0
4160 2.17075 0
4170 2.15336 0
4180 2.13453 0
4190 2.11866 0
4200 2.11113 0
4210 2.10683 0
4220 2.09775 0
4230 2.08825 0
4240 2.07755 0
4250 2.06608 0
4260 2.05678 0
4270 2.0479 0
4280 2.03599 0
4290 2.02382 0
4300 2.01151 0
4310 1.99801 0
4320 1.98493 0
4330 1.97708 0
4340 1.96659 0
4350 1.95507 0
4360 1.94293 0
4370 1.9239 0
4380 1.89581 0
4390 1.89096 0
4400 1.88668 0
4410 1.88088 0
4420 1.88414 0
4430 1.88989 0
4440 1.89741 0
4450 1.90808 0
4460 1.92159 0
4470 1.92356 0
4480 1.92072 0
4490 1.91559 0
4500 1.9012 0
4510 1.88067 0
4520 1.87152 0
4530 1.85839 0
4540 1.83727 0
4550 1.80412 0
4560 1.76944 0
4570 1.76293 0
4580 1.7717 0
4590 1.78302 0
4600 1.78699 0
4610 1.78833 0
4620 1.78675 0
4630 1.77697 0
4640 1.75031 0
4650 1.70166 0
4660 1.62302 0
4670 1.60228 0
4680 1.60794 0
4690 1.62523 0
4700 1.64953 0
4710 1.67835 0
4720 1.7096 0
4730 1.73781 0
4740 1.76009 0
4750 1.75978 0
4760 1.69999 0
4770 1.63646 0
4780 1.62948 0
4790 1.6258 0
4800 1.62965 0
4810 1.63124 0
4820 1.62843 0
4830 1.60825 0
4840 1.59446 0
4850 1.56259 0
4860 1.53341 0
4870 1.47678 0
4880 1.48788 0
4890 1.50729 0
4900 1.53191 0
4910 1.56307 0
4920 1.59774 0
4930 1.62314 0
4940 1.6546 0
4950 1.69829 0
4960 1.73514 0
4970 1.7428 0
4980 1.74325 0
4990 1.7434 0
5000 1.73529 0
5010 1.7128 0
5020 1.67499 0
5030 1.61434 0
5040 1.5413 0
5050 1.51586 0
5060 1.52334 0
5070 1.53588 0
5080 1.55326 0
5090 1.5715 0
5100 1.59322 0
5110 1.61615 0
5120 1.64107 0
5130 1.66459 0
5140 1.66121 0
5150 1.61017 0
5160 1.57516 0
5170 1.5344 0
5180 1.49422 0
5190 1.48924 0
5200 1.48149 0
5210 1.47504 0
5220 1.46386 0
5230 1.44319 0
5240 1.40185 0
5250 1.3315 0
5260 1.23802 0
5270 1.18977 0
5280 1.11441 0
5290 1.09799 0
5300 1.10346 0
5310 1.1362 0
5320 1.17331 0
5330 1.21027 0
5340 1.2591 0
5350 1.31877 0
5360 1.37185 0
5370 1.4107 0
5380 1.43773 0
5390 1.42933 0
5400 1.42092 0
5410 1.39856 0
5420 1.36454 0
5430 1.32433 0
5440 1.28509 0
5450 1.23064 0
5460 1.16407 0
5470 1.14541 0
5480 1.15277 0
5490 1.18974 0
5500 1.24071 0
5510 1.29446 0
5520 1.34822 0
5530 1.40439 0
5540 1.45283 0
5550 1.50204 0
5560 1.55128 0
5570 1.58496 0
5580 1.60279 0
5590 1.60799 0
5600 1.59792 0
5610 1.58659 0
5620 1.57503 0
5630 1.5628 0
5640 1.55207 0
5650 1.54479 0
5660 1.53718 0
5670 1.52904 0
5680 1.52259 0
5690 1.51466 0
5700 1.50231 0
5710 1.49001 0
5720 1.4779 0
5730 1.45875 0
5740 1.43726 0
5750 1.41312 0
5760 1.38767 0
5770 1.3683 0
5780 1.35326 0
5790 1.34153 0
5800 1.33241 0
5810 1.32516 0
5820 1.31943 0
5830 1.31487 0
5840 1.31067 0
5850 1.30684 0
5860 1.30325 0
5870 1.29953 0
5880 1.29402 0
5890 1.28776 0
5900 1.28212 0
5910 1.2781 0
5920 1.27363 0
5930 1.26945 0
5940 1.26543 0
5950 1.26168 0
5960 1.25815 0
5970 1.25485 0
5980 1.25173 0
5990 1.24871 0
6000 1.24576 0
6010 1.24199 0
6020 1.2368 0
6030 1.23105 0
6040 1.22441 0
6050 1.21601 0
6060 1.20545 0
6070 1.19165 0
6080 1.17305 0
6090 1.1507 0
6100 1.13022 0
6110 1.11122 0
6120 1.10928 0
6130 1.11002 0
6140 1.11176 0
6150 1.11495 0
6160 1.11923 0
6170 1.12464 0
6180 1.13124 0
6190 1.13851 0
6200 1.15037 0
6210 1.16081 0
6220 1.17009 0
6230 1.17134 0
6240 1.16819 0
6250 1.16504 0
6260 1.16216 0
6270 1.15934 0
6280 1.15695 0
6290 1.15452 0
6300 1.15198 0
6310 1.14922 0
6320 1.14405 0
6330 1.13974 0
6340 1.13635 0
6350 1.13267 0
6360 1.12928 0
6370 1.12594 0
6380 1.12248 0
6390 1.11808 0
6400 1.11373 0
6410 1.10735 0
6420 1.10096 0
6430 1.09539 0
6440 1.09051 0
6450 1.08542 0
6460 1.08059 0
6470 1.07608 0
6480 1.07182 0
6490 1.06776 0
6500 1.06342 0
6510 1.05922 0
6520 1.05521 0
6530 1.05137 0
6540 1.04766 0
6550 1.04405 0
6560 1.04055 0
6570 1.03705 0
6580 1.03364 0
6590 1.03022 0
6600 1.02683 0
6610 1.02348 0
6620 1.02015 0
6630 1.01676 0
6640 1.01321 0
6650 1.0097 0
6660 1.00623 0
6670 1.00277 0
6680 0.999299 0
6690 0.995801 0
6700 0.992233 0
6710 0.988542 0
6720 0.984654 0
6730 0.98046 0
6740 0.975813 0
6750 0.97051 0
6760 0.964315 0
6770 0.960855 0
6780 0.958059 0
6790 0.955376 0
6800 0.952771 0
6810 0.950293 0
6820 0.947901 0
6830 0.945689 0
6840 0.94361 0
6850 0.941748 0
6860 0.940024 0
6870 0.938386 0
6880 0.936744 0
6890 0.934774 0
6900 0.930984 0
6910 0.926781 0
6920 0.923172 0
6930 0.919596 0
6940 0.916542 0
6950 0.913735 0
6960 0.910955 0
6970 0.908155 0
6980 0.905426 0
6990 0.902689 0
7000 0.899887 0
7010 0.897068 0
7020 0.894095 0
7030 0.891641 0
7040 0.88962 0
7050 0.887178 0
7060 0.884548 0
7070 0.881602 0
7080 0.878466 0
7090 0.874983 0
7100 0.870995 0
7110 0.868044 0
7120 0.865341 0
7130 0.862797 0
7140 0.860373 0
7150 0.85813 0
7160 0.855667 0
7170 0.853061 0
7180 0.850503 0
7190 0.848058 0
7200 0.845657 0
7210 0.843354 0
7220 0.84111 0
7230 0.83896 0
7240 0.836434 0
7250 0.833594 0
7260 0.830706 0
7270 0.827773 0
7280 0.824764 0
7290 0.821741 0
7300 0.818643 0
7310 0.815457 0
7320 0.812051 0
7330 0.808408 0
7340 0.804395 0
7350 0.800593 0
7360 0.798141 0
7370 0.795638 0
7380 0.793147 0
7390 0.790724 0
7400 0.78836 0
7410 0.786039 0
7420 0.783769 0
7430 0.781527 0
7440 0.779223 0
7450 0.776804 0
7460 0.774285 0
7470 0.771498 0
7480 0.769688 0
7490 0.767712 0
7500 0.765325 0
7510 0.762975 0
7520 0.760665 0
7530 0.758415 0
7540 0.75624 0
7550 0.754102 0
7560 0.752071 0
7570 0.750063 0
7580 0.748142 0
7590 0.746272 0
7600 0.744537 0
7610 0.742755 0
7620 0.740538 0
7630 0.738027 0
7640 0.735473 0
7650 0.732883 0
7660 0.730176 0
7670 0.727328 0
7680 0.724291 0
7690 0.720996 0
7700 0.717263 0
7710 0.712863 0
7720 0.70905 0
7730 0.706611 0
7740 0.703928 0
7750 0.701359 0
7760 0.698959 0
7770 0.694722 0
7780 0.688534 0
7790 0.682347 0
7800 0.677397 0
7810 0.675443 0
7820 0.6736 0
7830 0.671887 0
7840 0.67022 0
7850 0.66852 0
7860 0.666847 0
7870 0.664184 0
7880 0.660043 0
7890 0.654813 0
7900 0.649745 0
7910 0.645092 0
7920 0.641941 0
7930 0.638773 0
7940 0.635603 0
7950 0.632308 0
7960 0.628965 0
7970 0.625511 0
7980 0.621931 0
7990 0.618143 0
8000 0.614113 0
8010 0.609743 0
8020 0.604824 0
8030 0.599358 0
8040 0.593002 0
8050 0.587221 0
8060 0.584387 0
8070 0.581592 0
8080 0.578851 0
8090 0.576115 0
8100 0.573286 0
8110 0.570651 0
8120 0.568236 0
8130 0.565963 0
8140 0.56397 0
8150 0.562154 0
8160 0.560602 0
8170 0.559376 0
8180 0.55812 0
8190 0.557357 0
8200 0.556009 0
8210 0.553147 0
8220 0.55033 0
8230 0.547866 0
8240 0.5459 0
8250 0.543976 0
8260 0.542214 0
8270 0.542077 0
8280 0.545713 0
8290 0.549139 0
8300 0.552472 0
8310 0.555672 0
8320 0.558741 0
8330 0.561602 0
8340 0.564299 0
8350 0.566925 0
8360 0.569246 0
8370 0.571484 0
8380 0.573474 0
8390 0.576969 0
8400 0.581446 0
8410 0.585468 0
8420 0.589082 0
8430 0.590738 0
8440 0.591292 0
8450 0.59151 0
8460 0.591659 0
8470 0.591751 0
8480 0.59186 0
8490 0.591782 0
8500 0.591843 0
8510 0.591591 0
8520 0.591278 0
8530 0.590744 0
8540 0.59004 0
8550 0.588049 0
8560 0.585633 0
8570 0.583143 0
8580 0.58061 0
8590 0.578616 0
8600 0.576884 0
8610 0.575007 0
8620 0.573374 0
8630 0.571514 0
8640 0.569714 0
8650 0.567987 0
8660 0.566302 0
8670 0.564263 0
8680 0.561926 0
8690 0.559688 0
8700 0.557503 0
8710 0.555326 0
8720 0.553214 0
8730 0.551166 0
8740 0.549125 0
8750 0.546735 0
8760 0.544385 0
8770 0.542075 0
8780 0.539768 0
8790 0.537331 0
8800 0.534733 0
8810 0.532119 0
8820 0.529569 0
8830 0.527028 0
8840 0.524524 0
8850 0.522075 0
8860 0.51966 0
8870 0.517271 0
8880 0.514927 0
8890 0.512614 0
8900 0.510345 0
8910 0.50809 0
8920 0.505877 0
8930 0.503723 0
8940 0.501583 0
8950 0.499509 0
8960 0.497447 0
8970 0.495422 0
8980 0.493435 0
8990 0.491461 0
9000 0.489468 0

