3300 2.28282 0
3310 1.94711 0
3320 1.56974 0
3330 1.22875 0
3340 0.946137 0
3350 0.670719 0
3360 0.583491 0
3370 0.568995 0
3380 0.530348 0
3390 0.506213 0
3400 0.499891 0
3410 0.499497 0
3420 0.507499 0
3430 0.522587 0
3440 0.539602 0
3450 0.562405 0
3460 0.585069 0
3470 0.611987 0
3480 0.640949 0
3490 0.672374 0
3500 0.702968 0
3510 0.749461 0
3520 0.797093 0
3530 0.926268 0
3540 1.10563 0
3550 1.27102 0
3560 1.4101 0
3570 1.59358 0
3580 1.80439 0
3590 1.97454 0
3600 2.13274 0
3610 2.29397 0
3620 2.43271 0
3630 2.56743 0
3640 2.67947 0
3650 2.80352 0
3660 2.88281 0
3670 2.97186 0
3680 3.02878 0
3690 3.07967 0
3700 3.09145 0
3710 3.10695 0
3720 3.11272 0
3730 3.10532 0
3740 3.10888 0
3750 3.09763 0
3760 3.10139 0
3770 3.10735 0
3780 3.11798 0
3790 3.10381 0
3800 3.09028 0
3810 3.06464 0
3820 3.04628 0
3830 2.99461 0
3840 2.96323 0
3850 2.91205 0
3860 2.85621 0
3870 2.81545 0
3880 2.78048 0
3890 2.80958 0
3900 2.84748 0
3910 2.88013 0
3920 2.92998 0
3930 2.95959 0
3940 2.99752 0
3950 3.02376 0
3960 3.05171 0
3970 3.08584 0
3980 3.12331 0
3990 3.16177 0
4000 3.17791 0
4010 3.21623 0
4020 3.23777 0
4030 3.25571 0
4040 3.27357 0
4050 3.29175 0
4060 3.30848 0
4070 3.2875 0
4080 3.22721 0
4090 3.15808 0
4100 3.07871 0
4110 2.9621 0
4120 2.86522 0
4130 2.73563 0
4140 2.62142 0
4150 2.47767 0
4160 2.35783 0
4170 2.20244 0
4180 2.08514 0
4190 1.95371 0
4200 1.83531 0
4210 1.72257 0
4220 1.63844 0
4230 1.54192 0
4240 1.45805 0
4250 1.38224 0
4260 1.31943 0
4270 1.26613 0
4280 1.22274 0
4290 1.19154 0
4300 1.16987 0
4310 1.16181 0
4320 1.21731 0
4330 1.30101 0
4340 1.38145 0
4350 1.44897 0
4360 1.52321 0
4370 1.59805 0
4380 1.67662 0
4390 1.74154 0
4400 1.80596 0
4410 1.8697 0
4420 1.91696 0
4430 1.97642 0
4440 2.02022 0
4450 2.07739 0
4460 2.11204 0
4470 2.1473 0
4480 2.18115 0
4490 2.21197 0
4500 2.23908 0
4510 2.26476 0
4520 2.28928 0
4530 2.31012 0
4540 2.31105 0
4550 2.32546 0
4560 2.3407 0
4570 2.33539 0
4580 2.34697 0
4590 2.34526 0
4600 2.3714 0
4610 2.38847 0
4620 2.42547 0
4630 2.43674 0
4640 2.44909 0
4650 2.47862 0
4660 2.49458 0
4670 2.50073 0
4680 2.51087 0
4690 2.53035 0
4700 2.53746 0
4710 2.54781 0
4720 2.54799 0
4730 2.54792 0
4740 2.55551 0
4750 2.55478 0
4760 2.55363 0
4770 2.55231 0
4780 2.55042 0
4790 2.54882 0
4800 2.54654 0
4810 2.545 0
4820 2.53124 0
4830 2.52941 0
4840 2.52801 0
4850 2.51488 0
4860 2.51282 0
4870 2.50011 0
4880 2.49843 0
4890 2.48569 0
4900 2.48031 0
4910 2.46924 0
4920 2.46441 0
4930 2.45094 0
4940 2.43949 0
4950 2.43358 0
4960 2.41963 0
4970 2.40512 0
4980 2.39281 0
4990 2.37857 0
5000 2.37136 0
5010 2.3561 0
5020 2.34101 0
5030 2.32551 0
5040 2.31012 0
5050 2.29417 0
5060 2.27752 0
5070 2.26102 0
5080 2.2437 0
5090 2.22688 0
5100 2.20932 0
5110 2.19141 0
5120 2.17294 0
5130 2.15382 0
5140 2.13365 0
5150 2.11354 0
5160 2.0929 0
5170 2.07238 0
5180 2.05146 0
5190 2.03035 0
5200 2.00924 0
5210 1.98795 0
5220 1.96655 0
5230 1.94492 0
5240 1.92289 0
5250 1.90072 0
5260 1.87853 0
5270 1.85612 0
5280 1.83363 0
5290 1.81134 0
5300 1.78881 0
5310 1.76601 0
5320 1.74301 0
5330 1.71974 0
5340 1.69641 0
5350 1.67333 0
5360 1.65409 0
5370 1.64158 0
5380 1.62848 0
5390 1.61772 0
5400 1.60649 0
5410 1.59367 0
5420 1.58298 0
5430 1.57428 0
5440 1.56766 0
5450 1.54858 0
5460 1.52545 0
5470 1.49054 0
5480 1.46053 0
5490 1.42724 0
5500 1.39258 0
5510 1.35831 0
5520 1.32354 0
5530 1.28888 0
5540 1.25301 0
5550 1.21923 0
5560 1.18305 0
5570 1.14697 0
5580 1.11186 0
5590 1.07213 0
5600 1.03634 0
5610 1.00914 0
5620 0.980831 0
5630 0.95914 0
5640 0.929223 0
5650 0.881796 0
5660 0.8364 0
5670 0.789723 0
5680 0.7463 0
5690 0.700899 0
5700 0.656008 0
5710 0.616107 0
5720 0.573553 0
5730 0.536799 0
5740 0.497965 0
5750 0.461259 0
5760 0.426142 0
5770 0.396689 0
5780 0.365464 0
5790 0.338131 0
5800 0.314655 0
5810 0.302638 0
5820 0.296842 0
5830 0.293035 0
5840 0.291929 0
5850 0.293618 0
5860 0.298124 0
5870 0.304366 0
5880 0.313001 0
5890 0.323536 0
5900 0.335509 0
5910 0.34973 0
5920 0.364734 0
5930 0.381594 0
5940 0.399236 0
5950 0.418428 0
5960 0.43808 0
5970 0.459257 0
5980 0.481204 0
5990 0.519355 0
6000 0.566179 0
6010 0.611141 0
6020 0.653817 0
6030 0.69688 0
6040 0.735116 0
6050 0.77304 0
6060 0.810292 0
6070 0.8474 0
6080 0.883706 0
6090 0.913008 0
6100 0.941621 0
6110 0.975296 0
6120 1.00241 0
6130 1.02834 0
6140 1.05355 0
6150 1.0777 0
6160 1.10128 0
6170 1.12411 0
6180 1.14697 0
6190 1.16893 0
6200 1.18867 0
6210 1.19963 0
6220 1.20737 0
6230 1.2067 0
6240 1.20989 0
6250 1.21233 0
6260 1.20686 0
6270 1.20441 0
6280 1.19613 0
6290 1.19006 0
6300 1.18519 0
6310 1.16834 0
6320 1.15275 0
6330 1.1393 0
6340 1.1209 0
6350 1.10467 0
6360 1.08239 0
6370 1.06221 0
6380 1.04369 0
6390 1.02122 0
6400 0.998053 0
6410 0.97803 0
6420 0.952295 0
6430 0.928098 0
6440 0.904029 0
6450 0.883576 0
6460 0.858099 0
6470 0.834668 0
6480 0.812178 0
6490 0.790307 0
6500 0.769721 0
6510 0.753706 0
6520 0.734743 0
6530 0.717066 0
6540 0.701387 0
6550 0.687216 0
6560 0.674927 0
6570 0.664563 0
6580 0.65762 0
6590 0.669628 0
6600 0.682162 0
6610 0.697334 0
6620 0.711501 0
6630 0.723956 0
6640 0.741746 0
6650 0.75611 0
6660 0.765965 0
6670 0.781278 0
6680 0.797888 0
6690 0.808894 0
6700 0.820361 0
6710 0.83783 0
6720 0.849613 0
6730 0.861429 0
6740 0.873193 0
6750 0.88506 0
6760 0.89713 0
6770 0.909091 0
6780 0.921011 0
6790 0.932465 0
6800 0.944044 0
6810 0.949898 0
6820 0.960896 0
6830 0.971972 0
6840 0.98371 0
6850 0.987664 0
6860 0.997431 0
6870 1.00957 0
6880 1.01165 0
6890 1.02208 0
6900 1.02431 0
6910 1.03345 0
6920 1.03566 0
6930 1.04514 0
6940 1.04571 0
6950 1.04811 0
6960 1.05438 0
6970 1.05624 0
6980 1.0635 0
6990 1.06263 0
7000 1.0635 0
7010 1.06973 0
7020 1.0678 0
7030 1.06782 0
7040 1.07466 0
7050 1.07114 0
7060 1.06887 0
7070 1.06735 0
7080 1.06591 0
7090 1.0686 0
7100 1.06288 0
7110 1.05813 0
7120 1.04958 0
7130 1.03537 0
7140 1.01937 0
7150 1.01127 0
7160 0.993148 0
7170 0.972875 0
7180 0.954109 0
7190 0.937109 0
7200 0.916053 0
7210 0.897091 0
7220 0.872293 0
7230 0.847319 0
7240 0.820798 0
7250 0.794718 0
7260 0.767219 0
7270 0.739469 0
7280 0.7144 0
7290 0.690208 0
7300 0.667122 0
7310 0.644007 0
7320 0.621684 0
7330 0.596981 0
7340 0.574703 0
7350 0.553048 0
7360 0.530694 0
7370 0.508164 0
7380 0.485974 0
7390 0.466515 0
7400 0.446691 0
7410 0.428094 0
7420 0.409789 0
7430 0.392357 0
7440 0.375399 0
7450 0.359398 0
7460 0.343907 0
7470 0.328988 0
7480 0.314999 0
7490 0.301942 0
7500 0.289627 0
7510 0.278 0
7520 0.26748 0
7530 0.257565 0
7540 0.248593 0
7550 0.240438 0
7560 0.23324 0
7570 0.227256 0
7580 0.221948 0
7590 0.222138 0
7600 0.223076 0
7610 0.225068 0
7620 0.227973 0
7630 0.231211 0
7640 0.235214 0
7650 0.239516 0
7660 0.24265 0
7670 0.24548 0
7680 0.247979 0
7690 0.257259 0
7700 0.277596 0
7710 0.298961 0
7720 0.31787 0
7730 0.337284 0
7740 0.358735 0
7750 0.375751 0
7760 0.393854 0
7770 0.411454 0
7780 0.429959 0
7790 0.446073 0
7800 0.462432 0
7810 0.479117 0
7820 0.49456 0
7830 0.508904 0
7840 0.524928 0
7850 0.5387 0
7860 0.550277 0
7870 0.563074 0
7880 0.57543 0
7890 0.586795 0
7900 0.597628 0
7910 0.608868 0
7920 0.620357 0
7930 0.631688 0
7940 0.643209 0
7950 0.655653 0
7960 0.66399 0
7970 0.672782 0
7980 0.68338 0
7990 0.695225 0
8000 0.702912 0
8010 0.710624 0
8020 0.72215 0
8030 0.729244 0
8040 0.734853 0
8050 0.732602 0
8060 0.732515 0
8070 0.730725 0
8080 0.729024 0
8090 0.727252 0
8100 0.725042 0
8110 0.723771 0
8120 0.72149 0
8130 0.719498 0
8140 0.717578 0
8150 0.715666 0
8160 0.71408 0
8170 0.710743 0
8180 0.709955 0
8190 0.706361 0
8200 0.705024 0
8210 0.703654 0
8220 0.700221 0
8230 0.699052 0
8240 0.69653 0
8250 0.69302 0
8260 0.691483 0
8270 0.689275 0
8280 0.684563 0
8290 0.68203 0
8300 0.677696 0
8310 0.67227 0
8320 0.667428 0
8330 0.664096 0
8340 0.659538 0
8350 0.653962 0
8360 0.648795 0
8370 0.645459 0
8380 0.641311 0
8390 0.63729 0
8400 0.632417 0
8410 0.629064 0
8420 0.626813 0
8430 0.624012 0
8440 0.621389 0
8450 0.617899 0
8460 0.613887 0
8470 0.61035 0
8480 0.608111 0
8490 0.605497 0
8500 0.602585 0
8510 0.600257 0
8520 0.597138 0
8530 0.593936 0
8540 0.590597 0
8550 0.58736 0
8560 0.583781 0
8570 0.580718 0
8580 0.578622 0
8590 0.577042 0
8600 0.574997 0
8610 0.572447 0
8620 0.570653 0
8630 0.568759 0
8640 0.567862 0
8650 0.565499 0
8660 0.563831 0
8670 0.56188 0
8680 0.559231 0
8690 0.557356 0
8700 0.554252 0
8710 0.552264 0
8720 0.550036 0
8730 0.547317 0
8740 0.545216 0
8750 0.543748 0
8760 0.542099 0
8770 0.53922 0
8780 0.536772 0
8790 0.535568 0
8800 0.533959 0
8810 0.531741 0
8820 0.531186 0
8830 0.529983 0
8840 0.528448 0
8850 0.526811 0
8860 0.524627 0
8870 0.523669 0
8880 0.523074 0
8890 0.520555 0
8900 0.519296 0
8910 0.516551 0
8920 0.515729 0
8930 0.513451 0
8940 0.511849 0
8950 0.509265 0
8960 0.508034 0
8970 0.505773 0
8980 0.50321 0
8990 0.500843 0
9000 0.499665 0

