3500 0.0707986 0
3510 0.0775498 0
3520 0.0865745 0
3530 0.0973398 0
3540 0.108856 0
3550 0.118788 0
3560 0.111875 0
3570 0.103101 0
3580 0.0971443 0
3590 0.0929284 0
3600 0.091854 0
3610 0.0927385 0
3620 0.0953268 0
3630 0.100481 0
3640 0.108147 0
3650 0.119444 0
3660 0.129219 0
3670 0.136439 0
3680 0.145587 0
3690 0.156098 0
3700 0.16683 0
3710 0.179864 0
3720 0.196186 0
3730 0.216061 0
3740 0.238911 0
3750 0.264969 0
3760 0.292284 0
3770 0.31906 0
3780 0.349794 0
3790 0.371717 0
3800 0.367103 0
3810 0.357541 0
3820 0.350457 0
3830 0.348156 0
3840 0.350166 0
3850 0.35576 0
3860 0.364743 0
3870 0.377173 0
3880 0.393254 0
3890 0.413518 0
3900 0.436731 0
3910 0.425506 0
3920 0.382972 0
3930 0.347061 0
3940 0.316527 0
3950 0.292911 0
3960 0.272191 0
3970 0.26005 0
3980 0.25311 0
3990 0.25064 0
4000 0.246385 0
4010 0.234876 0
4020 0.225741 0
4030 0.21859 0
4040 0.215976 0
4050 0.207996 0
4060 0.203223 0
4070 0.196047 0
4080 0.189901 0
4090 0.188108 0
4100 0.184831 0
4110 0.182372 0
4120 0.182305 0
4130 0.178958 0
4140 0.172787 0
4150 0.167519 0
4160 0.160254 0
4170 0.154784 0
4180 0.152572 0
4190 0.151458 0
4200 0.154306 0
4210 0.160929 0
4220 0.169964 0
4230 0.181082 0
4240 0.195947 0
4250 0.213344 0
4260 0.233144 0
4270 0.258511 0
4280 0.285914 0
4290 0.316836 0
4300 0.352033 0
4310 0.390978 0
4320 0.434319 0
4330 0.482362 0
4340 0.531826 0
4350 0.582262 0
4360 0.631572 0
4370 0.682501 0
4380 0.718012 0
4390 0.762159 0
4400 0.814014 0
4410 0.874227 0
4420 0.940268 0
4430 1.01353 0
4440 1.08247 0
4450 1.16082 0
4460 1.23291 0
4470 1.27653 0
4480 1.28843 0
4490 1.30569 0
4500 1.31638 0
4510 1.31673 0
4520 1.32425 0
4530 1.33199 0
4540 1.33198 0
4550 1.32583 0
4560 1.31255 0
4570 1.288 0
4580 1.26815 0
4590 1.25475 0
4600 1.24608 0
4610 1.24235 0
4620 1.23502 0
4630 1.2288 0
4640 1.23494 0
4650 1.24619 0
4660 1.27994 0
4670 1.30305 0
4680 1.32763 0
4690 1.34419 0
4700 1.35083 0
4710 1.36311 0
4720 1.34653 0
4730 1.27146 0
4740 1.21564 0
4750 1.16214 0
4760 1.09183 0
4770 1.03376 0
4780 0.995012 0
4790 0.954963 0
4800 0.912592 0
4810 0.877127 0
4820 0.845081 0
4830 0.813425 0
4840 0.78377 0
4850 0.758889 0
4860 0.738407 0
4870 0.724139 0
4880 0.717067 0
4890 0.714365 0
4900 0.711565 0
4910 0.71088 0
4920 0.713512 0
4930 0.717152 0
4940 0.722109 0
4950 0.730424 0
4960 0.742361 0
4970 0.758532 0
4980 0.778964 0
4990 0.80229 0
5000 0.827909 0
5010 0.857133 0
5020 0.888514 0
5030 0.927273 0
5040 0.973938 0
5050 1.02866 0
5060 1.0916 0
5070 1.1912 0
5080 1.28678 0
5090 1.37274 0
5100 1.45328 0
5110 1.54342 0
5120 1.61866 0
5130 1.6768 0
5140 1.70018 0
5150 1.71188 0
5160 1.72837 0
5170 1.74322 0
5180 1.76875 0
5190 1.81699 0
5200 1.86486 0
5210 1.91251 0
5220 1.97454 0
5230 2.02878 0
5240 2.0628 0
5250 2.06359 0
5260 2.04071 0
5270 2.05084 0
5280 2.04869 0
5290 2.09007 0
5300 2.14497 0
5310 2.22327 0
5320 2.2954 0
5330 2.35539 0
5340 2.39387 0
5350 2.43715 0
5360 2.44699 0
5370 2.43628 0
5380 2.39274 0
5390 2.33836 0
5400 2.28824 0
5410 2.23069 0
5420 2.14318 0
5430 2.04507 0
5440 1.95675 0
5450 1.85163 0
5460 1.70983 0
5470 1.6088 0
5480 1.53524 0
5490 1.50126 0
5500 1.48762 0
5510 1.46908 0
5520 1.45571 0
5530 1.44097 0
5540 1.41301 0
5550 1.37635 0
5560 1.33458 0
5570 1.27909 0
5580 1.22162 0
5590 1.16471 0
5600 1.11331 0
5610 1.06512 0
5620 1.02008 0
5630 0.975062 0
5640 0.933411 0
5650 0.896889 0
5660 0.860432 0
5670 0.826441 0
5680 0.796382 0
5690 0.768051 0
5700 0.742943 0
5710 0.723341 0
5720 0.704189 0
5730 0.685311 0
5740 0.670712 0
5750 0.662335 0
5760 0.656713 0
5770 0.654373 0
5780 0.656945 0
5790 0.665568 0
5800 0.679571 0
5810 0.705528 0
5820 0.742319 0
5830 0.796996 0
5840 0.853917 0
5850 0.912873 0
5860 0.980893 0
5870 1.04598 0
5880 1.1096 0
5890 1.17557 0
5900 1.23608 0
5910 1.26709 0
5920 1.28941 0
5930 1.30873 0
5940 1.31911 0
5950 1.32877 0
5960 1.33177 0
5970 1.31738 0
5980 1.29804 0
5990 1.28687 0
6000 1.27275 0
6010 1.24901 0
6020 1.22232 0
6030 1.2103 0
6040 1.20025 0
6050 1.18709 0
6060 1.17429 0
6070 1.15875 0
6080 1.13389 0
6090 1.10439 0
6100 1.08131 0
6110 1.05548 0
6120 1.03821 0
6130 1.0276 0
6140 1.02014 0
6150 1.01414 0
6160 1.0092 0
6170 1.00458 0
6180 0.99159 0
6190 0.976368 0
6200 0.959201 0
6210 0.937025 0
6220 0.909697 0
6230 0.885037 0
6240 0.865841 0
6250 0.849787 0
6260 0.837077 0
6270 0.826539 0
6280 0.816437 0
6290 0.811447 0
6300 0.819196 0
6310 0.829766 0
6320 0.84334 0
6330 0.857665 0
6340 0.868744 0
6350 0.878029 0
6360 0.897402 0
6370 0.906843 0
6380 0.900391 0
6390 0.896743 0
6400 0.905808 0
6410 0.920091 0
6420 0.930468 0
6430 0.938647 0
6440 0.941713 0
6450 0.939832 0
6460 0.937002 0
6470 0.935953 0
6480 0.935406 0
6490 0.928112 0
6500 0.919555 0
6510 0.91604 0
6520 0.914909 0
6530 0.912304 0
6540 0.909232 0
6550 0.905371 0
6560 0.895137 0
6570 0.878499 0
6580 0.868232 0
6590 0.864153 0
6600 0.857045 0
6610 0.850428 0
6620 0.853832 0
6630 0.857762 0
6640 0.859661 0
6650 0.859488 0
6660 0.855202 0
6670 0.850368 0
6680 0.847839 0
6690 0.845931 0
6700 0.838674 0
6710 0.828038 0
6720 0.822032 0
6730 0.817412 0
6740 0.811011 0
6750 0.806711 0
6760 0.803221 0
6770 0.803528 0
6780 0.809368 0
6790 0.827968 0
6800 0.849191 0
6810 0.868634 0
6820 0.885132 0
6830 0.90018 0
6840 0.913081 0
6850 0.923157 0
6860 0.928868 0
6870 0.930317 0
6880 0.922816 0
6890 0.906959 0
6900 0.888365 0
6910 0.87383 0
6920 0.864738 0
6930 0.854389 0
6940 0.844082 0
6950 0.833789 0
6960 0.824001 0
6970 0.812183 0
6980 0.800132 0
6990 0.79689 0
7000 0.797413 0
7010 0.798264 0
7020 0.797587 0
7030 0.795875 0
7040 0.795345 0
7050 0.794904 0
7060 0.794187 0
7070 0.794222 0
7080 0.796923 0
7090 0.799539 0
7100 0.802721 0
7110 0.807022 0
7120 0.81084 0
7130 0.817219 0
7140 0.822598 0
7150 0.827493 0
7160 0.831397 0
7170 0.831772 0
7180 0.828901 0
7190 0.823552 0
7200 0.815616 0
7210 0.806137 0
7220 0.797302 0
7230 0.784762 0
7240 0.768946 0
7250 0.750918 0
7260 0.734381 0
7270 0.720549 0
7280 0.707761 0
7290 0.695877 0
7300 0.686725 0
7310 0.678043 0
7320 0.668766 0
7330 0.661989 0
7340 0.6627 0
7350 0.66542 0
7360 0.667916 0
7370 0.669026 0
7380 0.670361 0
7390 0.67161 0
7400 0.672484 0
7410 0.673683 0
7420 0.676758 0
7430 0.677887 0
7440 0.676231 0
7450 0.676183 0
7460 0.675502 0
7470 0.675841 0
7480 0.678374 0
7490 0.681612 0
7500 0.685274 0
7510 0.687664 0
7520 0.689234 0
7530 0.690672 0
7540 0.690217 0
7550 0.688669 0
7560 0.687517 0
7570 0.687236 0
7580 0.686571 0
7590 0.689413 0
7600 0.695506 0
7610 0.704232 0
7620 0.713429 0
7630 0.723849 0
7640 0.735383 0
7650 0.746316 0
7660 0.758177 0
7670 0.771409 0
7680 0.783941 0
7690 0.79305 0
7700 0.799971 0
7710 0.809008 0
7720 0.820795 0
7730 0.834511 0
7740 0.846208 0
7750 0.858527 0
7760 0.87004 0
7770 0.87647 0
7780 0.879076 0
7790 0.881743 0
7800 0.887485 0
7810 0.889724 0
7820 0.888517 0
7830 0.884003 0
7840 0.879669 0
7850 0.874945 0
7860 0.869884 0
7870 0.864267 0
7880 0.856322 0
7890 0.847192 0
7900 0.838205 0
7910 0.831885 0
7920 0.825408 0
7930 0.818757 0
7940 0.811414 0
7950 0.803819 0
7960 0.795873 0
7970 0.787845 0
7980 0.779808 0
7990 0.771546 0
8000 0.762468 0
8010 0.752262 0
8020 0.741836 0
8030 0.732514 0
8040 0.721578 0
8050 0.709515 0
8060 0.702745 0
8070 0.697673 0
8080 0.692572 0
8090 0.687576 0
8100 0.682692 0
8110 0.678179 0
8120 0.671955 0
8130 0.664469 0
8140 0.655766 0
8150 0.649465 0
8160 0.642305 0
8170 0.630171 0
8180 0.616281 0
8190 0.602301 0
8200 0.591992 0
8210 0.582799 0
8220 0.574165 0
8230 0.566259 0
8240 0.559348 0
8250 0.553089 0
8260 0.546926 0
8270 0.54162 0
8280 0.541793 0
8290 0.542265 0
8300 0.542665 0
8310 0.543089 0
8320 0.543097 0
8330 0.542964 0
8340 0.543038 0
8350 0.542532 0
8360 0.542021 0
8370 0.541223 0
8380 0.539819 0
8390 0.537402 0
8400 0.536601 0
8410 0.53575 0
8420 0.532114 0
8430 0.527649 0
8440 0.522313 0
8450 0.519123 0
8460 0.516047 0
8470 0.513632 0
8480 0.510846 0
8490 0.507741 0
8500 0.503734 0
8510 0.4983 0
8520 0.493435 0
8530 0.4888 0
8540 0.4842 0
8550 0.479596 0
8560 0.476755 0
8570 0.475131 0
8580 0.471272 0
8590 0.467183 0
8600 0.463169 0
8610 0.461629 0
8620 0.460241 0
8630 0.45886 0
8640 0.457575 0
8650 0.458647 0
8660 0.460062 0
8670 0.460777 0
8680 0.460388 0
8690 0.460007 0
8700 0.463449 0
8710 0.469011 0
8720 0.474565 0
8730 0.480418 0
8740 0.486571 0
8750 0.492715 0
8760 0.497543 0
8770 0.500323 0
8780 0.502982 0
8790 0.502313 0
8800 0.501501 0
8810 0.499255 0
8820 0.497177 0
8830 0.493519 0
8840 0.489063 0
8850 0.484128 0
8860 0.479512 0
8870 0.473192 0
8880 0.466887 0
8890 0.460334 0
8900 0.455097 0
8910 0.449697 0
8920 0.443725 0
8930 0.437206 0
8940 0.430235 0
8950 0.423273 0
8960 0.416985 0
8970 0.41383 0
8980 0.410902 0
8990 0.407935 0
9000 0.404901 0

