3300 2.38637 0
3310 2.02849 0
3320 1.63551 0
3330 1.28137 0
3340 0.984543 0
3350 0.696341 0
3360 0.581287 0
3370 0.542107 0
3380 0.483845 0
3390 0.442902 0
3400 0.425043 0
3410 0.415472 0
3420 0.414282 0
3430 0.419773 0
3440 0.428736 0
3450 0.44276 0
3460 0.457195 0
3470 0.478949 0
3480 0.506922 0
3490 0.542437 0
3500 0.58268 0
3510 0.644766 0
3520 0.713514 0
3530 0.912146 0
3540 1.19202 0
3550 1.46788 0
3560 1.7009 0
3570 1.93459 0
3580 2.16033 0
3590 2.33629 0
3600 2.4798 0
3610 2.63559 0
3620 2.75508 0
3630 2.86452 0
3640 2.96031 0
3650 3.08081 0
3660 3.13741 0
3670 3.22224 0
3680 3.28098 0
3690 3.31934 0
3700 3.32223 0
3710 3.33384 0
3720 3.33746 0
3730 3.32988 0
3740 3.34427 0
3750 3.34105 0
3760 3.36224 0
3770 3.38171 0
3780 3.43758 0
3790 3.46097 0
3800 3.48125 0
3810 3.50901 0
3820 3.54281 0
3830 3.54952 0
3840 3.56083 0
3850 3.57047 0
3860 3.56937 0
3870 3.57642 0
3880 3.57717 0
3890 3.57821 0
3900 3.58169 0
3910 3.57371 0
3920 3.56834 0
3930 3.53875 0
3940 3.50343 0
3950 3.47227 0
3960 3.43358 0
3970 3.39215 0
3980 3.34381 0
3990 3.28694 0
4000 3.22907 0
4010 3.15205 0
4020 3.08866 0
4030 3.00999 0
4040 2.92488 0
4050 2.83651 0
4060 2.74233 0
4070 2.64473 0
4080 2.56674 0
4090 2.51993 0
4100 2.50594 0
4110 2.52591 0
4120 2.54162 0
4130 2.56477 0
4140 2.58132 0
4150 2.60786 0
4160 2.63417 0
4170 2.65576 0
4180 2.68502 0
4190 2.71286 0
4200 2.73905 0
4210 2.76429 0
4220 2.79825 0
4230 2.83228 0
4240 2.864 0
4250 2.89574 0
4260 2.9293 0
4270 2.9621 0
4280 2.99086 0
4290 3.01872 0
4300 3.0377 0
4310 3.04863 0
4320 3.04 0
4330 3.02373 0
4340 3.00633 0
4350 2.98687 0
4360 2.9681 0
4370 2.95228 0
4380 2.93136 0
4390 2.91233 0
4400 2.88204 0
4410 2.84969 0
4420 2.81093 0
4430 2.77675 0
4440 2.73266 0
4450 2.6795 0
4460 2.62141 0
4470 2.56194 0
4480 2.50143 0
4490 2.44118 0
4500 2.37588 0
4510 2.30849 0
4520 2.23939 0
4530 2.1685 0
4540 2.0999 0
4550 2.03261 0
4560 1.96863 0
4570 1.90728 0
4580 1.85009 0
4590 1.79699 0
4600 1.75227 0
4610 1.71299 0
4620 1.67461 0
4630 1.631 0
4640 1.60308 0
4650 1.61939 0
4660 1.65461 0
4670 1.68616 0
4680 1.71946 0
4690 1.75145 0
4700 1.78725 0
4710 1.82339 0
4720 1.85513 0
4730 1.88961 0
4740 1.92373 0
4750 1.95828 0
4760 1.98979 0
4770 2.02322 0
4780 2.05269 0
4790 2.08559 0
4800 2.11651 0
4810 2.14405 0
4820 2.15979 0
4830 2.18697 0
4840 2.21431 0
4850 2.226 0
4860 2.25014 0
4870 2.26019 0
4880 2.28281 0
4890 2.28894 0
4900 2.28979 0
4910 2.28538 0
4920 2.2857 0
4930 2.27351 0
4940 2.2663 0
4950 2.26251 0
4960 2.2532 0
4970 2.24281 0
4980 2.23555 0
4990 2.22404 0
5000 2.2212 0
5010 2.20732 0
5020 2.19583 0
5030 2.18091 0
5040 2.1656 0
5050 2.15183 0
5060 2.13515 0
5070 2.11785 0
5080 2.10141 0
5090 2.08519 0
5100 2.06724 0
5110 2.04735 0
5120 2.02652 0
5130 2.0047 0
5140 1.98269 0
5150 1.97456 0
5160 1.96848 0
5170 1.96267 0
5180 1.95666 0
5190 1.94958 0
5200 1.94249 0
5210 1.93394 0
5220 1.92417 0
5230 1.91453 0
5240 1.90572 0
5250 1.89677 0
5260 1.88787 0
5270 1.87881 0
5280 1.86863 0
5290 1.85853 0
5300 1.84931 0
5310 1.84134 0
5320 1.83247 0
5330 1.82301 0
5340 1.81406 0
5350 1.80652 0
5360 1.79742 0
5370 1.78869 0
5380 1.78147 0
5390 1.7746 0
5400 1.76864 0
5410 1.76138 0
5420 1.75324 0
5430 1.74199 0
5440 1.73258 0
5450 1.72642 0
5460 1.72064 0
5470 1.71463 0
5480 1.70972 0
5490 1.70495 0
5500 1.69959 0
5510 1.6943 0
5520 1.68677 0
5530 1.65843 0
5540 1.61897 0
5550 1.57311 0
5560 1.52472 0
5570 1.47522 0
5580 1.42752 0
5590 1.37915 0
5600 1.32856 0
5610 1.27947 0
5620 1.23012 0
5630 1.18126 0
5640 1.13321 0
5650 1.08441 0
5660 1.03604 0
5670 0.99041 0
5680 0.944633 0
5690 0.900943 0
5700 0.857714 0
5710 0.816321 0
5720 0.787037 0
5730 0.763527 0
5740 0.746656 0
5750 0.732217 0
5760 0.719062 0
5770 0.710051 0
5780 0.709848 0
5790 0.722439 0
5800 0.75036 0
5810 0.778366 0
5820 0.80228 0
5830 0.831803 0
5840 0.859826 0
5850 0.885506 0
5860 0.91294 0
5870 0.935998 0
5880 0.965158 0
5890 0.991028 0
5900 1.01547 0
5910 1.04215 0
5920 1.06252 0
5930 1.08268 0
5940 1.10374 0
5950 1.12381 0
5960 1.14472 0
5970 1.16502 0
5980 1.18523 0
5990 1.20524 0
6000 1.22549 0
6010 1.23934 0
6020 1.25957 0
6030 1.27854 0
6040 1.28437 0
6050 1.30304 0
6060 1.32146 0
6070 1.32592 0
6080 1.34369 0
6090 1.34686 0
6100 1.3642 0
6110 1.36702 0
6120 1.38285 0
6130 1.38463 0
6140 1.39429 0
6150 1.40128 0
6160 1.40177 0
6170 1.40979 0
6180 1.4156 0
6190 1.4153 0
6200 1.42232 0
6210 1.42109 0
6220 1.42489 0
6230 1.42281 0
6240 1.42796 0
6250 1.42553 0
6260 1.42278 0
6270 1.4197 0
6280 1.42145 0
6290 1.42497 0
6300 1.42025 0
6310 1.4154 0
6320 1.41039 0
6330 1.40514 0
6340 1.39959 0
6350 1.39377 0
6360 1.38771 0
6370 1.38138 0
6380 1.37484 0
6390 1.36804 0
6400 1.36108 0
6410 1.35391 0
6420 1.34649 0
6430 1.33884 0
6440 1.331 0
6450 1.32317 0
6460 1.31518 0
6470 1.30706 0
6480 1.29883 0
6490 1.29075 0
6500 1.28266 0
6510 1.27469 0
6520 1.26683 0
6530 1.25893 0
6540 1.25086 0
6550 1.24281 0
6560 1.23506 0
6570 1.22724 0
6580 1.21932 0
6590 1.21133 0
6600 1.20329 0
6610 1.19558 0
6620 1.18775 0
6630 1.17994 0
6640 1.17204 0
6650 1.16451 0
6660 1.15678 0
6670 1.14915 0
6680 1.14158 0
6690 1.13417 0
6700 1.12661 0
6710 1.1192 0
6720 1.11204 0
6730 1.1046 0
6740 1.09743 0
6750 1.09045 0
6760 1.08322 0
6770 1.07638 0
6780 1.06952 0
6790 1.06253 0
6800 1.05605 0
6810 1.0492 0
6820 1.04267 0
6830 1.0361 0
6840 1.0291 0
6850 1.02257 0
6860 1.0157 0
6870 1.0097 0
6880 1.00326 0
6890 0.997223 0
6900 0.990797 0
6910 0.984818 0
6920 0.978531 0
6930 0.97262 0
6940 0.966464 0
6950 0.960656 0
6960 0.954583 0
6970 0.948881 0
6980 0.942953 0
6990 0.937317 0
7000 0.931625 0
7010 0.925926 0
7020 0.920433 0
7030 0.914796 0
7040 0.909302 0
7050 0.9039 0
7060 0.898496 0
7070 0.893272 0
7080 0.888147 0
7090 0.881848 0
7100 0.875219 0
7110 0.86873 0
7120 0.858021 0
7130 0.84195 0
7140 0.824299 0
7150 0.808154 0
7160 0.790331 0
7170 0.77077 0
7180 0.752803 0
7190 0.736809 0
7200 0.716807 0
7210 0.698585 0
7220 0.674863 0
7230 0.650967 0
7240 0.625725 0
7250 0.601405 0
7260 0.576067 0
7270 0.550441 0
7280 0.527932 0
7290 0.509528 0
7300 0.490503 0
7310 0.472671 0
7320 0.454374 0
7330 0.435029 0
7340 0.416887 0
7350 0.400463 0
7360 0.382325 0
7370 0.364132 0
7380 0.346328 0
7390 0.331932 0
7400 0.31827 0
7410 0.304511 0
7420 0.291464 0
7430 0.27869 0
7440 0.266656 0
7450 0.255174 0
7460 0.244186 0
7470 0.234042 0
7480 0.224389 0
7490 0.215582 0
7500 0.207348 0
7510 0.199431 0
7520 0.192775 0
7530 0.186693 0
7540 0.181435 0
7550 0.176828 0
7560 0.172843 0
7570 0.170024 0
7580 0.167846 0
7590 0.170964 0
7600 0.174626 0
7610 0.179112 0
7620 0.18439 0
7630 0.189928 0
7640 0.195969 0
7650 0.202143 0
7660 0.207136 0
7670 0.211721 0
7680 0.215915 0
7690 0.226432 0
7700 0.247361 0
7710 0.269239 0
7720 0.288526 0
7730 0.308188 0
7740 0.3297 0
7750 0.346882 0
7760 0.364794 0
7770 0.382194 0
7780 0.400241 0
7790 0.415848 0
7800 0.431532 0
7810 0.44741 0
7820 0.461897 0
7830 0.47538 0
7840 0.490486 0
7850 0.503196 0
7860 0.513804 0
7870 0.525391 0
7880 0.536512 0
7890 0.546936 0
7900 0.558364 0
7910 0.570296 0
7920 0.58251 0
7930 0.594508 0
7940 0.60651 0
7950 0.619468 0
7960 0.628439 0
7970 0.637925 0
7980 0.648977 0
7990 0.661202 0
8000 0.669448 0
8010 0.677611 0
8020 0.689343 0
8030 0.696847 0
8040 0.702965 0
8050 0.700885 0
8060 0.701397 0
8070 0.700077 0
8080 0.699178 0
8090 0.698304 0
8100 0.696945 0
8110 0.696525 0
8120 0.695184 0
8130 0.694387 0
8140 0.693391 0
8150 0.69236 0
8160 0.69164 0
8170 0.689433 0
8180 0.689612 0
8190 0.686853 0
8200 0.686251 0
8210 0.685322 0
8220 0.682271 0
8230 0.681941 0
8240 0.679793 0
8250 0.677002 0
8260 0.675862 0
8270 0.673936 0
8280 0.669934 0
8290 0.667614 0
8300 0.664211 0
8310 0.659653 0
8320 0.654418 0
8330 0.650339 0
8340 0.645468 0
8350 0.639343 0
8360 0.6353 0
8370 0.632774 0
8380 0.629533 0
8390 0.626589 0
8400 0.621989 0
8410 0.618445 0
8420 0.615828 0
8430 0.612644 0
8440 0.609492 0
8450 0.606516 0
8460 0.602974 0
8470 0.599577 0
8480 0.597788 0
8490 0.595982 0
8500 0.593873 0
8510 0.591608 0
8520 0.589469 0
8530 0.587303 0
8540 0.584704 0
8550 0.582163 0
8560 0.579425 0
8570 0.577329 0
8580 0.576146 0
8590 0.57526 0
8600 0.573859 0
8610 0.57252 0
8620 0.57152 0
8630 0.570479 0
8640 0.570165 0
8650 0.569323 0
8660 0.568562 0
8670 0.567198 0
8680 0.566032 0
8690 0.565018 0
8700 0.56312 0
8710 0.562055 0
8720 0.560499 0
8730 0.559419 0
8740 0.557847 0
8750 0.557661 0
8760 0.556346 0
8770 0.554813 0
8780 0.553498 0
8790 0.553253 0
8800 0.552704 0
8810 0.550381 0
8820 0.550225 0
8830 0.549672 0
8840 0.548124 0
8850 0.547248 0
8860 0.545986 0
8870 0.544884 0
8880 0.54513 0
8890 0.543371 0
8900 0.542221 0
8910 0.54036 0
8920 0.540112 0
8930 0.538546 0
8940 0.537406 0
8950 0.535644 0
8960 0.535181 0
8970 0.533784 0
8980 0.531732 0
8990 0.530303 0
9000 0.529692 0

