3300 2.22051 0
3310 1.88697 0
3320 1.51127 0
3330 1.17279 0
3340 0.89253 0
3350 0.619277 0
3360 0.537261 0
3370 0.526822 0
3380 0.494789 0
3390 0.476586 0
3400 0.475009 0
3410 0.479689 0
3420 0.491407 0
3430 0.510157 0
3440 0.532726 0
3450 0.562461 0
3460 0.593685 0
3470 0.631482 0
3480 0.673118 0
3490 0.718106 0
3500 0.764287 0
3510 0.844935 0
3520 0.924567 0
3530 1.12452 0
3540 1.40048 0
3550 1.65976 0
3560 1.87541 0
3570 2.10143 0
3580 2.34153 0
3590 2.5294 0
3600 2.6867 0
3610 2.88784 0
3620 3.03059 0
3630 3.17039 0
3640 3.30665 0
3650 3.45561 0
3660 3.55125 0
3670 3.70959 0
3680 3.80585 0
3690 3.86299 0
3700 3.86919 0
3710 3.86809 0
3720 3.86983 0
3730 3.86231 0
3740 3.86314 0
3750 3.85549 0
3760 3.85297 0
3770 3.84221 0
3780 3.83166 0
3790 3.85255 0
3800 3.83496 0
3810 3.81824 0
3820 3.80121 0
3830 3.7676 0
3840 3.75965 0
3850 3.74836 0
3860 3.72122 0
3870 3.71969 0
3880 3.70094 0
3890 3.68388 0
3900 3.67271 0
3910 3.66446 0
3920 3.65155 0
3930 3.62331 0
3940 3.61014 0
3950 3.5953 0
3960 3.58231 0
3970 3.56716 0
3980 3.56753 0
3990 3.55339 0
4000 3.53884 0
4010 3.52138 0
4020 3.51159 0
4030 3.50622 0
4040 3.48556 0
4050 3.4634 0
4060 3.45207 0
4070 3.43384 0
4080 3.40865 0
4090 3.39535 0
4100 3.37535 0
4110 3.36119 0
4120 3.33779 0
4130 3.32977 0
4140 3.30441 0
4150 3.29597 0
4160 3.28103 0
4170 3.261 0
4180 3.24848 0
4190 3.23446 0
4200 3.21577 0
4210 3.19742 0
4220 3.18771 0
4230 3.17419 0
4240 3.16044 0
4250 3.13894 0
4260 3.12452 0
4270 3.10136 0
4280 3.07687 0
4290 3.05461 0
4300 3.03087 0
4310 3.00223 0
4320 2.97564 0
4330 2.94355 0
4340 2.90504 0
4350 2.86453 0
4360 2.82804 0
4370 2.79193 0
4380 2.75637 0
4390 2.72065 0
4400 2.68412 0
4410 2.6478 0
4420 2.61051 0
4430 2.57326 0
4440 2.53576 0
4450 2.49922 0
4460 2.46879 0
4470 2.45599 0
4480 2.44932 0
4490 2.44343 0
4500 2.43624 0
4510 2.43114 0
4520 2.427 0
4530 2.42165 0
4540 2.41813 0
4550 2.41289 0
4560 2.4084 0
4570 2.40609 0
4580 2.40294 0
4590 2.40018 0
4600 2.39801 0
4610 2.3966 0
4620 2.39521 0
4630 2.39442 0
4640 2.39186 0
4650 2.38757 0
4660 2.37516 0
4670 2.36515 0
4680 2.35532 0
4690 2.34552 0
4700 2.33575 0
4710 2.32614 0
4720 2.31671 0
4730 2.30713 0
4740 2.29736 0
4750 2.28794 0
4760 2.27889 0
4770 2.26967 0
4780 2.26023 0
4790 2.25159 0
4800 2.24227 0
4810 2.2335 0
4820 2.22454 0
4830 2.21567 0
4840 2.2068 0
4850 2.19807 0
4860 2.18911 0
4870 2.18061 0
4880 2.17182 0
4890 2.16322 0
4900 2.15465 0
4910 2.14595 0
4920 2.13742 0
4930 2.12909 0
4940 2.12032 0
4950 2.11172 0
4960 2.10324 0
4970 2.09507 0
4980 2.08678 0
4990 2.07829 0
5000 2.06978 0
5010 2.06133 0
5020 2.05295 0
5030 2.04463 0
5040 2.03635 0
5050 2.02813 0
5060 2.01997 0
5070 2.01186 0
5080 2.0038 0
5090 1.9958 0
5100 1.98786 0
5110 1.97959 0
5120 1.97105 0
5130 1.96174 0
5140 1.95162 0
5150 1.94144 0
5160 1.93122 0
5170 1.9212 0
5180 1.91098 0
5190 1.90064 0
5200 1.89004 0
5210 1.87947 0
5220 1.86886 0
5230 1.85814 0
5240 1.84709 0
5250 1.83621 0
5260 1.82564 0
5270 1.81619 0
5280 1.8075 0
5290 1.802 0
5300 1.79628 0
5310 1.79094 0
5320 1.78566 0
5330 1.78028 0
5340 1.77518 0
5350 1.76981 0
5360 1.76483 0
5370 1.75966 0
5380 1.75482 0
5390 1.74964 0
5400 1.74483 0
5410 1.74003 0
5420 1.73507 0
5430 1.73053 0
5440 1.72556 0
5450 1.70392 0
5460 1.67715 0
5470 1.6427 0
5480 1.60748 0
5490 1.57115 0
5500 1.53312 0
5510 1.49311 0
5520 1.45181 0
5530 1.40973 0
5540 1.36675 0
5550 1.32326 0
5560 1.27826 0
5570 1.23311 0
5580 1.18744 0
5590 1.14158 0
5600 1.09595 0
5610 1.06979 0
5620 1.06559 0
5630 1.07844 0
5640 1.09869 0
5650 1.11953 0
5660 1.1405 0
5670 1.16101 0
5680 1.1826 0
5690 1.20255 0
5700 1.22442 0
5710 1.24654 0
5720 1.26833 0
5730 1.29088 0
5740 1.31103 0
5750 1.33319 0
5760 1.35473 0
5770 1.37708 0
5780 1.39799 0
5790 1.41864 0
5800 1.44014 0
5810 1.4619 0
5820 1.48328 0
5830 1.50252 0
5840 1.52168 0
5850 1.52634 0
5860 1.53043 0
5870 1.52394 0
5880 1.51746 0
5890 1.51086 0
5900 1.50441 0
5910 1.49796 0
5920 1.4919 0
5930 1.48604 0
5940 1.47871 0
5950 1.4732 0
5960 1.46725 0
5970 1.45991 0
5980 1.45469 0
5990 1.44815 0
6000 1.4423 0
6010 1.43625 0
6020 1.43017 0
6030 1.42413 0
6040 1.41821 0
6050 1.41188 0
6060 1.40655 0
6070 1.39986 0
6080 1.39471 0
6090 1.38842 0
6100 1.38237 0
6110 1.37712 0
6120 1.37091 0
6130 1.36543 0
6140 1.35952 0
6150 1.35395 0
6160 1.34837 0
6170 1.3428 0
6180 1.33705 0
6190 1.33157 0
6200 1.3262 0
6210 1.32105 0
6220 1.31531 0
6230 1.30951 0
6240 1.30421 0
6250 1.29911 0
6260 1.29431 0
6270 1.28909 0
6280 1.28387 0
6290 1.27843 0
6300 1.27294 0
6310 1.26763 0
6320 1.26228 0
6330 1.25703 0
6340 1.25183 0
6350 1.24663 0
6360 1.2416 0
6370 1.23653 0
6380 1.23164 0
6390 1.22673 0
6400 1.22193 0
6410 1.21715 0
6420 1.21245 0
6430 1.2077 0
6440 1.20301 0
6450 1.1982 0
6460 1.19322 0
6470 1.18808 0
6480 1.1828 0
6490 1.17825 0
6500 1.17363 0
6510 1.16929 0
6520 1.16475 0
6530 1.15968 0
6540 1.15471 0
6550 1.15034 0
6560 1.14578 0
6570 1.14129 0
6580 1.13606 0
6590 1.13156 0
6600 1.12715 0
6610 1.12273 0
6620 1.11759 0
6630 1.11334 0
6640 1.10897 0
6650 1.10426 0
6660 1.09969 0
6670 1.09553 0
6680 1.09092 0
6690 1.08641 0
6700 1.08241 0
6710 1.07759 0
6720 1.07357 0
6730 1.06932 0
6740 1.06413 0
6750 1.06044 0
6760 1.05536 0
6770 1.05124 0
6780 1.04696 0
6790 1.04219 0
6800 1.03816 0
6810 1.03332 0
6820 1.02935 0
6830 1.02441 0
6840 1.02062 0
6850 1.01557 0
6860 1.01172 0
6870 1.00685 0
6880 1.00259 0
6890 0.998003 0
6900 0.993099 0
6910 0.988959 0
6920 0.983994 0
6930 0.979769 0
6940 0.97563 0
6950 0.971568 0
6960 0.967677 0
6970 0.962491 0
6980 0.957734 0
6990 0.9523 0
7000 0.946984 0
7010 0.941727 0
7020 0.936653 0
7030 0.931621 0
7040 0.926724 0
7050 0.921977 0
7060 0.917155 0
7070 0.912516 0
7080 0.907756 0
7090 0.901913 0
7100 0.895777 0
7110 0.889655 0
7120 0.879304 0
7130 0.863352 0
7140 0.84562 0
7150 0.829045 0
7160 0.81049 0
7170 0.790038 0
7180 0.771272 0
7190 0.754463 0
7200 0.733257 0
7210 0.714375 0
7220 0.689664 0
7230 0.664716 0
7240 0.638704 0
7250 0.613552 0
7260 0.587186 0
7270 0.560739 0
7280 0.537469 0
7290 0.518192 0
7300 0.498392 0
7310 0.479938 0
7320 0.460999 0
7330 0.441079 0
7340 0.422393 0
7350 0.405586 0
7360 0.386989 0
7370 0.368547 0
7380 0.350293 0
7390 0.335557 0
7400 0.32157 0
7410 0.307636 0
7420 0.294244 0
7430 0.28131 0
7440 0.268974 0
7450 0.257166 0
7460 0.246029 0
7470 0.235597 0
7480 0.225804 0
7490 0.216739 0
7500 0.208364 0
7510 0.200301 0
7520 0.193431 0
7530 0.187235 0
7540 0.181774 0
7550 0.177101 0
7560 0.173089 0
7570 0.170171 0
7580 0.167979 0
7590 0.171211 0
7600 0.174949 0
7610 0.179604 0
7620 0.185078 0
7630 0.190824 0
7640 0.19704 0
7650 0.203438 0
7660 0.208621 0
7670 0.213376 0
7680 0.217735 0
7690 0.228677 0
7700 0.250668 0
7710 0.273697 0
7720 0.294049 0
7730 0.314831 0
7740 0.337557 0
7750 0.355828 0
7760 0.37493 0
7770 0.393611 0
7780 0.41304 0
7790 0.430009 0
7800 0.447136 0
7810 0.464588 0
7820 0.480643 0
7830 0.495612 0
7840 0.512249 0
7850 0.526449 0
7860 0.53852 0
7870 0.55168 0
7880 0.56443 0
7890 0.57615 0
7900 0.587235 0
7910 0.598782 0
7920 0.610625 0
7930 0.622195 0
7940 0.633756 0
7950 0.646477 0
7960 0.654896 0
7970 0.663892 0
7980 0.67478 0
7990 0.686755 0
8000 0.694848 0
8010 0.702765 0
8020 0.714647 0
8030 0.722034 0
8040 0.727898 0
8050 0.72496 0
8060 0.724913 0
8070 0.722856 0
8080 0.72118 0
8090 0.719511 0
8100 0.717407 0
8110 0.716362 0
8120 0.714359 0
8130 0.712778 0
8140 0.711288 0
8150 0.709761 0
8160 0.70872 0
8170 0.705803 0
8180 0.705694 0
8190 0.702617 0
8200 0.702003 0
8210 0.701313 0
8220 0.698525 0
8230 0.698191 0
8240 0.696565 0
8250 0.694029 0
8260 0.693501 0
8270 0.69233 0
8280 0.688574 0
8290 0.687086 0
8300 0.683772 0
8310 0.67942 0
8320 0.675965 0
8330 0.674336 0
8340 0.671562 0
8350 0.667798 0
8360 0.664418 0
8370 0.662797 0
8380 0.66032 0
8390 0.657901 0
8400 0.654023 0
8410 0.651231 0
8420 0.649147 0
8430 0.646983 0
8440 0.644425 0
8450 0.641395 0
8460 0.638105 0
8470 0.634792 0
8480 0.63283 0
8490 0.630831 0
8500 0.628676 0
8510 0.626337 0
8520 0.623866 0
8530 0.621252 0
8540 0.618467 0
8550 0.615723 0
8560 0.612572 0
8570 0.609348 0
8580 0.606974 0
8590 0.604794 0
8600 0.602444 0
8610 0.600121 0
8620 0.597816 0
8630 0.59562 0
8640 0.594043 0
8650 0.59198 0
8660 0.589816 0
8670 0.587145 0
8680 0.584409 0
8690 0.581481 0
8700 0.578271 0
8710 0.575411 0
8720 0.572517 0
8730 0.569611 0
8740 0.566735 0
8750 0.565001 0
8760 0.562535 0
8770 0.559907 0
8780 0.557358 0
8790 0.555453 0
8800 0.553584 0
8810 0.551244 0
8820 0.550542 0
8830 0.549378 0
8840 0.547793 0
8850 0.546032 0
8860 0.543971 0
8870 0.543066 0
8880 0.542482 0
8890 0.540841 0
8900 0.53917 0
8910 0.537114 0
8920 0.536804 0
8930 0.535569 0
8940 0.53378 0
8950 0.532085 0
8960 0.531545 0
8970 0.530497 0
8980 0.528388 0
8990 0.526396 0
9000 0.526541 0

