3500 2.17616 0
3510 2.05344 0
3520 1.78072 0
3530 1.6338 0
3540 1.5865 0
3550 1.53822 0
3560 1.48772 0
3570 1.4352 0
3580 1.38117 0
3590 1.32612 0
3600 1.27071 0
3610 1.2157 0
3620 1.16196 0
3630 1.11062 0
3640 1.06233 0
3650 1.01808 0
3660 0.980325 0
3670 0.949288 0
3680 0.92685 0
3690 0.91595 0
3700 0.917343 0
3710 0.933028 0
3720 0.96608 0
3730 1.02395 0
3740 1.19083 0
3750 1.47193 0
3760 1.6611 0
3770 1.83062 0
3780 1.99139 0
3790 2.12049 0
3800 2.22534 0
3810 2.29562 0
3820 2.34278 0
3830 2.38047 0
3840 2.37688 0
3850 2.36555 0
3860 2.32247 0
3870 2.26792 0
3880 2.207 0
3890 2.14017 0
3900 2.07112 0
3910 2.00805 0
3920 1.94655 0
3930 1.88617 0
3940 1.82807 0
3950 1.7734 0
3960 1.72392 0
3970 1.68087 0
3980 1.64863 0
3990 1.6293 0
4000 1.66877 0
4010 1.80697 0
4020 1.94175 0
4030 2.06442 0
4040 2.17618 0
4050 2.27983 0
4060 2.36591 0
4070 2.43099 0
4080 2.49158 0
4090 2.5465 0
4100 2.57623 0
4110 2.59314 0
4120 2.60836 0
4130 2.59754 0
4140 2.57956 0
4150 2.55547 0
4160 2.52707 0
4170 2.49725 0
4180 2.46599 0
4190 2.43392 0
4200 2.40168 0
4210 2.36977 0
4220 2.33863 0
4230 2.30857 0
4240 2.27979 0
4250 2.25242 0
4260 2.22652 0
4270 2.20259 0
4280 2.18037 0
4290 2.15952 0
4300 2.14001 0
4310 2.12178 0
4320 2.10477 0
4330 2.08891 0
4340 2.07411 0
4350 2.06029 0
4360 2.04732 0
4370 2.03512 0
4380 2.02362 0
4390 2.01278 0
4400 2.00252 0
4410 1.99282 0
4420 1.98362 0
4430 1.97491 0
4440 1.96665 0
4450 1.95879 0
4460 1.95132 0
4470 1.94417 0
4480 1.93731 0
4490 1.93073 0
4500 1.92441 0
4510 1.91834 0
4520 1.91251 0
4530 1.90691 0
4540 1.9015 0
4550 1.89628 0
4560 1.89122 0
4570 1.88663 0
4580 1.8821 0
4590 1.85397 0
4600 1.79334 0
4610 1.71269 0
4620 1.64952 0
4630 1.6291 0
4640 1.6088 0
4650 1.58759 0
4660 1.56548 0
4670 1.54248 0
4680 1.51858 0
4690 1.49382 0
4700 1.46825 0
4710 1.44191 0
4720 1.41487 0
4730 1.38723 0
4740 1.35911 0
4750 1.33062 0
4760 1.30195 0
4770 1.27327 0
4780 1.24482 0
4790 1.21685 0
4800 1.18968 0
4810 1.16366 0
4820 1.13924 0
4830 1.11694 0
4840 1.09736 0
4850 1.08129 0
4860 1.06972 0
4870 1.06413 0
4880 1.06874 0
4890 1.10412 0
4900 1.19699 0
4910 1.30902 0
4920 1.42011 0
4930 1.51984 0
4940 1.61007 0
4950 1.70202 0
4960 1.76654 0
4970 1.84076 0
4980 1.89912 0
4990 1.9506 0
5000 1.98544 0
5010 2.02994 0
5020 2.03893 0
5030 2.06038 0
5040 2.0739 0
5050 2.06898 0
5060 2.05967 0
5070 2.04629 0
5080 2.02933 0
5090 2.00955 0
5100 1.988 0
5110 1.96522 0
5120 1.94172 0
5130 1.91836 0
5140 1.89541 0
5150 1.87269 0
5160 1.8499 0
5170 1.82714 0
5180 1.80498 0
5190 1.78403 0
5200 1.76398 0
5210 1.74472 0
5220 1.72628 0
5230 1.70863 0
5240 1.69175 0
5250 1.67564 0
5260 1.66029 0
5270 1.6457 0
5280 1.6319 0
5290 1.61901 0
5300 1.60886 0
5310 1.59937 0
5320 1.59041 0
5330 1.58193 0
5340 1.57377 0
5350 1.56576 0
5360 1.55822 0
5370 1.55067 0
5380 1.54345 0
5390 1.53657 0
5400 1.52994 0
5410 1.52309 0
5420 1.51324 0
5430 1.501 0
5440 1.48397 0
5450 1.46425 0
5460 1.44514 0
5470 1.43146 0
5480 1.42191 0
5490 1.41245 0
5500 1.40434 0
5510 1.39617 0
5520 1.38789 0
5530 1.3795 0
5540 1.37063 0
5550 1.36194 0
5560 1.35263 0
5570 1.34349 0
5580 1.33406 0
5590 1.32458 0
5600 1.31487 0
5610 1.30494 0
5620 1.29481 0
5630 1.28448 0
5640 1.27396 0
5650 1.26329 0
5660 1.25215 0
5670 1.24079 0
5680 1.22847 0
5690 1.21608 0
5700 1.20386 0
5710 1.19251 0
5720 1.18144 0
5730 1.17077 0
5740 1.16069 0
5750 1.15147 0
5760 1.14353 0
5770 1.09365 0
5780 0.968975 0
5790 0.841136 0
5800 0.722639 0
5810 0.670773 0
5820 0.624075 0
5830 0.606396 0
5840 0.591373 0
5850 0.574833 0
5860 0.558721 0
5870 0.540947 0
5880 0.524287 0
5890 0.507582 0
5900 0.490243 0
5910 0.475049 0
5920 0.45957 0
5930 0.444871 0
5940 0.431964 0
5950 0.419209 0
5960 0.409091 0
5970 0.400093 0
5980 0.393092 0
5990 0.388301 0
6000 0.38565 0
6010 0.385268 0
6020 0.38715 0
6030 0.391312 0
6040 0.397737 0
6050 0.406386 0
6060 0.417205 0
6070 0.430168 0
6080 0.445285 0
6090 0.462534 0
6100 0.481954 0
6110 0.503648 0
6120 0.527757 0
6130 0.554631 0
6140 0.585199 0
6150 0.629848 0
6160 0.689341 0
6170 0.776748 0
6180 0.882402 0
6190 0.979496 0
6200 1.07126 0
6210 1.15589 0
6220 1.23927 0
6230 1.31092 0
6240 1.3709 0
6250 1.43531 0
6260 1.48887 0
6270 1.52714 0
6280 1.57222 0
6290 1.60355 0
6300 1.63137 0
6310 1.65409 0
6320 1.67487 0
6330 1.69105 0
6340 1.69312 0
6350 1.70284 0
6360 1.69855 0
6370 1.69126 0
6380 1.6811 0
6390 1.66818 0
6400 1.65278 0
6410 1.63514 0
6420 1.61584 0
6430 1.59519 0
6440 1.57341 0
6450 1.55118 0
6460 1.52899 0
6470 1.50717 0
6480 1.48674 0
6490 1.46723 0
6500 1.44794 0
6510 1.42888 0
6520 1.41006 0
6530 1.3915 0
6540 1.37329 0
6550 1.35542 0
6560 1.33791 0
6570 1.32077 0
6580 1.30405 0
6590 1.28774 0
6600 1.27186 0
6610 1.25639 0
6620 1.24134 0
6630 1.22669 0
6640 1.21245 0
6650 1.19862 0
6660 1.18517 0
6670 1.1721 0
6680 1.15942 0
6690 1.1471 0
6700 1.13515 0
6710 1.12354 0
6720 1.11231 0
6730 1.10139 0
6740 1.09081 0
6750 1.08057 0
6760 1.07067 0
6770 1.06105 0
6780 1.05173 0
6790 1.04269 0
6800 1.03393 0
6810 1.02547 0
6820 1.01731 0
6830 1.0094 0
6840 1.00174 0
6850 0.99436 0
6860 0.987243 0
6870 0.980337 0
6880 0.973705 0
6890 0.967288 0
6900 0.961105 0
6910 0.955138 0
6920 0.949386 0
6930 0.943829 0
6940 0.938475 0
6950 0.933294 0
6960 0.928299 0
6970 0.923459 0
6980 0.918762 0
6990 0.914196 0
7000 0.909744 0
7010 0.905429 0
7020 0.901754 0
7030 0.898328 0
7040 0.895012 0
7050 0.892058 0
7060 0.889155 0
7070 0.88626 0
7080 0.883373 0
7090 0.880495 0
7100 0.877626 0
7110 0.874766 0
7120 0.871916 0
7130 0.869076 0
7140 0.865372 0
7150 0.860498 0
7160 0.8556 0
7170 0.850695 0
7180 0.847062 0
7190 0.843925 0
7200 0.840785 0
7210 0.837639 0
7220 0.834488 0
7230 0.831331 0
7240 0.828168 0
7250 0.824997 0
7260 0.821819 0
7270 0.818632 0
7280 0.815436 0
7290 0.812232 0
7300 0.809017 0
7310 0.805793 0
7320 0.802557 0
7330 0.799311 0
7340 0.796054 0
7350 0.792785 0
7360 0.789506 0
7370 0.786214 0
7380 0.782912 0
7390 0.779599 0
7400 0.776276 0
7410 0.77294 0
7420 0.76959 0
7430 0.766225 0
7440 0.762849 0
7450 0.759463 0
7460 0.756071 0
7470 0.752676 0
7480 0.749282 0
7490 0.745893 0
7500 0.742516 0
7510 0.739156 0
7520 0.735823 0
7530 0.732527 0
7540 0.72928 0
7550 0.726098 0
7560 0.723001 0
7570 0.720018 0
7580 0.717191 0
7590 0.714594 0
7600 0.712542 0
7610 0.713932 0
7620 0.715402 0
7630 0.716687 0
7640 0.71784 0
7650 0.718604 0
7660 0.719573 0
7670 0.72073 0
7680 0.721178 0
7690 0.721701 0
7700 0.722284 0
7710 0.722924 0
7720 0.722592 0
7730 0.723265 0
7740 0.722902 0
7750 0.722503 0
7760 0.722058 0
7770 0.721559 0
7780 0.721008 0
7790 0.719295 0
7800 0.718583 0
7810 0.716715 0
7820 0.715851 0
7830 0.713791 0
7840 0.711659 0
7850 0.709438 0
7860 0.707127 0
7870 0.704728 0
7880 0.702249 0
7890 0.699715 0
7900 0.697119 0
7910 0.694475 0
7920 0.691824 0
7930 0.689145 0
7940 0.686444 0
7950 0.683738 0
7960 0.681027 0
7970 0.678317 0
7980 0.675613 0
7990 0.67292 0
8000 0.67024 0
8010 0.667578 0
8020 0.664935 0
8030 0.662315 0
8040 0.659719 0
8050 0.657148 0
8060 0.654603 0
8070 0.652085 0
8080 0.649593 0
8090 0.647129 0
8100 0.644693 0
8110 0.642283 0
8120 0.639901 0
8130 0.637546 0
8140 0.635216 0
8150 0.632912 0
8160 0.630633 0
8170 0.628378 0
8180 0.626146 0
8190 0.623937 0
8200 0.62175 0
8210 0.619585 0
8220 0.61744 0
8230 0.615316 0
8240 0.613211 0
8250 0.611124 0
8260 0.609056 0
8270 0.607006 0
8280 0.604971 0
8290 0.602951 0
8300 0.600945 0
8310 0.598953 0
8320 0.596973 0
8330 0.595007 0
8340 0.593052 0
8350 0.59111 0
8360 0.589179 0
8370 0.587261 0
8380 0.585352 0
8390 0.583456 0
8400 0.581569 0
8410 0.579693 0
8420 0.577828 0
8430 0.575972 0
8440 0.574127 0
8450 0.572291 0
8460 0.570464 0
8470 0.568647 0
8480 0.566839 0
8490 0.56504 0
8500 0.563249 0
8510 0.561469 0
8520 0.559696 0
8530 0.557932 0
8540 0.556176 0
8550 0.55435 0
8560 0.550368 0
8570 0.545763 0
8580 0.541123 0
8590 0.536462 0
8600 0.532721 0
8610 0.530537 0
8620 0.528344 0
8630 0.52614 0
8640 0.523926 0
8650 0.521701 0
8660 0.519463 0
8670 0.517212 0
8680 0.514953 0
8690 0.512689 0
8700 0.51041 0
8710 0.508116 0
8720 0.505806 0
8730 0.503479 0
8740 0.501136 0
8750 0.498774 0
8760 0.496397 0
8770 0.494001 0
8780 0.491588 0
8790 0.489159 0
8800 0.486712 0
8810 0.484248 0
8820 0.481768 0
8830 0.47927 0
8840 0.476756 0
8850 0.474227 0
8860 0.471685 0
8870 0.46913 0
8880 0.46656 0
8890 0.463981 0
8900 0.461391 0
8910 0.458795 0
8920 0.456192 0
8930 0.453587 0
8940 0.45098 0
8950 0.448376 0
8960 0.44578 0
8970 0.443193 0
8980 0.440622 0
8990 0.438071 0
9000 0.435549 0

