3300 1.94689 0
3310 1.51437 0
3320 1.07709 0
3330 0.789312 0
3340 0.668587 0
3350 0.571603 0
3360 0.490426 0
3370 0.44085 0
3380 0.409261 0
3390 0.389026 0
3400 0.381734 0
3410 0.384583 0
3420 0.395272 0
3430 0.411884 0
3440 0.43286 0
3450 0.456114 0
3460 0.480272 0
3470 0.505446 0
3480 0.530532 0
3490 0.555785 0
3500 0.581407 0
3510 0.607607 0
3520 0.63391 0
3530 0.659532 0
3540 0.694444 0
3550 0.735479 0
3560 0.78868 0
3570 1.02337 0
3580 1.27806 0
3590 1.51766 0
3600 1.7465 0
3610 1.9577 0
3620 2.13676 0
3630 2.33268 0
3640 2.50433 0
3650 2.64978 0
3660 2.77219 0
3670 2.89178 0
3680 2.96592 0
3690 3.03041 0
3700 3.05819 0
3710 3.08347 0
3720 3.10608 0
3730 3.12671 0
3740 3.14142 0
3750 3.1373 0
3760 3.13507 0
3770 3.11281 0
3780 3.088 0
3790 3.05309 0
3800 3.02242 0
3810 2.97808 0
3820 3.00795 0
3830 3.05053 0
3840 3.08108 0
3850 3.10866 0
3860 3.13246 0
3870 3.15757 0
3880 3.19156 0
3890 3.20623 0
3900 3.22783 0
3910 3.25108 0
3920 3.27122 0
3930 3.27917 0
3940 3.3026 0
3950 3.31791 0
3960 3.3287 0
3970 3.33986 0
3980 3.35157 0
3990 3.36594 0
4000 3.36987 0
4010 3.3803 0
4020 3.39516 0
4030 3.38385 0
4040 3.39229 0
4050 3.38115 0
4060 3.38971 0
4070 3.37668 0
4080 3.35807 0
4090 3.3664 0
4100 3.34563 0
4110 3.32997 0
4120 3.31028 0
4130 3.28858 0
4140 3.26802 0
4150 3.2461 0
4160 3.22403 0
4170 3.20072 0
4180 3.1753 0
4190 3.15164 0
4200 3.12757 0
4210 3.10298 0
4220 3.07832 0
4230 3.05356 0
4240 3.02856 0
4250 3.00586 0
4260 2.98099 0
4270 2.95638 0
4280 2.93286 0
4290 2.90756 0
4300 2.8823 0
4310 2.85835 0
4320 2.8332 0
4330 2.80806 0
4340 2.78337 0
4350 2.75929 0
4360 2.73572 0
4370 2.71335 0
4380 2.69231 0
4390 2.67187 0
4400 2.6519 0
4410 2.63246 0
4420 2.61353 0
4430 2.59504 0
4440 2.57696 0
4450 2.55691 0
4460 2.5327 0
4470 2.49982 0
4480 2.46551 0
4490 2.42974 0
4500 2.39231 0
4510 2.3532 0
4520 2.31198 0
4530 2.26867 0
4540 2.223 0
4550 2.17501 0
4560 2.1248 0
4570 2.07463 0
4580 2.02527 0
4590 1.97732 0
4600 1.92787 0
4610 1.87711 0
4620 1.82566 0
4630 1.77402 0
4640 1.72293 0
4650 1.67382 0
4660 1.63629 0
4670 1.62256 0
4680 1.64279 0
4690 1.6583 0
4700 1.6766 0
4710 1.69352 0
4720 1.71635 0
4730 1.74107 0
4740 1.75865 0
4750 1.77972 0
4760 1.7999 0
4770 1.82687 0
4780 1.83818 0
4790 1.86959 0
4800 1.88512 0
4810 1.90236 0
4820 1.93527 0
4830 1.95421 0
4840 1.97436 0
4850 1.99534 0
4860 2.00142 0
4870 2.01817 0
4880 2.03938 0
4890 2.06099 0
4900 2.06239 0
4910 2.08286 0
4920 2.09921 0
4930 2.10303 0
4940 2.11826 0
4950 2.12092 0
4960 2.11894 0
4970 2.13179 0
4980 2.12817 0
4990 2.12777 0
5000 2.12284 0
5010 2.13177 0
5020 2.12473 0
5030 2.11688 0
5040 2.10825 0
5050 2.09937 0
5060 2.09064 0
5070 2.08122 0
5080 2.07088 0
5090 2.06041 0
5100 2.04886 0
5110 2.03732 0
5120 2.02513 0
5130 2.01305 0
5140 2.00089 0
5150 1.98817 0
5160 1.97579 0
5170 1.96376 0
5180 1.95126 0
5190 1.93875 0
5200 1.92636 0
5210 1.91407 0
5220 1.90185 0
5230 1.88984 0
5240 1.87834 0
5250 1.86748 0
5260 1.85628 0
5270 1.84498 0
5280 1.83209 0
5290 1.81916 0
5300 1.80594 0
5310 1.79222 0
5320 1.77895 0
5330 1.76507 0
5340 1.75159 0
5350 1.73716 0
5360 1.72282 0
5370 1.70845 0
5380 1.69332 0
5390 1.67822 0
5400 1.66288 0
5410 1.64781 0
5420 1.63262 0
5430 1.61737 0
5440 1.60142 0
5450 1.58543 0
5460 1.56906 0
5470 1.55239 0
5480 1.53506 0
5490 1.51798 0
5500 1.50137 0
5510 1.48847 0
5520 1.47672 0
5530 1.47378 0
5540 1.47402 0
5550 1.4721 0
5560 1.47093 0
5570 1.47039 0
5580 1.46793 0
5590 1.46975 0
5600 1.46723 0
5610 1.43868 0
5620 1.40905 0
5630 1.36871 0
5640 1.3233 0
5650 1.28013 0
5660 1.23323 0
5670 1.18306 0
5680 1.13159 0
5690 1.08005 0
5700 1.02618 0
5710 0.973382 0
5720 0.920745 0
5730 0.868133 0
5740 0.814612 0
5750 0.766076 0
5760 0.725872 0
5770 0.691829 0
5780 0.661151 0
5790 0.634122 0
5800 0.611192 0
5810 0.587911 0
5820 0.57103 0
5830 0.55453 0
5840 0.541758 0
5850 0.535325 0
5860 0.530173 0
5870 0.534296 0
5880 0.552322 0
5890 0.592629 0
5900 0.634815 0
5910 0.676711 0
5920 0.716766 0
5930 0.757741 0
5940 0.801035 0
5950 0.838799 0
5960 0.877195 0
5970 0.916533 0
5980 0.946306 0
5990 0.984206 0
6000 1.01509 0
6010 1.05308 0
6020 1.0817 0
6030 1.10995 0
6040 1.13773 0
6050 1.16468 0
6060 1.19113 0
6070 1.21661 0
6080 1.24143 0
6090 1.26356 0
6100 1.28699 0
6110 1.3102 0
6120 1.31999 0
6130 1.34061 0
6140 1.36155 0
6150 1.36846 0
6160 1.38746 0
6170 1.39328 0
6180 1.41058 0
6190 1.41462 0
6200 1.42904 0
6210 1.43328 0
6220 1.43602 0
6230 1.44766 0
6240 1.44985 0
6250 1.45033 0
6260 1.46014 0
6270 1.459 0
6280 1.4573 0
6290 1.45653 0
6300 1.45431 0
6310 1.46073 0
6320 1.45677 0
6330 1.4523 0
6340 1.44735 0
6350 1.44191 0
6360 1.43601 0
6370 1.42965 0
6380 1.42286 0
6390 1.41563 0
6400 1.40801 0
6410 1.39999 0
6420 1.3916 0
6430 1.38285 0
6440 1.37379 0
6450 1.36439 0
6460 1.35516 0
6470 1.34594 0
6480 1.33657 0
6490 1.32702 0
6500 1.31733 0
6510 1.3082 0
6520 1.29923 0
6530 1.29015 0
6540 1.28107 0
6550 1.27203 0
6560 1.26293 0
6570 1.2539 0
6580 1.24486 0
6590 1.23581 0
6600 1.22685 0
6610 1.21792 0
6620 1.20903 0
6630 1.20018 0
6640 1.19144 0
6650 1.18269 0
6660 1.17409 0
6670 1.16556 0
6680 1.15704 0
6690 1.14874 0
6700 1.14042 0
6710 1.13228 0
6720 1.12424 0
6730 1.11624 0
6740 1.10846 0
6750 1.10065 0
6760 1.09311 0
6770 1.08554 0
6780 1.07825 0
6790 1.07092 0
6800 1.06387 0
6810 1.05681 0
6820 1.04995 0
6830 1.04321 0
6840 1.0365 0
6850 1.03003 0
6860 1.02354 0
6870 1.01723 0
6880 1.01104 0
6890 1.00483 0
6900 0.998761 0
6910 0.992858 0
6920 0.987014 0
6930 0.981099 0
6940 0.975163 0
6950 0.96939 0
6960 0.963692 0
6970 0.958052 0
6980 0.952472 0
6990 0.94701 0
7000 0.941654 0
7010 0.936369 0
7020 0.931141 0
7030 0.925943 0
7040 0.920776 0
7050 0.915638 0
7060 0.91052 0
7070 0.90542 0
7080 0.899937 0
7090 0.893862 0
7100 0.887832 0
7110 0.881687 0
7120 0.869613 0
7130 0.855753 0
7140 0.841486 0
7150 0.826829 0
7160 0.81168 0
7170 0.79608 0
7180 0.780008 0
7190 0.763951 0
7200 0.747793 0
7210 0.731125 0
7220 0.712005 0
7230 0.696416 0
7240 0.681286 0
7250 0.666064 0
7260 0.651535 0
7270 0.636413 0
7280 0.620878 0
7290 0.605098 0
7300 0.588697 0
7310 0.572047 0
7320 0.555294 0
7330 0.540156 0
7340 0.525516 0
7350 0.51027 0
7360 0.495551 0
7370 0.480323 0
7380 0.464992 0
7390 0.450033 0
7400 0.434759 0
7410 0.419869 0
7420 0.40499 0
7430 0.390134 0
7440 0.375377 0
7450 0.360748 0
7460 0.346326 0
7470 0.331764 0
7480 0.317931 0
7490 0.304467 0
7500 0.291408 0
7510 0.278452 0
7520 0.266362 0
7530 0.254836 0
7540 0.243588 0
7550 0.233323 0
7560 0.223445 0
7570 0.214573 0
7580 0.206119 0
7590 0.198636 0
7600 0.191555 0
7610 0.185198 0
7620 0.179984 0
7630 0.175664 0
7640 0.172278 0
7650 0.169238 0
7660 0.171608 0
7670 0.179572 0
7680 0.187615 0
7690 0.196176 0
7700 0.205232 0
7710 0.21409 0
7720 0.221659 0
7730 0.229598 0
7740 0.236675 0
7750 0.243197 0
7760 0.250747 0
7770 0.273389 0
7780 0.302128 0
7790 0.330771 0
7800 0.357194 0
7810 0.384457 0
7820 0.409858 0
7830 0.435082 0
7840 0.46008 0
7850 0.483797 0
7860 0.506357 0
7870 0.528662 0
7880 0.549286 0
7890 0.569306 0
7900 0.590143 0
7910 0.606859 0
7920 0.621751 0
7930 0.634178 0
7940 0.646887 0
7950 0.660418 0
7960 0.67432 0
7970 0.685487 0
7980 0.696492 0
7990 0.707626 0
8000 0.719881 0
8010 0.732978 0
8020 0.742422 0
8030 0.741528 0
8040 0.740258 0
8050 0.739342 0
8060 0.738823 0
8070 0.73766 0
8080 0.736686 0
8090 0.735015 0
8100 0.734754 0
8110 0.733689 0
8120 0.732565 0
8130 0.731724 0
8140 0.731194 0
8150 0.729726 0
8160 0.72964 0
8170 0.72868 0
8180 0.727725 0
8190 0.727368 0
8200 0.726389 0
8210 0.726096 0
8220 0.725292 0
8230 0.72492 0
8240 0.724189 0
8250 0.723384 0
8260 0.722434 0
8270 0.719427 0
8280 0.717025 0
8290 0.713582 0
8300 0.710618 0
8310 0.707487 0
8320 0.703259 0
8330 0.700368 0
8340 0.697133 0
8350 0.693051 0
8360 0.689683 0
8370 0.686442 0
8380 0.682853 0
8390 0.678959 0
8400 0.675979 0
8410 0.672519 0
8420 0.668785 0
8430 0.664624 0
8440 0.661416 0
8450 0.658015 0
8460 0.654429 0
8470 0.650603 0
8480 0.646405 0
8490 0.642917 0
8500 0.639486 0
8510 0.635777 0
8520 0.632031 0
8530 0.628238 0
8540 0.624438 0
8550 0.620539 0
8560 0.616471 0
8570 0.612729 0
8580 0.609112 0
8590 0.605433 0
8600 0.601697 0
8610 0.597959 0
8620 0.594127 0
8630 0.590244 0
8640 0.58635 0
8650 0.582899 0
8660 0.579281 0
8670 0.575522 0
8680 0.57161 0
8690 0.567779 0
8700 0.565132 0
8710 0.56317 0
8720 0.560909 0
8730 0.55945 0
8740 0.558453 0
8750 0.55678 0
8760 0.555053 0
8770 0.553482 0
8780 0.550983 0
8790 0.550323 0
8800 0.54847 0
8810 0.546319 0
8820 0.545114 0
8830 0.543021 0
8840 0.541639 0
8850 0.539743 0
8860 0.537777 0
8870 0.536533 0
8880 0.536487 0
8890 0.535835 0
8900 0.535093 0
8910 0.535097 0
8920 0.533937 0
8930 0.53367 0
8940 0.533577 0
8950 0.533847 0
8960 0.532462 0
8970 0.532508 0
8980 0.532999 0
8990 0.531421 0
9000 0.531824 0

