3300 2.35307 0
3310 2.00043 0
3320 1.61013 0
3330 1.25844 0
3340 0.965307 0
3350 0.679892 0
3360 0.573518 0
3370 0.54379 0
3380 0.492972 0
3390 0.45664 0
3400 0.438157 0
3410 0.425203 0
3420 0.420821 0
3430 0.423301 0
3440 0.42898 0
3450 0.441458 0
3460 0.455626 0
3470 0.477662 0
3480 0.506363 0
3490 0.543077 0
3500 0.583975 0
3510 0.647573 0
3520 0.716749 0
3530 0.916055 0
3540 1.19668 0
3550 1.47254 0
3560 1.70548 0
3570 1.9391 0
3580 2.1648 0
3590 2.34065 0
3600 2.48402 0
3610 2.63974 0
3620 2.7591 0
3630 2.86839 0
3640 2.964 0
3650 3.08431 0
3660 3.14065 0
3670 3.22522 0
3680 3.28385 0
3690 3.3218 0
3700 3.32446 0
3710 3.33581 0
3720 3.33951 0
3730 3.33277 0
3740 3.34814 0
3750 3.34593 0
3760 3.36864 0
3770 3.38913 0
3780 3.44587 0
3790 3.47108 0
3800 3.49279 0
3810 3.52229 0
3820 3.55818 0
3830 3.56681 0
3840 3.57412 0
3850 3.53292 0
3860 3.47372 0
3870 3.42002 0
3880 3.35719 0
3890 3.28699 0
3900 3.21001 0
3910 3.12803 0
3920 3.05324 0
3930 2.96457 0
3940 2.87032 0
3950 2.78064 0
3960 2.70048 0
3970 2.62589 0
3980 2.55051 0
3990 2.46929 0
4000 2.394 0
4010 2.3108 0
4020 2.24555 0
4030 2.1751 0
4040 2.10545 0
4050 2.0418 0
4060 1.98655 0
4070 1.94245 0
4080 1.95825 0
4090 2.01717 0
4100 2.0737 0
4110 2.13013 0
4120 2.18095 0
4130 2.24227 0
4140 2.28432 0
4150 2.3479 0
4160 2.40017 0
4170 2.43835 0
4180 2.49403 0
4190 2.54095 0
4200 2.58392 0
4210 2.61786 0
4220 2.66883 0
4230 2.7064 0
4240 2.74477 0
4250 2.77967 0
4260 2.81517 0
4270 2.84915 0
4280 2.88191 0
4290 2.90144 0
4300 2.92225 0
4310 2.94903 0
4320 2.96739 0
4330 2.98314 0
4340 3.01093 0
4350 3.00935 0
4360 3.02109 0
4370 3.03018 0
4380 3.02952 0
4390 3.04561 0
4400 3.02684 0
4410 3.00436 0
4420 2.97952 0
4430 2.9737 0
4440 2.93564 0
4450 2.88566 0
4460 2.83027 0
4470 2.7741 0
4480 2.71421 0
4490 2.65117 0
4500 2.58385 0
4510 2.51397 0
4520 2.44231 0
4530 2.36764 0
4540 2.29262 0
4550 2.21723 0
4560 2.14387 0
4570 2.07248 0
4580 2.00418 0
4590 1.94074 0
4600 1.88415 0
4610 1.83348 0
4620 1.78408 0
4630 1.7323 0
4640 1.69866 0
4650 1.70902 0
4660 1.73571 0
4670 1.75811 0
4680 1.78279 0
4690 1.80706 0
4700 1.83278 0
4710 1.86225 0
4720 1.88638 0
4730 1.91214 0
4740 1.94179 0
4750 1.96771 0
4760 1.99472 0
4770 2.02132 0
4780 2.04655 0
4790 2.0739 0
4800 2.10235 0
4810 2.12586 0
4820 2.13953 0
4830 2.16469 0
4840 2.19001 0
4850 2.20148 0
4860 2.22568 0
4870 2.23626 0
4880 2.25935 0
4890 2.26597 0
4900 2.26671 0
4910 2.26238 0
4920 2.26337 0
4930 2.25409 0
4940 2.24951 0
4950 2.2489 0
4960 2.24281 0
4970 2.23622 0
4980 2.23291 0
4990 2.2258 0
5000 2.22769 0
5010 2.2184 0
5020 2.21264 0
5030 2.2036 0
5040 2.19502 0
5050 2.1879 0
5060 2.17884 0
5070 2.16884 0
5080 2.16045 0
5090 2.15258 0
5100 2.14404 0
5110 2.13369 0
5120 2.12314 0
5130 2.11277 0
5140 2.10261 0
5150 2.09316 0
5160 2.08428 0
5170 2.075 0
5180 2.06535 0
5190 2.05508 0
5200 2.04448 0
5210 2.03246 0
5220 2.01853 0
5230 2.0051 0
5240 1.99183 0
5250 1.97848 0
5260 1.96514 0
5270 1.95074 0
5280 1.93567 0
5290 1.92014 0
5300 1.90577 0
5310 1.89215 0
5320 1.87726 0
5330 1.86161 0
5340 1.84675 0
5350 1.83302 0
5360 1.81763 0
5370 1.80274 0
5380 1.78948 0
5390 1.77609 0
5400 1.7625 0
5410 1.74989 0
5420 1.7381 0
5430 1.7274 0
5440 1.71822 0
5450 1.71174 0
5460 1.7065 0
5470 1.69909 0
5480 1.69344 0
5490 1.68751 0
5500 1.68165 0
5510 1.67517 0
5520 1.6674 0
5530 1.638 0
5540 1.59825 0
5550 1.55225 0
5560 1.50281 0
5570 1.4532 0
5580 1.40549 0
5590 1.35619 0
5600 1.30525 0
5610 1.25626 0
5620 1.20694 0
5630 1.15747 0
5640 1.1088 0
5650 1.05984 0
5660 1.01144 0
5670 0.965809 0
5680 0.919975 0
5690 0.876222 0
5700 0.832709 0
5710 0.791054 0
5720 0.76151 0
5730 0.7378 0
5740 0.720762 0
5750 0.706239 0
5760 0.693057 0
5770 0.684089 0
5780 0.684035 0
5790 0.696662 0
5800 0.724197 0
5810 0.752037 0
5820 0.77606 0
5830 0.805567 0
5840 0.833555 0
5850 0.859363 0
5860 0.886864 0
5870 0.909924 0
5880 0.938734 0
5890 0.964309 0
5900 0.98843 0
5910 1.01497 0
5920 1.03509 0
5930 1.05487 0
5940 1.07572 0
5950 1.09567 0
5960 1.11759 0
5970 1.13868 0
5980 1.16015 0
5990 1.18101 0
6000 1.20192 0
6010 1.21671 0
6020 1.23763 0
6030 1.25751 0
6040 1.26457 0
6050 1.28419 0
6060 1.303 0
6070 1.30823 0
6080 1.32703 0
6090 1.33106 0
6100 1.34881 0
6110 1.3525 0
6120 1.36885 0
6130 1.37151 0
6140 1.38187 0
6150 1.38957 0
6160 1.39096 0
6170 1.39969 0
6180 1.40546 0
6190 1.40606 0
6200 1.41372 0
6210 1.41346 0
6220 1.41719 0
6230 1.41601 0
6240 1.42106 0
6250 1.41953 0
6260 1.41695 0
6270 1.4148 0
6280 1.41648 0
6290 1.42058 0
6300 1.41604 0
6310 1.41211 0
6320 1.40726 0
6330 1.40218 0
6340 1.39754 0
6350 1.3919 0
6360 1.38601 0
6370 1.38059 0
6380 1.37421 0
6390 1.36759 0
6400 1.36081 0
6410 1.35454 0
6420 1.34728 0
6430 1.33979 0
6440 1.33212 0
6450 1.32445 0
6460 1.31662 0
6470 1.30936 0
6480 1.30125 0
6490 1.29329 0
6500 1.28532 0
6510 1.27744 0
6520 1.26967 0
6530 1.26184 0
6540 1.25383 0
6550 1.24584 0
6560 1.23813 0
6570 1.23034 0
6580 1.22245 0
6590 1.21448 0
6600 1.20645 0
6610 1.19875 0
6620 1.19091 0
6630 1.18309 0
6640 1.17517 0
6650 1.16761 0
6660 1.15985 0
6670 1.15218 0
6680 1.14458 0
6690 1.13711 0
6700 1.1295 0
6710 1.12205 0
6720 1.11483 0
6730 1.10734 0
6740 1.1001 0
6750 1.09264 0
6760 1.08395 0
6770 1.07486 0
6780 1.06375 0
6790 1.05236 0
6800 1.04124 0
6810 1.02961 0
6820 1.01807 0
6830 1.00627 0
6840 0.994008 0
6850 0.98184 0
6860 0.969251 0
6870 0.957204 0
6880 0.944475 0
6890 0.931952 0
6900 0.918799 0
6910 0.905991 0
6920 0.892519 0
6930 0.879235 0
6940 0.865507 0
6950 0.852368 0
6960 0.839076 0
6970 0.826703 0
6980 0.814778 0
6990 0.802998 0
7000 0.79103 0
7010 0.778929 0
7020 0.766915 0
7030 0.75467 0
7040 0.742444 0
7050 0.730169 0
7060 0.717778 0
7070 0.705268 0
7080 0.692827 0
7090 0.679712 0
7100 0.666448 0
7110 0.653413 0
7120 0.638135 0
7130 0.620005 0
7140 0.601207 0
7150 0.583558 0
7160 0.56563 0
7170 0.548772 0
7180 0.533824 0
7190 0.524853 0
7200 0.513232 0
7210 0.503576 0
7220 0.487831 0
7230 0.473151 0
7240 0.456337 0
7250 0.440395 0
7260 0.423117 0
7270 0.407172 0
7280 0.394592 0
7290 0.382417 0
7300 0.370118 0
7310 0.36027 0
7320 0.348494 0
7330 0.336111 0
7340 0.32461 0
7350 0.314203 0
7360 0.30279 0
7370 0.291554 0
7380 0.279925 0
7390 0.269417 0
7400 0.26085 0
7410 0.252446 0
7420 0.24395 0
7430 0.236378 0
7440 0.227645 0
7450 0.220427 0
7460 0.214107 0
7470 0.206446 0
7480 0.201034 0
7490 0.194693 0
7500 0.190252 0
7510 0.184707 0
7520 0.181279 0
7530 0.177047 0
7540 0.17454 0
7550 0.171464 0
7560 0.169999 0
7570 0.168274 0
7580 0.167176 0
7590 0.171938 0
7600 0.176347 0
7610 0.181901 0
7620 0.187703 0
7630 0.19349 0
7640 0.199729 0
7650 0.206581 0
7660 0.212127 0
7670 0.217069 0
7680 0.22205 0
7690 0.232622 0
7700 0.253244 0
7710 0.274896 0
7720 0.293889 0
7730 0.313405 0
7740 0.334402 0
7750 0.351313 0
7760 0.3688 0
7770 0.385899 0
7780 0.40349 0
7790 0.418741 0
7800 0.434123 0
7810 0.449362 0
7820 0.463531 0
7830 0.476356 0
7840 0.491197 0
7850 0.503385 0
7860 0.514053 0
7870 0.525049 0
7880 0.535776 0
7890 0.546146 0
7900 0.557259 0
7910 0.566922 0
7920 0.575882 0
7930 0.583609 0
7940 0.592008 0
7950 0.600513 0
7960 0.605149 0
7970 0.610124 0
7980 0.61622 0
7990 0.623593 0
8000 0.625955 0
8010 0.629741 0
8020 0.634095 0
8030 0.635416 0
8040 0.636158 0
8050 0.631941 0
8060 0.629019 0
8070 0.624077 0
8080 0.618731 0
8090 0.613258 0
8100 0.607161 0
8110 0.601751 0
8120 0.595133 0
8130 0.588575 0
8140 0.583484 0
8150 0.577573 0
8160 0.572249 0
8170 0.566008 0
8180 0.561135 0
8190 0.554371 0
8200 0.549093 0
8210 0.543596 0
8220 0.5366 0
8230 0.531421 0
8240 0.524889 0
8250 0.51805 0
8260 0.512287 0
8270 0.505929 0
8280 0.498374 0
8290 0.492042 0
8300 0.485174 0
8310 0.477556 0
8320 0.469937 0
8330 0.463248 0
8340 0.456348 0
8350 0.448843 0
8360 0.442028 0
8370 0.436732 0
8380 0.431391 0
8390 0.42801 0
8400 0.425739 0
8410 0.426598 0
8420 0.428842 0
8430 0.430285 0
8440 0.43242 0
8450 0.434188 0
8460 0.436199 0
8470 0.437382 0
8480 0.440043 0
8490 0.442786 0
8500 0.444401 0
8510 0.44877 0
8520 0.45057 0
8530 0.452512 0
8540 0.454316 0
8550 0.456237 0
8560 0.458038 0
8570 0.460341 0
8580 0.463371 0
8590 0.466649 0
8600 0.468023 0
8610 0.471045 0
8620 0.474298 0
8630 0.475843 0
8640 0.477892 0
8650 0.480918 0
8660 0.482002 0
8670 0.482506 0
8680 0.484815 0
8690 0.483808 0
8700 0.485555 0
8710 0.486219 0
8720 0.486117 0
8730 0.486617 0
8740 0.486552 0
8750 0.487548 0
8760 0.48759 0
8770 0.488581 0
8780 0.489959 0
8790 0.490339 0
8800 0.493772 0
8810 0.492991 0
8820 0.495521 0
8830 0.497399 0
8840 0.49741 0
8850 0.498749 0
8860 0.500432 0
8870 0.500114 0
8880 0.501925 0
8890 0.502484 0
8900 0.502007 0
8910 0.503508 0
8920 0.503201 0
8930 0.503773 0
8940 0.502237 0
8950 0.502769 0
8960 0.502093 0
8970 0.502391 0
8980 0.500869 0
8990 0.501349 0
9000 0.499217 0

