3500 2.5917 0
3510 2.52055 0
3520 2.45229 0
3530 2.42705 0
3540 2.45846 0
3550 2.49401 0
3560 2.52963 0
3570 2.57201 0
3580 2.61174 0
3590 2.64328 0
3600 2.68261 0
3610 2.71451 0
3620 2.75595 0
3630 2.78663 0
3640 2.81375 0
3650 2.8416 0
3660 2.8455 0
3670 2.84896 0
3680 2.87236 0
3690 2.87575 0
3700 2.87892 0
3710 2.86764 0
3720 2.86872 0
3730 2.8601 0
3740 2.85883 0
3750 2.84244 0
3760 2.83191 0
3770 2.81932 0
3780 2.82439 0
3790 2.84459 0
3800 2.85541 0
3810 2.86997 0
3820 2.89621 0
3830 2.90502 0
3840 2.91543 0
3850 2.91979 0
3860 2.92483 0
3870 2.93048 0
3880 2.93665 0
3890 2.93981 0
3900 2.94121 0
3910 2.94499 0
3920 2.94271 0
3930 2.94484 0
3940 2.94378 0
3950 2.9432 0
3960 2.93785 0
3970 2.93696 0
3980 2.93631 0
3990 2.9297 0
4000 2.92532 0
4010 2.92458 0
4020 2.91405 0
4030 2.91298 0
4040 2.90266 0
4050 2.90113 0
4060 2.88999 0
4070 2.87914 0
4080 2.8717 0
4090 2.86619 0
4100 2.85449 0
4110 2.84254 0
4120 2.83068 0
4130 2.8187 0
4140 2.8066 0
4150 2.79425 0
4160 2.78181 0
4170 2.76922 0
4180 2.75649 0
4190 2.74379 0
4200 2.73111 0
4210 2.71871 0
4220 2.70634 0
4230 2.69379 0
4240 2.68117 0
4250 2.66908 0
4260 2.65716 0
4270 2.64511 0
4280 2.63406 0
4290 2.62302 0
4300 2.61196 0
4310 2.60123 0
4320 2.59027 0
4330 2.57976 0
4340 2.56902 0
4350 2.55867 0
4360 2.54828 0
4370 2.53797 0
4380 2.52791 0
4390 2.51775 0
4400 2.5078 0
4410 2.49803 0
4420 2.48823 0
4430 2.47851 0
4440 2.46897 0
4450 2.45815 0
4460 2.44426 0
4470 2.42187 0
4480 2.3988 0
4490 2.37527 0
4500 2.35132 0
4510 2.32664 0
4520 2.30162 0
4530 2.27616 0
4540 2.25022 0
4550 2.22365 0
4560 2.19672 0
4570 2.17017 0
4580 2.14345 0
4590 2.11647 0
4600 2.0899 0
4610 2.06679 0
4620 2.05222 0
4630 2.04886 0
4640 2.0522 0
4650 2.05624 0
4660 2.06121 0
4670 2.06388 0
4680 2.06619 0
4690 2.07224 0
4700 2.0755 0
4710 2.07787 0
4720 2.08311 0
4730 2.08445 0
4740 2.08901 0
4750 2.08927 0
4760 2.09542 0
4770 2.09901 0
4780 2.10047 0
4790 2.10238 0
4800 2.10489 0
4810 2.10481 0
4820 2.10763 0
4830 2.11035 0
4840 2.11363 0
4850 2.1085 0
4860 2.11153 0
4870 2.11478 0
4880 2.10979 0
4890 2.11277 0
4900 2.10769 0
4910 2.10834 0
4920 2.1052 0
4930 2.1056 0
4940 2.10229 0
4950 2.09661 0
4960 2.0962 0
4970 2.0899 0
4980 2.08369 0
4990 2.07953 0
5000 2.07841 0
5010 2.07136 0
5020 2.06405 0
5030 2.05657 0
5040 2.04893 0
5050 2.04111 0
5060 2.03315 0
5070 2.02504 0
5080 2.01679 0
5090 2.00841 0
5100 1.99988 0
5110 1.99123 0
5120 1.98246 0
5130 1.97363 0
5140 1.96479 0
5150 1.95602 0
5160 1.94726 0
5170 1.93847 0
5180 1.92958 0
5190 1.92071 0
5200 1.91196 0
5210 1.90323 0
5220 1.89444 0
5230 1.88568 0
5240 1.87707 0
5250 1.86849 0
5260 1.85946 0
5270 1.8502 0
5280 1.84035 0
5290 1.82945 0
5300 1.81875 0
5310 1.80778 0
5320 1.797 0
5330 1.78609 0
5340 1.77522 0
5350 1.76425 0
5360 1.75337 0
5370 1.74239 0
5380 1.7316 0
5390 1.72048 0
5400 1.70961 0
5410 1.6987 0
5420 1.68778 0
5430 1.67698 0
5440 1.66636 0
5450 1.65623 0
5460 1.64774 0
5470 1.64017 0
5480 1.63491 0
5490 1.63003 0
5500 1.62552 0
5510 1.62104 0
5520 1.61658 0
5530 1.61172 0
5540 1.6067 0
5550 1.60245 0
5560 1.59848 0
5570 1.5942 0
5580 1.58913 0
5590 1.58592 0
5600 1.58139 0
5610 1.55964 0
5620 1.53129 0
5630 1.49594 0
5640 1.45872 0
5650 1.42168 0
5660 1.38383 0
5670 1.34344 0
5680 1.30481 0
5690 1.26587 0
5700 1.2265 0
5710 1.18775 0
5720 1.14802 0
5730 1.10957 0
5740 1.07066 0
5750 1.03124 0
5760 0.99557 0
5770 0.957681 0
5780 0.92266 0
5790 0.890463 0
5800 0.863109 0
5810 0.846735 0
5820 0.849012 0
5830 0.863 0
5840 0.886088 0
5850 0.906398 0
5860 0.92336 0
5870 0.948305 0
5880 0.970227 0
5890 0.990394 0
5900 1.00586 0
5910 1.028 0
5920 1.04649 0
5930 1.06638 0
5940 1.08508 0
5950 1.09955 0
5960 1.12182 0
5970 1.14203 0
5980 1.15744 0
5990 1.17388 0
6000 1.18922 0
6010 1.20653 0
6020 1.21501 0
6030 1.23207 0
6040 1.24782 0
6050 1.259 0
6060 1.267 0
6070 1.28371 0
6080 1.29979 0
6090 1.30188 0
6100 1.31801 0
6110 1.31949 0
6120 1.33472 0
6130 1.33667 0
6140 1.35072 0
6150 1.35154 0
6160 1.36605 0
6170 1.36605 0
6180 1.3722 0
6190 1.37865 0
6200 1.37819 0
6210 1.38364 0
6220 1.38224 0
6230 1.38753 0
6240 1.38529 0
6250 1.38874 0
6260 1.38624 0
6270 1.38359 0
6280 1.38758 0
6290 1.38418 0
6300 1.38613 0
6310 1.38172 0
6320 1.37708 0
6330 1.37216 0
6340 1.36704 0
6350 1.36167 0
6360 1.35608 0
6370 1.35027 0
6380 1.34426 0
6390 1.33804 0
6400 1.33164 0
6410 1.32505 0
6420 1.31817 0
6430 1.31109 0
6440 1.30378 0
6450 1.29638 0
6460 1.28883 0
6470 1.28146 0
6480 1.27406 0
6490 1.2668 0
6500 1.25939 0
6510 1.25186 0
6520 1.24428 0
6530 1.2368 0
6540 1.22952 0
6550 1.22237 0
6560 1.21491 0
6570 1.2074 0
6580 1.2002 0
6590 1.19305 0
6600 1.18575 0
6610 1.17847 0
6620 1.17151 0
6630 1.16441 0
6640 1.15725 0
6650 1.15051 0
6660 1.14363 0
6670 1.13661 0
6680 1.13014 0
6690 1.12337 0
6700 1.11661 0
6710 1.11047 0
6720 1.1037 0
6730 1.09757 0
6740 1.09129 0
6750 1.08491 0
6760 1.07914 0
6770 1.07267 0
6780 1.06724 0
6790 1.06092 0
6800 1.05558 0
6810 1.04948 0
6820 1.04427 0
6830 1.03831 0
6840 1.03325 0
6850 1.02748 0
6860 1.02248 0
6870 1.01704 0
6880 1.01196 0
6890 1.00698 0
6900 1.00171 0
6910 0.996976 0
6920 0.992012 0
6930 0.986981 0
6940 0.982123 0
6950 0.977181 0
6960 0.97219 0
6970 0.967399 0
6980 0.9626 0
6990 0.957938 0
7000 0.953179 0
7010 0.948498 0
7020 0.943897 0
7030 0.939603 0
7040 0.93557 0
7050 0.931632 0
7060 0.927842 0
7070 0.924075 0
7080 0.920297 0
7090 0.916553 0
7100 0.912791 0
7110 0.909036 0
7120 0.90531 0
7130 0.901605 0
7140 0.897889 0
7150 0.894189 0
7160 0.890511 0
7170 0.886915 0
7180 0.88345 0
7190 0.880375 0
7200 0.877405 0
7210 0.874374 0
7220 0.871425 0
7230 0.868404 0
7240 0.865425 0
7250 0.86249 0
7260 0.859602 0
7270 0.856767 0
7280 0.853767 0
7290 0.850994 0
7300 0.848061 0
7310 0.845146 0
7320 0.842476 0
7330 0.839624 0
7340 0.836782 0
7350 0.833977 0
7360 0.831185 0
7370 0.828422 0
7380 0.825681 0
7390 0.822965 0
7400 0.820005 0
7410 0.817324 0
7420 0.814657 0
7430 0.81203 0
7440 0.80913 0
7450 0.80653 0
7460 0.803947 0
7470 0.801101 0
7480 0.798555 0
7490 0.795737 0
7500 0.793214 0
7510 0.790441 0
7520 0.787936 0
7530 0.785186 0
7540 0.782725 0
7550 0.779989 0
7560 0.777549 0
7570 0.774841 0
7580 0.772157 0
7590 0.769745 0
7600 0.767064 0
7610 0.764414 0
7620 0.762045 0
7630 0.759395 0
7640 0.756766 0
7650 0.754422 0
7660 0.751808 0
7670 0.749204 0
7680 0.746619 0
7690 0.744036 0
7700 0.741729 0
7710 0.739154 0
7720 0.736588 0
7730 0.73404 0
7740 0.731502 0
7750 0.728971 0
7760 0.726714 0
7770 0.724191 0
7780 0.721676 0
7790 0.719165 0
7800 0.716662 0
7810 0.714166 0
7820 0.711678 0
7830 0.709197 0
7840 0.706724 0
7850 0.704257 0
7860 0.701799 0
7870 0.699348 0
7880 0.696904 0
7890 0.694468 0
7900 0.692039 0
7910 0.689618 0
7920 0.687204 0
7930 0.684798 0
7940 0.682398 0
7950 0.680006 0
7960 0.677622 0
7970 0.675246 0
7980 0.672878 0
7990 0.67052 0
8000 0.668173 0
8010 0.665834 0
8020 0.663504 0
8030 0.661183 0
8040 0.658867 0
8050 0.656559 0
8060 0.654259 0
8070 0.651971 0
8080 0.649695 0
8090 0.647428 0
8100 0.645168 0
8110 0.642913 0
8120 0.640667 0
8130 0.638435 0
8140 0.636214 0
8150 0.634 0
8160 0.63179 0
8170 0.62959 0
8180 0.627405 0
8190 0.62523 0
8200 0.623057 0
8210 0.620893 0
8220 0.618745 0
8230 0.616606 0
8240 0.614469 0
8250 0.612342 0
8260 0.610231 0
8270 0.608124 0
8280 0.606022 0
8290 0.603937 0
8300 0.601846 0
8310 0.599563 0
8320 0.597159 0
8330 0.59475 0
8340 0.592337 0
8350 0.589936 0
8360 0.587525 0
8370 0.585122 0
8380 0.582713 0
8390 0.580301 0
8400 0.577891 0
8410 0.575488 0
8420 0.573075 0
8430 0.57067 0
8440 0.568255 0
8450 0.565855 0
8460 0.563438 0
8470 0.561022 0
8480 0.558638 0
8490 0.556221 0
8500 0.55381 0
8510 0.551397 0
8520 0.548993 0
8530 0.546587 0
8540 0.544193 0
8550 0.541803 0
8560 0.539426 0
8570 0.537059 0
8580 0.534709 0
8590 0.532386 0
8600 0.53021 0
8610 0.528249 0
8620 0.526585 0
8630 0.525101 0
8640 0.523589 0
8650 0.522067 0
8660 0.520626 0
8670 0.51915 0
8680 0.517738 0
8690 0.516266 0
8700 0.51479 0
8710 0.51323 0
8720 0.511991 0
8730 0.510489 0
8740 0.509009 0
8750 0.507555 0
8760 0.506122 0
8770 0.504861 0
8780 0.503475 0
8790 0.501957 0
8800 0.500608 0
8810 0.499283 0
8820 0.497973 0
8830 0.496695 0
8840 0.495204 0
8850 0.493787 0
8860 0.492547 0
8870 0.4911 0
8880 0.489902 0
8890 0.488528 0
8900 0.487125 0
8910 0.485785 0
8920 0.484397 0
8930 0.483265 0
8940 0.481961 0
8950 0.480599 0
8960 0.479321 0
8970 0.477988 0
8980 0.476473 0
8990 0.475399 0
9000 0.473913 0

