3300 1.12366 0
3310 0.942938 0
3320 0.804421 0
3330 0.694528 0
3340 0.601586 0
3350 0.52867 0
3360 0.474441 0
3370 0.437026 0
3380 0.412964 0
3390 0.400156 0
3400 0.396883 0
3410 0.401235 0
3420 0.412456 0
3430 0.429037 0
3440 0.450124 0
3450 0.474545 0
3460 0.501064 0
3470 0.52878 0
3480 0.557026 0
3490 0.585414 0
3500 0.613563 0
3510 0.641934 0
3520 0.670087 0
3530 0.699396 0
3540 0.730962 0
3550 0.779582 0
3560 0.852662 0
3570 0.928605 0
3580 1.19668 0
3590 1.4885 0
3600 1.76662 0
3610 2.03399 0
3620 2.27256 0
3630 2.47847 0
3640 2.70206 0
3650 2.87605 0
3660 3.05622 0
3670 3.20666 0
3680 3.38068 0
3690 3.50404 0
3700 3.54758 0
3710 3.50964 0
3720 3.45331 0
3730 3.40985 0
3740 3.34327 0
3750 3.29232 0
3760 3.27033 0
3770 3.28579 0
3780 3.30194 0
3790 3.32222 0
3800 3.34312 0
3810 3.36117 0
3820 3.37737 0
3830 3.39326 0
3840 3.42185 0
3850 3.43781 0
3860 3.46463 0
3870 3.48379 0
3880 3.51151 0
3890 3.52762 0
3900 3.55462 0
3910 3.57846 0
3920 3.57585 0
3930 3.56133 0
3940 3.54759 0
3950 3.53294 0
3960 3.51685 0
3970 3.50059 0
3980 3.48449 0
3990 3.47829 0
4000 3.46504 0
4010 3.45129 0
4020 3.43565 0
4030 3.43107 0
4040 3.41295 0
4050 3.39997 0
4060 3.37955 0
4070 3.36472 0
4080 3.33853 0
4090 3.32101 0
4100 3.28961 0
4110 3.26966 0
4120 3.24582 0
4130 3.22632 0
4140 3.19984 0
4150 3.17863 0
4160 3.16242 0
4170 3.14557 0
4180 3.12854 0
4190 3.10936 0
4200 3.09197 0
4210 3.07608 0
4220 3.06681 0
4230 3.05198 0
4240 3.03478 0
4250 3.02152 0
4260 2.99805 0
4270 2.97406 0
4280 2.95049 0
4290 2.92766 0
4300 2.89922 0
4310 2.87095 0
4320 2.84238 0
4330 2.8143 0
4340 2.78707 0
4350 2.76193 0
4360 2.7389 0
4370 2.71478 0
4380 2.68883 0
4390 2.66199 0
4400 2.63523 0
4410 2.6088 0
4420 2.58293 0
4430 2.55711 0
4440 2.53088 0
4450 2.50411 0
4460 2.47664 0
4470 2.44828 0
4480 2.41889 0
4490 2.38838 0
4500 2.35661 0
4510 2.32344 0
4520 2.28876 0
4530 2.25242 0
4540 2.21431 0
4550 2.17435 0
4560 2.13244 0
4570 2.0886 0
4580 2.04299 0
4590 2.00479 0
4600 1.98196 0
4610 1.98614 0
4620 1.99304 0
4630 2.00085 0
4640 2.00926 0
4650 2.0188 0
4660 2.02954 0
4670 2.04096 0
4680 2.0527 0
4690 2.06549 0
4700 2.07888 0
4710 2.0931 0
4720 2.10712 0
4730 2.12316 0
4740 2.13757 0
4750 2.15464 0
4760 2.16974 0
4770 2.18527 0
4780 2.19969 0
4790 2.20892 0
4800 2.2074 0
4810 2.19782 0
4820 2.18834 0
4830 2.17905 0
4840 2.16984 0
4850 2.16068 0
4860 2.15158 0
4870 2.1426 0
4880 2.1338 0
4890 2.12486 0
4900 2.11607 0
4910 2.10729 0
4920 2.09884 0
4930 2.09038 0
4940 2.0823 0
4950 2.07411 0
4960 2.06591 0
4970 2.05826 0
4980 2.05032 0
4990 2.04238 0
5000 2.03457 0
5010 2.02692 0
5020 2.0193 0
5030 2.01152 0
5040 2.00376 0
5050 1.99604 0
5060 1.98836 0
5070 1.98071 0
5080 1.97309 0
5090 1.96544 0
5100 1.95778 0
5110 1.9499 0
5120 1.94227 0
5130 1.93438 0
5140 1.9263 0
5150 1.91824 0
5160 1.90995 0
5170 1.90187 0
5180 1.89364 0
5190 1.88523 0
5200 1.87694 0
5210 1.86868 0
5220 1.86021 0
5230 1.852 0
5240 1.84356 0
5250 1.83512 0
5260 1.82645 0
5270 1.81762 0
5280 1.80869 0
5290 1.79949 0
5300 1.79009 0
5310 1.78054 0
5320 1.77071 0
5330 1.76036 0
5340 1.74943 0
5350 1.73713 0
5360 1.72384 0
5370 1.70976 0
5380 1.69552 0
5390 1.68108 0
5400 1.66638 0
5410 1.65135 0
5420 1.63723 0
5430 1.6251 0
5440 1.61313 0
5450 1.60237 0
5460 1.59018 0
5470 1.57634 0
5480 1.56191 0
5490 1.54676 0
5500 1.53069 0
5510 1.5137 0
5520 1.49577 0
5530 1.47657 0
5540 1.45638 0
5550 1.43719 0
5560 1.41833 0
5570 1.39921 0
5580 1.37937 0
5590 1.35767 0
5600 1.33469 0
5610 1.31029 0
5620 1.28405 0
5630 1.25615 0
5640 1.22663 0
5650 1.1949 0
5660 1.16106 0
5670 1.12466 0
5680 1.08606 0
5690 1.04557 0
5700 1.00441 0
5710 0.96283 0
5720 0.921159 0
5730 0.879822 0
5740 0.839172 0
5750 0.799647 0
5760 0.761656 0
5770 0.725733 0
5780 0.701479 0
5790 0.699408 0
5800 0.719349 0
5810 0.754188 0
5820 0.789917 0
5830 0.825886 0
5840 0.862749 0
5850 0.899139 0
5860 0.936062 0
5870 0.974061 0
5880 1.01115 0
5890 1.04839 0
5900 1.08585 0
5910 1.12265 0
5920 1.15875 0
5930 1.19519 0
5940 1.23019 0
5950 1.26547 0
5960 1.29872 0
5970 1.33081 0
5980 1.3624 0
5990 1.39321 0
6000 1.42287 0
6010 1.45121 0
6020 1.47674 0
6030 1.49766 0
6040 1.50623 0
6050 1.50754 0
6060 1.50056 0
6070 1.49377 0
6080 1.4877 0
6090 1.48079 0
6100 1.47417 0
6110 1.46805 0
6120 1.46073 0
6130 1.45519 0
6140 1.44809 0
6150 1.44242 0
6160 1.43569 0
6170 1.42987 0
6180 1.42426 0
6190 1.41843 0
6200 1.413 0
6210 1.40748 0
6220 1.4021 0
6230 1.39599 0
6240 1.39078 0
6250 1.38525 0
6260 1.38014 0
6270 1.37447 0
6280 1.36852 0
6290 1.36271 0
6300 1.35725 0
6310 1.35197 0
6320 1.34675 0
6330 1.34104 0
6340 1.33522 0
6350 1.32931 0
6360 1.32345 0
6370 1.31762 0
6380 1.31182 0
6390 1.30602 0
6400 1.30023 0
6410 1.2944 0
6420 1.28855 0
6430 1.28336 0
6440 1.27803 0
6450 1.27294 0
6460 1.26759 0
6470 1.26197 0
6480 1.25625 0
6490 1.25166 0
6500 1.24637 0
6510 1.24109 0
6520 1.23563 0
6530 1.23107 0
6540 1.22582 0
6550 1.22031 0
6560 1.21595 0
6570 1.21072 0
6580 1.20574 0
6590 1.20112 0
6600 1.19567 0
6610 1.19138 0
6620 1.1861 0
6630 1.18165 0
6640 1.17647 0
6650 1.17206 0
6660 1.16684 0
6670 1.16258 0
6680 1.15731 0
6690 1.15312 0
6700 1.14838 0
6710 1.14351 0
6720 1.13725 0
6730 1.13014 0
6740 1.12203 0
6750 1.11376 0
6760 1.10494 0
6770 1.09648 0
6780 1.08849 0
6790 1.08096 0
6800 1.07358 0
6810 1.0663 0
6820 1.05914 0
6830 1.0521 0
6840 1.04517 0
6850 1.03838 0
6860 1.03172 0
6870 1.02519 0
6880 1.01877 0
6890 1.01249 0
6900 1.00633 0
6910 1.00028 0
6920 0.994336 0
6930 0.988485 0
6940 0.982725 0
6950 0.977054 0
6960 0.971463 0
6970 0.965957 0
6980 0.960516 0
6990 0.954961 0
7000 0.949103 0
7010 0.943223 0
7020 0.937022 0
7030 0.927872 0
7040 0.916873 0
7050 0.905651 0
7060 0.894189 0
7070 0.882502 0
7080 0.870557 0
7090 0.858541 0
7100 0.846462 0
7110 0.834141 0
7120 0.821933 0
7130 0.810236 0
7140 0.798725 0
7150 0.787536 0
7160 0.776221 0
7170 0.76461 0
7180 0.75266 0
7190 0.7404 0
7200 0.727792 0
7210 0.714866 0
7220 0.701883 0
7230 0.689636 0
7240 0.677543 0
7250 0.665097 0
7260 0.65237 0
7270 0.639292 0
7280 0.625905 0
7290 0.612206 0
7300 0.598198 0
7310 0.583878 0
7320 0.569279 0
7330 0.554423 0
7340 0.539294 0
7350 0.5239 0
7360 0.508267 0
7370 0.492484 0
7380 0.476727 0
7390 0.461023 0
7400 0.445261 0
7410 0.429451 0
7420 0.41377 0
7430 0.398486 0
7440 0.383353 0
7450 0.368277 0
7460 0.353332 0
7470 0.33864 0
7480 0.324285 0
7490 0.310316 0
7500 0.296793 0
7510 0.283744 0
7520 0.271241 0
7530 0.259294 0
7540 0.247977 0
7550 0.2373 0
7560 0.227299 0
7570 0.218019 0
7580 0.20946 0
7590 0.201634 0
7600 0.19455 0
7610 0.188202 0
7620 0.182609 0
7630 0.177697 0
7640 0.173556 0
7650 0.170358 0
7660 0.167969 0
7670 0.166232 0
7680 0.165771 0
7690 0.170762 0
7700 0.177909 0
7710 0.185502 0
7720 0.193744 0
7730 0.202177 0
7740 0.210311 0
7750 0.217745 0
7760 0.22486 0
7770 0.231591 0
7780 0.238096 0
7790 0.250086 0
7800 0.276283 0
7810 0.303653 0
7820 0.330557 0
7830 0.356372 0
7840 0.381885 0
7850 0.406352 0
7860 0.42992 0
7870 0.453437 0
7880 0.475884 0
7890 0.497107 0
7900 0.517543 0
7910 0.538005 0
7920 0.556924 0
7930 0.575512 0
7940 0.592992 0
7950 0.610002 0
7960 0.622306 0
7970 0.634948 0
7980 0.647623 0
7990 0.660087 0
8000 0.671425 0
8010 0.682459 0
8020 0.6939 0
8030 0.706246 0
8040 0.719831 0
8050 0.732506 0
8060 0.740428 0
8070 0.741665 0
8080 0.740433 0
8090 0.739126 0
8100 0.737765 0
8110 0.736811 0
8120 0.735931 0
8130 0.734801 0
8140 0.733513 0
8150 0.732998 0
8160 0.731707 0
8170 0.731099 0
8180 0.73024 0
8190 0.729049 0
8200 0.728752 0
8210 0.727424 0
8220 0.727198 0
8230 0.726061 0
8240 0.725721 0
8250 0.724606 0
8260 0.724459 0
8270 0.723338 0
8280 0.723002 0
8290 0.722031 0
8300 0.720312 0
8310 0.718062 0
8320 0.714827 0
8330 0.711573 0
8340 0.708298 0
8350 0.704573 0
8360 0.701209 0
8370 0.697991 0
8380 0.6944 0
8390 0.690674 0
8400 0.687596 0
8410 0.684225 0
8420 0.680425 0
8430 0.676554 0
8440 0.673427 0
8450 0.670083 0
8460 0.666528 0
8470 0.662688 0
8480 0.658795 0
8490 0.655531 0
8500 0.652148 0
8510 0.648634 0
8520 0.645012 0
8530 0.64123 0
8540 0.63733 0
8550 0.633346 0
8560 0.629643 0
8570 0.626808 0
8580 0.624577 0
8590 0.622412 0
8600 0.620236 0
8610 0.618076 0
8620 0.615949 0
8630 0.61379 0
8640 0.611624 0
8650 0.609523 0
8660 0.607791 0
8670 0.605887 0
8680 0.603935 0
8690 0.601888 0
8700 0.599917 0
8710 0.597817 0
8720 0.595657 0
8730 0.593683 0
8740 0.592153 0
8750 0.590451 0
8760 0.588545 0
8770 0.586496 0
8780 0.584415 0
8790 0.583008 0
8800 0.58147 0
8810 0.579575 0
8820 0.577401 0
8830 0.575419 0
8840 0.57389 0
8850 0.571897 0
8860 0.56983 0
8870 0.567991 0
8880 0.566373 0
8890 0.564384 0
8900 0.562705 0
8910 0.562249 0
8920 0.561393 0
8930 0.560126 0
8940 0.55928 0
8950 0.557859 0
8960 0.556271 0
8970 0.555294 0
8980 0.55392 0
8990 0.552316 0
9000 0.551351 0

