3300 2.08671 0
3310 2.05822 0
3320 2.04199 0
3330 2.10277 0
3340 2.16156 0
3350 2.22344 0
3360 2.28481 0
3370 2.34504 0
3380 2.13317 0
3390 1.91992 0
3400 1.67537 0
3410 1.46621 0
3420 1.29548 0
3430 1.11348 0
3440 0.924563 0
3450 0.778401 0
3460 0.632973 0
3470 0.483927 0
3480 0.483208 0
3490 0.489655 0
3500 0.505622 0
3510 0.528479 0
3520 0.561441 0
3530 0.702731 0
3540 0.913164 0
3550 1.134 0
3560 1.32038 0
3570 1.50212 0
3580 1.68475 0
3590 1.82242 0
3600 1.94551 0
3610 2.09302 0
3620 2.20088 0
3630 2.30923 0
3640 2.41018 0
3650 2.52318 0
3660 2.57796 0
3670 2.65697 0
3680 2.70695 0
3690 2.74612 0
3700 2.74298 0
3710 2.74301 0
3720 2.73642 0
3730 2.72292 0
3740 2.72061 0
3750 2.70476 0
3760 2.70587 0
3770 2.71492 0
3780 2.74373 0
3790 2.75323 0
3800 2.76511 0
3810 2.78157 0
3820 2.79813 0
3830 2.79691 0
3840 2.80798 0
3850 2.81633 0
3860 2.81 0
3870 2.82487 0
3880 2.8282 0
3890 2.82694 0
3900 2.82576 0
3910 2.82622 0
3920 2.84124 0
3930 2.83948 0
3940 2.83886 0
3950 2.84533 0
3960 2.84879 0
3970 2.85568 0
3980 2.86015 0
3990 2.86247 0
4000 2.86915 0
4010 2.86293 0
4020 2.87277 0
4030 2.8675 0
4040 2.84908 0
4050 2.82925 0
4060 2.8045 0
4070 2.77752 0
4080 2.75247 0
4090 2.71411 0
4100 2.67893 0
4110 2.64305 0
4120 2.59647 0
4130 2.55921 0
4140 2.51449 0
4150 2.47675 0
4160 2.4615 0
4170 2.46158 0
4180 2.46866 0
4190 2.47289 0
4200 2.47675 0
4210 2.47916 0
4220 2.4876 0
4230 2.49272 0
4240 2.49904 0
4250 2.50748 0
4260 2.51365 0
4270 2.51605 0
4280 2.52046 0
4290 2.52921 0
4300 2.52924 0
4310 2.53579 0
4320 2.53466 0
4330 2.53035 0
4340 2.51696 0
4350 2.50204 0
4360 2.48763 0
4370 2.47467 0
4380 2.45902 0
4390 2.44689 0
4400 2.43431 0
4410 2.42308 0
4420 2.40912 0
4430 2.39763 0
4440 2.38228 0
4450 2.36929 0
4460 2.35174 0
4470 2.3246 0
4480 2.30074 0
4490 2.272 0
4500 2.24211 0
4510 2.21731 0
4520 2.19022 0
4530 2.16166 0
4540 2.13224 0
4550 2.10198 0
4560 2.06957 0
4570 2.03611 0
4580 2.00256 0
4590 1.97409 0
4600 1.95856 0
4610 1.95562 0
4620 1.95649 0
4630 1.95109 0
4640 1.94939 0
4650 1.95061 0
4660 1.96118 0
4670 1.96239 0
4680 1.96821 0
4690 1.96827 0
4700 1.97415 0
4710 1.98489 0
4720 1.98537 0
4730 1.98705 0
4740 1.99799 0
4750 2.00168 0
4760 2.00642 0
4770 2.0116 0
4780 2.01799 0
4790 2.02522 0
4800 2.03197 0
4810 2.03987 0
4820 2.03499 0
4830 2.04385 0
4840 2.05283 0
4850 2.04926 0
4860 2.05807 0
4870 2.05515 0
4880 2.06408 0
4890 2.06065 0
4900 2.06666 0
4910 2.06626 0
4920 2.07218 0
4930 2.06817 0
4940 2.06792 0
4950 2.07249 0
4960 2.0681 0
4970 2.06354 0
4980 2.06214 0
4990 2.05728 0
5000 2.0608 0
5010 2.05477 0
5020 2.04908 0
5030 2.04252 0
5040 2.03612 0
5050 2.02948 0
5060 2.02204 0
5070 2.01491 0
5080 2.00774 0
5090 1.99958 0
5100 1.9915 0
5110 1.98345 0
5120 1.97526 0
5130 1.96679 0
5140 1.95805 0
5150 1.94942 0
5160 1.94074 0
5170 1.93199 0
5180 1.92275 0
5190 1.9134 0
5200 1.9042 0
5210 1.89528 0
5220 1.88639 0
5230 1.87748 0
5240 1.86856 0
5250 1.85986 0
5260 1.85109 0
5270 1.84178 0
5280 1.83221 0
5290 1.82135 0
5300 1.8103 0
5310 1.79942 0
5320 1.78807 0
5330 1.77689 0
5340 1.76557 0
5350 1.75423 0
5360 1.74268 0
5370 1.73094 0
5380 1.71897 0
5390 1.7069 0
5400 1.69441 0
5410 1.68193 0
5420 1.67027 0
5430 1.65966 0
5440 1.65083 0
5450 1.64515 0
5460 1.64029 0
5470 1.63417 0
5480 1.62895 0
5490 1.62477 0
5500 1.61996 0
5510 1.61608 0
5520 1.61265 0
5530 1.60883 0
5540 1.60368 0
5550 1.60176 0
5560 1.59731 0
5570 1.59311 0
5580 1.59122 0
5590 1.58748 0
5600 1.58395 0
5610 1.56713 0
5620 1.5405 0
5630 1.50507 0
5640 1.46818 0
5650 1.42821 0
5660 1.38648 0
5670 1.34539 0
5680 1.30346 0
5690 1.26163 0
5700 1.21671 0
5710 1.17355 0
5720 1.12685 0
5730 1.08467 0
5740 1.044 0
5750 1.00145 0
5760 0.962062 0
5770 0.927622 0
5780 0.898579 0
5790 0.885663 0
5800 0.891243 0
5810 0.89647 0
5820 0.896424 0
5830 0.903135 0
5840 0.911178 0
5850 0.9249 0
5860 0.944551 0
5870 0.961395 0
5880 0.984511 0
5890 1.00521 0
5900 1.02433 0
5910 1.04724 0
5920 1.06365 0
5930 1.08049 0
5940 1.09718 0
5950 1.11566 0
5960 1.13433 0
5970 1.15217 0
5980 1.17215 0
5990 1.1905 0
6000 1.21113 0
6010 1.22438 0
6020 1.24456 0
6030 1.26369 0
6040 1.27034 0
6050 1.28867 0
6060 1.30939 0
6070 1.31352 0
6080 1.33245 0
6090 1.33765 0
6100 1.35502 0
6110 1.3579 0
6120 1.3749 0
6130 1.37639 0
6140 1.3858 0
6150 1.39315 0
6160 1.39377 0
6170 1.40208 0
6180 1.40726 0
6190 1.40664 0
6200 1.41399 0
6210 1.41267 0
6220 1.41604 0
6230 1.41289 0
6240 1.41721 0
6250 1.4142 0
6260 1.41073 0
6270 1.40725 0
6280 1.40882 0
6290 1.41446 0
6300 1.41162 0
6310 1.40858 0
6320 1.40532 0
6330 1.40189 0
6340 1.39826 0
6350 1.39439 0
6360 1.39022 0
6370 1.38585 0
6380 1.38132 0
6390 1.37636 0
6400 1.37112 0
6410 1.36597 0
6420 1.3599 0
6430 1.35391 0
6440 1.34744 0
6450 1.34044 0
6460 1.33365 0
6470 1.32691 0
6480 1.32016 0
6490 1.31337 0
6500 1.30679 0
6510 1.30011 0
6520 1.29306 0
6530 1.28604 0
6540 1.27895 0
6550 1.27114 0
6560 1.26354 0
6570 1.25557 0
6580 1.24724 0
6590 1.23947 0
6600 1.23177 0
6610 1.22491 0
6620 1.21825 0
6630 1.21194 0
6640 1.20553 0
6650 1.19894 0
6660 1.19282 0
6670 1.18674 0
6680 1.1802 0
6690 1.17445 0
6700 1.16845 0
6710 1.16207 0
6720 1.15675 0
6730 1.15079 0
6740 1.14483 0
6750 1.13956 0
6760 1.13332 0
6770 1.12822 0
6780 1.12242 0
6790 1.11707 0
6800 1.11195 0
6810 1.10657 0
6820 1.1017 0
6830 1.0964 0
6840 1.09184 0
6850 1.08651 0
6860 1.08199 0
6870 1.07719 0
6880 1.07234 0
6890 1.06719 0
6900 1.06181 0
6910 1.05723 0
6920 1.05211 0
6930 1.04742 0
6940 1.0426 0
6950 1.03763 0
6960 1.03318 0
6970 1.02864 0
6980 1.02472 0
6990 1.02079 0
7000 1.01703 0
7010 1.01325 0
7020 1.00942 0
7030 1.0056 0
7040 1.0016 0
7050 0.99752 0
7060 0.993431 0
7070 0.989306 0
7080 0.984893 0
7090 0.980131 0
7100 0.97535 0
7110 0.970497 0
7120 0.965605 0
7130 0.960709 0
7140 0.955878 0
7150 0.951304 0
7160 0.94628 0
7170 0.941035 0
7180 0.935601 0
7190 0.930339 0
7200 0.925125 0
7210 0.919302 0
7220 0.914269 0
7230 0.908481 0
7240 0.90277 0
7250 0.896847 0
7260 0.891475 0
7270 0.886025 0
7280 0.879847 0
7290 0.871565 0
7300 0.862915 0
7310 0.853172 0
7320 0.843624 0
7330 0.811575 0
7340 0.778536 0
7350 0.749198 0
7360 0.720646 0
7370 0.684487 0
7380 0.659511 0
7390 0.625554 0
7400 0.597782 0
7410 0.570027 0
7420 0.540146 0
7430 0.506026 0
7440 0.472742 0
7450 0.43773 0
7460 0.402769 0
7470 0.376678 0
7480 0.341948 0
7490 0.317139 0
7500 0.283516 0
7510 0.262128 0
7520 0.239954 0
7530 0.219269 0
7540 0.201887 0
7550 0.193526 0
7560 0.186143 0
7570 0.181665 0
7580 0.1758 0
7590 0.177935 0
7600 0.179285 0
7610 0.182811 0
7620 0.187677 0
7630 0.191327 0
7640 0.197208 0
7650 0.204739 0
7660 0.210059 0
7670 0.214617 0
7680 0.219984 0
7690 0.230794 0
7700 0.254273 0
7710 0.279337 0
7720 0.301203 0
7730 0.323973 0
7740 0.348729 0
7750 0.368922 0
7760 0.38937 0
7770 0.408543 0
7780 0.428365 0
7790 0.444803 0
7800 0.457727 0
7810 0.472406 0
7820 0.482958 0
7830 0.493273 0
7840 0.505816 0
7850 0.51498 0
7860 0.521551 0
7870 0.52889 0
7880 0.536109 0
7890 0.54234 0
7900 0.546611 0
7910 0.553406 0
7920 0.557755 0
7930 0.564595 0
7940 0.569155 0
7950 0.575839 0
7960 0.573589 0
7970 0.575508 0
7980 0.579173 0
7990 0.583732 0
8000 0.584171 0
8010 0.588199 0
8020 0.596597 0
8030 0.602639 0
8040 0.614373 0
8050 0.617912 0
8060 0.624329 0
8070 0.628416 0
8080 0.630822 0
8090 0.632268 0
8100 0.636429 0
8110 0.638023 0
8120 0.640819 0
8130 0.641729 0
8140 0.645371 0
8150 0.646919 0
8160 0.649536 0
8170 0.648704 0
8180 0.651718 0
8190 0.653023 0
8200 0.655348 0
8210 0.657722 0
8220 0.656132 0
8230 0.659286 0
8240 0.662552 0
8250 0.660735 0
8260 0.662746 0
8270 0.664373 0
8280 0.662234 0
8290 0.6614 0
8300 0.659289 0
8310 0.661714 0
8320 0.664073 0
8330 0.668524 0
8340 0.670677 0
8350 0.670102 0
8360 0.669799 0
8370 0.66758 0
8380 0.665692 0
8390 0.661979 0
8400 0.656683 0
8410 0.653577 0
8420 0.650367 0
8430 0.646745 0
8440 0.643382 0
8450 0.639555 0
8460 0.634441 0
8470 0.629451 0
8480 0.626476 0
8490 0.622873 0
8500 0.62078 0
8510 0.618538 0
8520 0.616549 0
8530 0.616171 0
8540 0.616161 0
8550 0.61608 0
8560 0.615315 0
8570 0.615616 0
8580 0.616999 0
8590 0.619097 0
8600 0.620519 0
8610 0.620908 0
8620 0.622405 0
8630 0.62534 0
8640 0.626403 0
8650 0.627035 0
8660 0.625662 0
8670 0.62468 0
8680 0.623037 0
8690 0.620847 0
8700 0.619624 0
8710 0.617722 0
8720 0.616701 0
8730 0.614895 0
8740 0.613538 0
8750 0.613532 0
8760 0.612764 0
8770 0.611583 0
8780 0.611282 0
8790 0.610476 0
8800 0.610593 0
8810 0.6087 0
8820 0.610546 0
8830 0.610925 0
8840 0.61066 0
8850 0.609501 0
8860 0.608154 0
8870 0.608366 0
8880 0.607727 0
8890 0.604911 0
8900 0.603134 0
8910 0.600139 0
8920 0.599782 0
8930 0.598003 0
8940 0.597149 0
8950 0.596527 0
8960 0.597809 0
8970 0.596558 0
8980 0.594853 0
8990 0.594287 0
9000 0.595298 0

