3300 nan 0
3310 nan 0
3320 nan 0
3330 nan 0
3340 nan 0
3350 nan 0
3360 nan 0
3370 nan 0
3380 nan 0
3390 nan 0
3400 nan 0
3410 nan 0
3420 nan 0
3430 nan 0
3440 nan 0
3450 nan 0
3460 nan 0
3470 nan 0
3480 nan 0
3490 nan 0
3500 nan 0
3510 nan 0
3520 nan 0
3530 nan 0
3540 nan 0
3550 nan 0
3560 nan 0
3570 nan 0
3580 nan 0
3590 nan 0
3600 nan 0
3610 nan 0
3620 nan 0
3630 nan 0
3640 nan 0
3650 nan 0
3660 nan 0
3670 nan 0
3680 nan 0
3690 nan 0
3700 nan 0
3710 nan 0
3720 nan 0
3730 nan 0
3740 nan 0
3750 nan 0
3760 nan 0
3770 nan 0
3780 nan 0
3790 nan 0
3800 nan 0
3810 nan 0
3820 nan 0
3830 nan 0
3840 nan 0
3850 nan 0
3860 nan 0
3870 nan 0
3880 nan 0
3890 nan 0
3900 nan 0
3910 nan 0
3920 nan 0
3930 nan 0
3940 nan 0
3950 nan 0
3960 nan 0
3970 nan 0
3980 nan 0
3990 nan 0
4000 nan 0
4010 nan 0
4020 nan 0
4030 nan 0
4040 nan 0
4050 nan 0
4060 nan 0
4070 nan 0
4080 nan 0
4090 nan 0
4100 nan 0
4110 nan 0
4120 nan 0
4130 nan 0
4140 nan 0
4150 nan 0
4160 nan 0
4170 nan 0
4180 nan 0
4190 nan 0
4200 nan 0
4210 nan 0
4220 nan 0
4230 nan 0
4240 nan 0
4250 nan 0
4260 nan 0
4270 nan 0
4280 nan 0
4290 nan 0
4300 nan 0
4310 nan 0
4320 nan 0
4330 nan 0
4340 nan 0
4350 nan 0
4360 nan 0
4370 nan 0
4380 nan 0
4390 nan 0
4400 nan 0
4410 nan 0
4420 nan 0
4430 nan 0
4440 nan 0
4450 nan 0
4460 nan 0
4470 nan 0
4480 nan 0
4490 nan 0
4500 nan 0
4510 nan 0
4520 nan 0
4530 nan 0
4540 nan 0
4550 nan 0
4560 nan 0
4570 nan 0
4580 nan 0
4590 nan 0
4600 nan 0
4610 nan 0
4620 nan 0
4630 nan 0
4640 nan 0
4650 nan 0
4660 nan 0
4670 nan 0
4680 nan 0
4690 nan 0
4700 nan 0
4710 nan 0
4720 nan 0
4730 nan 0
4740 nan 0
4750 nan 0
4760 nan 0
4770 nan 0
4780 nan 0
4790 nan 0
4800 nan 0
4810 nan 0
4820 nan 0
4830 nan 0
4840 nan 0
4850 nan 0
4860 nan 0
4870 nan 0
4880 nan 0
4890 nan 0
4900 nan 0
4910 nan 0
4920 nan 0
4930 nan 0
4940 nan 0
4950 nan 0
4960 nan 0
4970 nan 0
4980 nan 0
4990 nan 0
5000 nan 0
5010 nan 0
5020 nan 0
5030 nan 0
5040 nan 0
5050 nan 0
5060 nan 0
5070 nan 0
5080 nan 0
5090 nan 0
5100 nan 0
5110 nan 0
5120 nan 0
5130 nan 0
5140 nan 0
5150 nan 0
5160 nan 0
5170 nan 0
5180 nan 0
5190 nan 0
5200 nan 0
5210 nan 0
5220 nan 0
5230 nan 0
5240 nan 0
5250 nan 0
5260 nan 0
5270 nan 0
5280 nan 0
5290 nan 0
5300 nan 0
5310 nan 0
5320 nan 0
5330 nan 0
5340 nan 0
5350 nan 0
5360 nan 0
5370 nan 0
5380 nan 0
5390 nan 0
5400 nan 0
5410 nan 0
5420 nan 0
5430 nan 0
5440 nan 0
5450 nan 0
5460 nan 0
5470 nan 0
5480 nan 0
5490 nan 0
5500 nan 0
5510 nan 0
5520 nan 0
5530 nan 0
5540 nan 0
5550 nan 0
5560 nan 0
5570 nan 0
5580 nan 0
5590 nan 0
5600 nan 0
5610 nan 0
5620 nan 0
5630 nan 0
5640 nan 0
5650 nan 0
5660 nan 0
5670 nan 0
5680 nan 0
5690 nan 0
5700 nan 0
5710 nan 0
5720 nan 0
5730 nan 0
5740 nan 0
5750 nan 0
5760 nan 0
5770 nan 0
5780 nan 0
5790 nan 0
5800 nan 0
5810 nan 0
5820 nan 0
5830 nan 0
5840 nan 0
5850 nan 0
5860 nan 0
5870 nan 0
5880 nan 0
5890 nan 0
5900 nan 0
5910 nan 0
5920 nan 0
5930 nan 0
5940 nan 0
5950 nan 0
5960 nan 0
5970 nan 0
5980 nan 0
5990 nan 0
6000 nan 0
6010 nan 0
6020 nan 0
6030 nan 0
6040 nan 0
6050 nan 0
6060 nan 0
6070 nan 0
6080 nan 0
6090 nan 0
6100 nan 0
6110 nan 0
6120 nan 0
6130 nan 0
6140 nan 0
6150 nan 0
6160 nan 0
6170 nan 0
6180 nan 0
6190 nan 0
6200 nan 0
6210 nan 0
6220 nan 0
6230 nan 0
6240 nan 0
6250 nan 0
6260 nan 0
6270 nan 0
6280 nan 0
6290 nan 0
6300 nan 0
6310 nan 0
6320 nan 0
6330 nan 0
6340 nan 0
6350 nan 0
6360 nan 0
6370 nan 0
6380 nan 0
6390 nan 0
6400 nan 0
6410 nan 0
6420 nan 0
6430 nan 0
6440 nan 0
6450 nan 0
6460 nan 0
6470 nan 0
6480 nan 0
6490 nan 0
6500 nan 0
6510 nan 0
6520 nan 0
6530 nan 0
6540 nan 0
6550 nan 0
6560 nan 0
6570 nan 0
6580 nan 0
6590 nan 0
6600 nan 0
6610 nan 0
6620 nan 0
6630 nan 0
6640 nan 0
6650 nan 0
6660 nan 0
6670 nan 0
6680 nan 0
6690 nan 0
6700 nan 0
6710 nan 0
6720 nan 0
6730 nan 0
6740 nan 0
6750 nan 0
6760 nan 0
6770 nan 0
6780 nan 0
6790 nan 0
6800 nan 0
6810 nan 0
6820 nan 0
6830 nan 0
6840 nan 0
6850 nan 0
6860 nan 0
6870 nan 0
6880 nan 0
6890 nan 0
6900 nan 0
6910 nan 0
6920 nan 0
6930 nan 0
6940 nan 0
6950 nan 0
6960 nan 0
6970 nan 0
6980 nan 0
6990 nan 0
7000 nan 0
7010 nan 0
7020 nan 0
7030 nan 0
7040 nan 0
7050 nan 0
7060 nan 0
7070 nan 0
7080 nan 0
7090 nan 0
7100 nan 0
7110 nan 0
7120 nan 0
7130 nan 0
7140 nan 0
7150 nan 0
7160 nan 0
7170 nan 0
7180 nan 0
7190 nan 0
7200 nan 0
7210 nan 0
7220 nan 0
7230 nan 0
7240 nan 0
7250 nan 0
7260 nan 0
7270 nan 0
7280 nan 0
7290 nan 0
7300 nan 0
7310 nan 0
7320 nan 0
7330 nan 0
7340 nan 0
7350 nan 0
7360 nan 0
7370 nan 0
7380 nan 0
7390 nan 0
7400 nan 0
7410 nan 0
7420 nan 0
7430 nan 0
7440 nan 0
7450 nan 0
7460 nan 0
7470 nan 0
7480 nan 0
7490 nan 0
7500 nan 0
7510 nan 0
7520 nan 0
7530 nan 0
7540 nan 0
7550 nan 0
7560 nan 0
7570 nan 0
7580 nan 0
7590 nan 0
7600 nan 0
7610 nan 0
7620 nan 0
7630 nan 0
7640 nan 0
7650 nan 0
7660 nan 0
7670 nan 0
7680 nan 0
7690 nan 0
7700 nan 0
7710 nan 0
7720 nan 0
7730 nan 0
7740 nan 0
7750 nan 0
7760 nan 0
7770 nan 0
7780 nan 0
7790 nan 0
7800 nan 0
7810 nan 0
7820 nan 0
7830 nan 0
7840 nan 0
7850 nan 0
7860 nan 0
7870 nan 0
7880 nan 0
7890 nan 0
7900 nan 0
7910 nan 0
7920 nan 0
7930 nan 0
7940 nan 0
7950 nan 0
7960 nan 0
7970 nan 0
7980 nan 0
7990 nan 0
8000 nan 0
8010 nan 0
8020 nan 0
8030 nan 0
8040 nan 0
8050 nan 0
8060 nan 0
8070 nan 0
8080 nan 0
8090 nan 0
8100 nan 0
8110 nan 0
8120 nan 0
8130 nan 0
8140 nan 0
8150 nan 0
8160 nan 0
8170 nan 0
8180 nan 0
8190 nan 0
8200 nan 0
8210 nan 0
8220 nan 0
8230 nan 0
8240 nan 0
8250 nan 0
8260 nan 0
8270 nan 0
8280 nan 0
8290 nan 0
8300 nan 0
8310 nan 0
8320 nan 0
8330 nan 0
8340 nan 0
8350 nan 0
8360 nan 0
8370 nan 0
8380 nan 0
8390 nan 0
8400 nan 0
8410 nan 0
8420 nan 0
8430 nan 0
8440 nan 0
8450 nan 0
8460 nan 0
8470 nan 0
8480 nan 0
8490 nan 0
8500 nan 0
8510 nan 0
8520 nan 0
8530 nan 0
8540 nan 0
8550 nan 0
8560 nan 0
8570 nan 0
8580 nan 0
8590 nan 0
8600 nan 0
8610 nan 0
8620 nan 0
8630 nan 0
8640 nan 0
8650 nan 0
8660 nan 0
8670 nan 0
8680 nan 0
8690 nan 0
8700 nan 0
8710 nan 0
8720 nan 0
8730 nan 0
8740 nan 0
8750 nan 0
8760 nan 0
8770 nan 0
8780 nan 0
8790 nan 0
8800 nan 0
8810 nan 0
8820 nan 0
8830 nan 0
8840 nan 0
8850 nan 0
8860 nan 0
8870 nan 0
8880 nan 0
8890 nan 0
8900 nan 0
8910 nan 0
8920 nan 0
8930 nan 0
8940 nan 0
8950 nan 0
8960 nan 0
8970 nan 0
8980 nan 0
8990 nan 0
9000 nan 0

