3300 1.1651 0
3310 0.961824 0
3320 0.824489 0
3330 0.707936 0
3340 0.609676 0
3350 0.53393 0
3360 0.477681 0
3370 0.437528 0
3380 0.41137 0
3390 0.396088 0
3400 0.389746 0
3410 0.390554 0
3420 0.39773 0
3430 0.410096 0
3440 0.427234 0
3450 0.44872 0
3460 0.473833 0
3470 0.501471 0
3480 0.530506 0
3490 0.560188 0
3500 0.589848 0
3510 0.619736 0
3520 0.649322 0
3530 0.680042 0
3540 0.713119 0
3550 0.750689 0
3560 0.795387 0
3570 0.864824 0
3580 0.951764 0
3590 1.06981 0
3600 1.35607 0
3610 1.6216 0
3620 1.87612 0
3630 2.09639 0
3640 2.32095 0
3650 2.50931 0
3660 2.6926 0
3670 2.87581 0
3680 3.01215 0
3690 3.17899 0
3700 3.30576 0
3710 3.38866 0
3720 3.46808 0
3730 3.48126 0
3740 3.43632 0
3750 3.36306 0
3760 3.34183 0
3770 3.35466 0
3780 3.36502 0
3790 3.3754 0
3800 3.3872 0
3810 3.39801 0
3820 3.40668 0
3830 3.42081 0
3840 3.4487 0
3850 3.46989 0
3860 3.48882 0
3870 3.52016 0
3880 3.5388 0
3890 3.5694 0
3900 3.59823 0
3910 3.61254 0
3920 3.62278 0
3930 3.61221 0
3940 3.59925 0
3950 3.58576 0
3960 3.57204 0
3970 3.55857 0
3980 3.54414 0
3990 3.52746 0
4000 3.51918 0
4010 3.50283 0
4020 3.48146 0
4030 3.46602 0
4040 3.44725 0
4050 3.42364 0
4060 3.40832 0
4070 3.39158 0
4080 3.36992 0
4090 3.35219 0
4100 3.32119 0
4110 3.30432 0
4120 3.28444 0
4130 3.26895 0
4140 3.25036 0
4150 3.22338 0
4160 3.20854 0
4170 3.19335 0
4180 3.17771 0
4190 3.1693 0
4200 3.15458 0
4210 3.13762 0
4220 3.11128 0
4230 3.085 0
4240 3.05817 0
4250 3.03145 0
4260 2.9996 0
4270 2.96794 0
4280 2.93634 0
4290 2.9051 0
4300 2.87643 0
4310 2.85052 0
4320 2.82718 0
4330 2.80461 0
4340 2.78097 0
4350 2.75753 0
4360 2.73436 0
4370 2.71006 0
4380 2.68391 0
4390 2.65691 0
4400 2.63001 0
4410 2.60343 0
4420 2.5774 0
4430 2.55138 0
4440 2.52494 0
4450 2.49796 0
4460 2.4703 0
4470 2.44185 0
4480 2.41246 0
4490 2.382 0
4500 2.35033 0
4510 2.31727 0
4520 2.28273 0
4530 2.24661 0
4540 2.20882 0
4550 2.16925 0
4560 2.12782 0
4570 2.08452 0
4580 2.03946 0
4590 2.00177 0
4600 1.97939 0
4610 1.98397 0
4620 1.99123 0
4630 1.99939 0
4640 2.00811 0
4650 2.01791 0
4660 2.02887 0
4670 2.04047 0
4680 2.05235 0
4690 2.06525 0
4700 2.07872 0
4710 2.09299 0
4720 2.10704 0
4730 2.1231 0
4740 2.13752 0
4750 2.15461 0
4760 2.16971 0
4770 2.18524 0
4780 2.19966 0
4790 2.2089 0
4800 2.20738 0
4810 2.1978 0
4820 2.18832 0
4830 2.17904 0
4840 2.16983 0
4850 2.16067 0
4860 2.15157 0
4870 2.14259 0
4880 2.13379 0
4890 2.12486 0
4900 2.11607 0
4910 2.10729 0
4920 2.09884 0
4930 2.09038 0
4940 2.0823 0
4950 2.07411 0
4960 2.06591 0
4970 2.05826 0
4980 2.05032 0
4990 2.04238 0
5000 2.03457 0
5010 2.02692 0
5020 2.0193 0
5030 2.01152 0
5040 2.00376 0
5050 1.99604 0
5060 1.98836 0
5070 1.98071 0
5080 1.97309 0
5090 1.96544 0
5100 1.95778 0
5110 1.9499 0
5120 1.94227 0
5130 1.93438 0
5140 1.9263 0
5150 1.91824 0
5160 1.90995 0
5170 1.90187 0
5180 1.89364 0
5190 1.88523 0
5200 1.87694 0
5210 1.86868 0
5220 1.86021 0
5230 1.852 0
5240 1.84356 0
5250 1.83512 0
5260 1.82644 0
5270 1.81762 0
5280 1.80869 0
5290 1.79949 0
5300 1.79009 0
5310 1.78054 0
5320 1.77071 0
5330 1.76036 0
5340 1.74943 0
5350 1.73713 0
5360 1.72384 0
5370 1.70976 0
5380 1.69552 0
5390 1.68108 0
5400 1.66638 0
5410 1.65135 0
5420 1.63723 0
5430 1.6251 0
5440 1.61313 0
5450 1.60237 0
5460 1.59018 0
5470 1.57634 0
5480 1.56191 0
5490 1.54676 0
5500 1.53069 0
5510 1.5137 0
5520 1.49577 0
5530 1.47657 0
5540 1.45638 0
5550 1.43719 0
5560 1.41833 0
5570 1.39921 0
5580 1.37937 0
5590 1.35767 0
5600 1.33469 0
5610 1.31029 0
5620 1.28404 0
5630 1.25615 0
5640 1.22663 0
5650 1.1949 0
5660 1.16106 0
5670 1.12466 0
5680 1.08606 0
5690 1.04557 0
5700 1.00441 0
5710 0.962829 0
5720 0.921159 0
5730 0.879822 0
5740 0.839171 0
5750 0.799647 0
5760 0.761656 0
5770 0.725733 0
5780 0.701479 0
5790 0.699408 0
5800 0.719348 0
5810 0.754188 0
5820 0.789917 0
5830 0.825885 0
5840 0.862749 0
5850 0.899139 0
5860 0.936062 0
5870 0.974061 0
5880 1.01115 0
5890 1.04839 0
5900 1.08585 0
5910 1.12265 0
5920 1.15875 0
5930 1.19519 0
5940 1.23019 0
5950 1.26547 0
5960 1.29872 0
5970 1.33081 0
5980 1.3624 0
5990 1.39321 0
6000 1.42287 0
6010 1.45121 0
6020 1.47674 0
6030 1.49766 0
6040 1.50623 0
6050 1.50754 0
6060 1.50056 0
6070 1.49377 0
6080 1.4877 0
6090 1.48079 0
6100 1.47417 0
6110 1.46805 0
6120 1.46073 0
6130 1.45519 0
6140 1.44809 0
6150 1.44242 0
6160 1.43569 0
6170 1.42987 0
6180 1.42426 0
6190 1.41843 0
6200 1.413 0
6210 1.40748 0
6220 1.4021 0
6230 1.39599 0
6240 1.39078 0
6250 1.38525 0
6260 1.38014 0
6270 1.37447 0
6280 1.36852 0
6290 1.36271 0
6300 1.35725 0
6310 1.35197 0
6320 1.34675 0
6330 1.34104 0
6340 1.33522 0
6350 1.32931 0
6360 1.32345 0
6370 1.31762 0
6380 1.31182 0
6390 1.30602 0
6400 1.30023 0
6410 1.2944 0
6420 1.28855 0
6430 1.28336 0
6440 1.27803 0
6450 1.27294 0
6460 1.26759 0
6470 1.26197 0
6480 1.25625 0
6490 1.25166 0
6500 1.24637 0
6510 1.24109 0
6520 1.23563 0
6530 1.23107 0
6540 1.22582 0
6550 1.22031 0
6560 1.21595 0
6570 1.21072 0
6580 1.20574 0
6590 1.20112 0
6600 1.19567 0
6610 1.19138 0
6620 1.1861 0
6630 1.18165 0
6640 1.17647 0
6650 1.17206 0
6660 1.16684 0
6670 1.16258 0
6680 1.15731 0
6690 1.15312 0
6700 1.14838 0
6710 1.14351 0
6720 1.13725 0
6730 1.13014 0
6740 1.12203 0
6750 1.11376 0
6760 1.10494 0
6770 1.09648 0
6780 1.08849 0
6790 1.08096 0
6800 1.07358 0
6810 1.0663 0
6820 1.05914 0
6830 1.0521 0
6840 1.04517 0
6850 1.03838 0
6860 1.03172 0
6870 1.02519 0
6880 1.01877 0
6890 1.01249 0
6900 1.00633 0
6910 1.00028 0
6920 0.994336 0
6930 0.988485 0
6940 0.982725 0
6950 0.977054 0
6960 0.971463 0
6970 0.965957 0
6980 0.960516 0
6990 0.954961 0
7000 0.949103 0
7010 0.943223 0
7020 0.937022 0
7030 0.927872 0
7040 0.916873 0
7050 0.905651 0
7060 0.894189 0
7070 0.882502 0
7080 0.870557 0
7090 0.858541 0
7100 0.846462 0
7110 0.834141 0
7120 0.821933 0
7130 0.810236 0
7140 0.798725 0
7150 0.787536 0
7160 0.776221 0
7170 0.76461 0
7180 0.75266 0
7190 0.7404 0
7200 0.727792 0
7210 0.714866 0
7220 0.701883 0
7230 0.689636 0
7240 0.677543 0
7250 0.665097 0
7260 0.65237 0
7270 0.639292 0
7280 0.625905 0
7290 0.612206 0
7300 0.598198 0
7310 0.583878 0
7320 0.569279 0
7330 0.554423 0
7340 0.539294 0
7350 0.5239 0
7360 0.508267 0
7370 0.492478 0
7380 0.476567 0
7390 0.460563 0
7400 0.444502 0
7410 0.428485 0
7420 0.412658 0
7430 0.396983 0
7440 0.381369 0
7450 0.365879 0
7460 0.350768 0
7470 0.336085 0
7480 0.321726 0
7490 0.307748 0
7500 0.294213 0
7510 0.281175 0
7520 0.26868 0
7530 0.256777 0
7540 0.245508 0
7550 0.234893 0
7560 0.224962 0
7570 0.215747 0
7580 0.207265 0
7590 0.199505 0
7600 0.192497 0
7610 0.186223 0
7620 0.180697 0
7630 0.175881 0
7640 0.171768 0
7650 0.168338 0
7660 0.165571 0
7670 0.163422 0
7680 0.162023 0
7690 0.161341 0
7700 0.161244 0
7710 0.161732 0
7720 0.163953 0
7730 0.170058 0
7740 0.176619 0
7750 0.18371 0
7760 0.191636 0
7770 0.199467 0
7780 0.207072 0
7790 0.214243 0
7800 0.221128 0
7810 0.227677 0
7820 0.23522 0
7830 0.252007 0
7840 0.27827 0
7850 0.303935 0
7860 0.328709 0
7870 0.35309 0
7880 0.376135 0
7890 0.398411 0
7900 0.420327 0
7910 0.441698 0
7920 0.462099 0
7930 0.481684 0
7940 0.501333 0
7950 0.51879 0
7960 0.536819 0
7970 0.552683 0
7980 0.569312 0
7990 0.584054 0
8000 0.598153 0
8010 0.611812 0
8020 0.623491 0
8030 0.634936 0
8040 0.645755 0
8050 0.656151 0
8060 0.667036 0
8070 0.678675 0
8080 0.691309 0
8090 0.704137 0
8100 0.716645 0
8110 0.728357 0
8120 0.736953 0
8130 0.737169 0
8140 0.736078 0
8150 0.73474 0
8160 0.733899 0
8170 0.73319 0
8180 0.731521 0
8190 0.731309 0
8200 0.730203 0
8210 0.729372 0
8220 0.728875 0
8230 0.727688 0
8240 0.727501 0
8250 0.726318 0
8260 0.726132 0
8270 0.725149 0
8280 0.724802 0
8290 0.724224 0
8300 0.723229 0
8310 0.723015 0
8320 0.721737 0
8330 0.721468 0
8340 0.720846 0
8350 0.719036 0
8360 0.718095 0
8370 0.71556 0
8380 0.711788 0
8390 0.708586 0
8400 0.705266 0
8410 0.70133 0
8420 0.697195 0
8430 0.694159 0
8440 0.690717 0
8450 0.68691 0
8460 0.682723 0
8470 0.679154 0
8480 0.675825 0
8490 0.672317 0
8500 0.668594 0
8510 0.664624 0
8520 0.660453 0
8530 0.656568 0
8540 0.653014 0
8550 0.649382 0
8560 0.645775 0
8570 0.642817 0
8580 0.640465 0
8590 0.63821 0
8600 0.635974 0
8610 0.633695 0
8620 0.63144 0
8630 0.629163 0
8640 0.626912 0
8650 0.624687 0
8660 0.622437 0
8670 0.620143 0
8680 0.617984 0
8690 0.61632 0
8700 0.614486 0
8710 0.61257 0
8720 0.610554 0
8730 0.608418 0
8740 0.606234 0
8750 0.604618 0
8760 0.603186 0
8770 0.601328 0
8780 0.599232 0
8790 0.59693 0
8800 0.595458 0
8810 0.593959 0
8820 0.591952 0
8830 0.589718 0
8840 0.588073 0
8850 0.586328 0
8860 0.583989 0
8870 0.581514 0
8880 0.580145 0
8890 0.578079 0
8900 0.575616 0
8910 0.573736 0
8920 0.571454 0
8930 0.568888 0
8940 0.567364 0
8950 0.565642 0
8960 0.563456 0
8970 0.562505 0
8980 0.56092 0
8990 0.559569 0
9000 0.558294 0

