3500 2.37628 0
3510 2.32164 0
3520 2.26702 0
3530 2.21386 0
3540 2.16311 0
3550 2.11702 0
3560 2.08349 0
3570 2.12757 0
3580 2.19135 0
3590 2.24609 0
3600 2.31307 0
3610 2.37854 0
3620 2.42792 0
3630 2.49389 0
3640 2.55244 0
3650 2.59069 0
3660 2.62296 0
3670 2.647 0
3680 2.66531 0
3690 2.69834 0
3700 2.70536 0
3710 2.7127 0
3720 2.71946 0
3730 2.72913 0
3740 2.73727 0
3750 2.73484 0
3760 2.74321 0
3770 2.74103 0
3780 2.73224 0
3790 2.72589 0
3800 2.71449 0
3810 2.69601 0
3820 2.72316 0
3830 2.75438 0
3840 2.77203 0
3850 2.79089 0
3860 2.80453 0
3870 2.81988 0
3880 2.83751 0
3890 2.84657 0
3900 2.85652 0
3910 2.86699 0
3920 2.87458 0
3930 2.87918 0
3940 2.88859 0
3950 2.89439 0
3960 2.89648 0
3970 2.89911 0
3980 2.90122 0
3990 2.90417 0
4000 2.90197 0
4010 2.90443 0
4020 2.90725 0
4030 2.89697 0
4040 2.89918 0
4050 2.88866 0
4060 2.89018 0
4070 2.87888 0
4080 2.8677 0
4090 2.8683 0
4100 2.85567 0
4110 2.84277 0
4120 2.8298 0
4130 2.81646 0
4140 2.80277 0
4150 2.78877 0
4160 2.77463 0
4170 2.76033 0
4180 2.74575 0
4190 2.73112 0
4200 2.71657 0
4210 2.70196 0
4220 2.68748 0
4230 2.67296 0
4240 2.65859 0
4250 2.64448 0
4260 2.63049 0
4270 2.61658 0
4280 2.60314 0
4290 2.58965 0
4300 2.5766 0
4310 2.5638 0
4320 2.55182 0
4330 2.53992 0
4340 2.52833 0
4350 2.51687 0
4360 2.50554 0
4370 2.4945 0
4380 2.48361 0
4390 2.47285 0
4400 2.4623 0
4410 2.45194 0
4420 2.44173 0
4430 2.43164 0
4440 2.42168 0
4450 2.41068 0
4460 2.39559 0
4470 2.37044 0
4480 2.34351 0
4490 2.31594 0
4500 2.28772 0
4510 2.25866 0
4520 2.2295 0
4530 2.1991 0
4540 2.16845 0
4550 2.13718 0
4560 2.10518 0
4570 2.0743 0
4580 2.04532 0
4590 2.02238 0
4600 1.99921 0
4610 1.97594 0
4620 1.95298 0
4630 1.93023 0
4640 1.90789 0
4650 1.88669 0
4660 1.87206 0
4670 1.86837 0
4680 1.88156 0
4690 1.89153 0
4700 1.90271 0
4710 1.91297 0
4720 1.92609 0
4730 1.93946 0
4740 1.9489 0
4750 1.95982 0
4760 1.96947 0
4770 1.98292 0
4780 1.98765 0
4790 2.00274 0
4800 2.00875 0
4810 2.01534 0
4820 2.02212 0
4830 2.03688 0
4840 2.04426 0
4850 2.052 0
4860 2.0521 0
4870 2.05691 0
4880 2.06453 0
4890 2.07237 0
4900 2.06932 0
4910 2.0766 0
4920 2.08116 0
4930 2.08011 0
4940 2.08419 0
4950 2.08266 0
4960 2.07806 0
4970 2.08084 0
4980 2.07557 0
4990 2.07299 0
5000 2.06713 0
5010 2.06826 0
5020 2.06137 0
5030 2.05417 0
5040 2.0467 0
5050 2.03888 0
5060 2.03072 0
5070 2.02225 0
5080 2.01351 0
5090 2.00456 0
5100 1.99539 0
5110 1.98601 0
5120 1.97644 0
5130 1.96674 0
5140 1.957 0
5150 1.94723 0
5160 1.9375 0
5170 1.92772 0
5180 1.91789 0
5190 1.90813 0
5200 1.89844 0
5210 1.88879 0
5220 1.87917 0
5230 1.86962 0
5240 1.86019 0
5250 1.85076 0
5260 1.84108 0
5270 1.83087 0
5280 1.82009 0
5290 1.80801 0
5300 1.79574 0
5310 1.78369 0
5320 1.77138 0
5330 1.75925 0
5340 1.74701 0
5350 1.7348 0
5360 1.72249 0
5370 1.71018 0
5380 1.69794 0
5390 1.68556 0
5400 1.67355 0
5410 1.6619 0
5420 1.65053 0
5430 1.64006 0
5440 1.62967 0
5450 1.61931 0
5460 1.60893 0
5470 1.59863 0
5480 1.58845 0
5490 1.57839 0
5500 1.56872 0
5510 1.56085 0
5520 1.55329 0
5530 1.54942 0
5540 1.54611 0
5550 1.5432 0
5560 1.54002 0
5570 1.53693 0
5580 1.53321 0
5590 1.52989 0
5600 1.5283 0
5610 1.50545 0
5620 1.47376 0
5630 1.4304 0
5640 1.38453 0
5650 1.33968 0
5660 1.29449 0
5670 1.24751 0
5680 1.19996 0
5690 1.15198 0
5700 1.10432 0
5710 1.05812 0
5720 1.01108 0
5730 0.96475 0
5740 0.918068 0
5750 0.872714 0
5760 0.840396 0
5770 0.813218 0
5780 0.792544 0
5790 0.773326 0
5800 0.755791 0
5810 0.738172 0
5820 0.723393 0
5830 0.708905 0
5840 0.696551 0
5850 0.687762 0
5860 0.680508 0
5870 0.687717 0
5880 0.703244 0
5890 0.735337 0
5900 0.770511 0
5910 0.804238 0
5920 0.834168 0
5930 0.865377 0
5940 0.898769 0
5950 0.929084 0
5960 0.96007 0
5970 0.986582 0
5980 1.01362 0
5990 1.04117 0
6000 1.0686 0
6010 1.09718 0
6020 1.11886 0
6030 1.14068 0
6040 1.1627 0
6050 1.18402 0
6060 1.20577 0
6070 1.2266 0
6080 1.24783 0
6090 1.26194 0
6100 1.28196 0
6110 1.30224 0
6120 1.30764 0
6130 1.32654 0
6140 1.34548 0
6150 1.34909 0
6160 1.36686 0
6170 1.37008 0
6180 1.38659 0
6190 1.3883 0
6200 1.39773 0
6210 1.40497 0
6220 1.40594 0
6230 1.41307 0
6240 1.41862 0
6250 1.41786 0
6260 1.42373 0
6270 1.42181 0
6280 1.41963 0
6290 1.42309 0
6300 1.41983 0
6310 1.42293 0
6320 1.41844 0
6330 1.41368 0
6340 1.40856 0
6350 1.40309 0
6360 1.39724 0
6370 1.39104 0
6380 1.3845 0
6390 1.37766 0
6400 1.37054 0
6410 1.36314 0
6420 1.35544 0
6430 1.34745 0
6440 1.33923 0
6450 1.33079 0
6460 1.32214 0
6470 1.31344 0
6480 1.30497 0
6490 1.2965 0
6500 1.28792 0
6510 1.27923 0
6520 1.27061 0
6530 1.26218 0
6540 1.25385 0
6550 1.24536 0
6560 1.23688 0
6570 1.22845 0
6580 1.22018 0
6590 1.21176 0
6600 1.20341 0
6610 1.19536 0
6620 1.18706 0
6630 1.17893 0
6640 1.17111 0
6650 1.16299 0
6660 1.15517 0
6670 1.14753 0
6680 1.13966 0
6690 1.1323 0
6700 1.1247 0
6710 1.11733 0
6720 1.11013 0
6730 1.10277 0
6740 1.09593 0
6750 1.08871 0
6760 1.08213 0
6770 1.07511 0
6780 1.06872 0
6790 1.06197 0
6800 1.05572 0
6810 1.0493 0
6820 1.04311 0
6830 1.03706 0
6840 1.03089 0
6850 1.02513 0
6860 1.01924 0
6870 1.01349 0
6880 1.00794 0
6890 1.00239 0
6900 0.996897 0
6910 0.991603 0
6920 0.986341 0
6930 0.981052 0
6940 0.975627 0
6950 0.970267 0
6960 0.965014 0
6970 0.959832 0
6980 0.954672 0
6990 0.949549 0
7000 0.944503 0
7010 0.939565 0
7020 0.934665 0
7030 0.929832 0
7040 0.925044 0
7050 0.920304 0
7060 0.915612 0
7070 0.910971 0
7080 0.906365 0
7090 0.901813 0
7100 0.89767 0
7110 0.893616 0
7120 0.889949 0
7130 0.886366 0
7140 0.882788 0
7150 0.879215 0
7160 0.87565 0
7170 0.872093 0
7180 0.868545 0
7190 0.865008 0
7200 0.861482 0
7210 0.857974 0
7220 0.854483 0
7230 0.851019 0
7240 0.84759 0
7250 0.844355 0
7260 0.841614 0
7270 0.839018 0
7280 0.836289 0
7290 0.833665 0
7300 0.830921 0
7310 0.828244 0
7320 0.825616 0
7330 0.823046 0
7340 0.820542 0
7350 0.817791 0
7360 0.815373 0
7370 0.812699 0
7380 0.810048 0
7390 0.807759 0
7400 0.805173 0
7410 0.802621 0
7420 0.800092 0
7430 0.797594 0
7440 0.795117 0
7450 0.792671 0
7460 0.790247 0
7470 0.787477 0
7480 0.785085 0
7490 0.782724 0
7500 0.78039 0
7510 0.777678 0
7520 0.775371 0
7530 0.772703 0
7540 0.77042 0
7550 0.768171 0
7560 0.765533 0
7570 0.763302 0
7580 0.760692 0
7590 0.758497 0
7600 0.755898 0
7610 0.753327 0
7620 0.751148 0
7630 0.748597 0
7640 0.746448 0
7650 0.743893 0
7660 0.741366 0
7670 0.739247 0
7680 0.736721 0
7690 0.73421 0
7700 0.731708 0
7710 0.729607 0
7720 0.727107 0
7730 0.724617 0
7740 0.722141 0
7750 0.719671 0
7760 0.717207 0
7770 0.715132 0
7780 0.712668 0
7790 0.710209 0
7800 0.707756 0
7810 0.705308 0
7820 0.702868 0
7830 0.700432 0
7840 0.698001 0
7850 0.695574 0
7860 0.693151 0
7870 0.690733 0
7880 0.688319 0
7890 0.685911 0
7900 0.683509 0
7910 0.681114 0
7920 0.678724 0
7930 0.676341 0
7940 0.673963 0
7950 0.67159 0
7960 0.669225 0
7970 0.666867 0
7980 0.664517 0
7990 0.662173 0
8000 0.659839 0
8010 0.657515 0
8020 0.655199 0
8030 0.652889 0
8040 0.650587 0
8050 0.648292 0
8060 0.646007 0
8070 0.643733 0
8080 0.641469 0
8090 0.639212 0
8100 0.636962 0
8110 0.634722 0
8120 0.632493 0
8130 0.630276 0
8140 0.628064 0
8150 0.625861 0
8160 0.623668 0
8170 0.621489 0
8180 0.619316 0
8190 0.61715 0
8200 0.614997 0
8210 0.612855 0
8220 0.610719 0
8230 0.608591 0
8240 0.606479 0
8250 0.604371 0
8260 0.602272 0
8270 0.600187 0
8280 0.598108 0
8290 0.596037 0
8300 0.593979 0
8310 0.591721 0
8320 0.589253 0
8330 0.586767 0
8340 0.584282 0
8350 0.581789 0
8360 0.579292 0
8370 0.576798 0
8380 0.574295 0
8390 0.571806 0
8400 0.569302 0
8410 0.566789 0
8420 0.564279 0
8430 0.561756 0
8440 0.559246 0
8450 0.556714 0
8460 0.554199 0
8470 0.551658 0
8480 0.549132 0
8490 0.546594 0
8500 0.544054 0
8510 0.541511 0
8520 0.538968 0
8530 0.536554 0
8540 0.53429 0
8550 0.53203 0
8560 0.529772 0
8570 0.527515 0
8580 0.525257 0
8590 0.523004 0
8600 0.520754 0
8610 0.518508 0
8620 0.516268 0
8630 0.514038 0
8640 0.511814 0
8650 0.509605 0
8660 0.507415 0
8670 0.505251 0
8680 0.503123 0
8690 0.501213 0
8700 0.499817 0
8710 0.498682 0
8720 0.497439 0
8730 0.496175 0
8740 0.495197 0
8750 0.493812 0
8760 0.492682 0
8770 0.491466 0
8780 0.490242 0
8790 0.489304 0
8800 0.487995 0
8810 0.486976 0
8820 0.485934 0
8830 0.484731 0
8840 0.483557 0
8850 0.48241 0
8860 0.481294 0
8870 0.480201 0
8880 0.479138 0
8890 0.478094 0
8900 0.477083 0
8910 0.475779 0
8920 0.474566 0
8930 0.47361 0
8940 0.472674 0
8950 0.471438 0
8960 0.470288 0
8970 0.469077 0
8980 0.468209 0
8990 0.4671 0
9000 0.465922 0

