3500 2.4718 0
3510 2.46542 0
3520 2.47487 0
3530 2.48464 0
3540 2.49563 0
3550 2.50325 0
3560 2.51104 0
3570 2.52083 0
3580 2.52605 0
3590 2.53466 0
3600 2.54166 0
3610 2.54918 0
3620 2.55098 0
3630 2.55936 0
3640 2.56172 0
3650 2.56727 0
3660 2.57505 0
3670 2.57827 0
3680 2.58151 0
3690 2.58455 0
3700 2.58265 0
3710 2.58456 0
3720 2.58399 0
3730 2.58123 0
3740 2.5822 0
3750 2.58119 0
3760 2.58256 0
3770 2.58636 0
3780 2.59314 0
3790 2.59817 0
3800 2.59984 0
3810 2.6068 0
3820 2.61183 0
3830 2.61199 0
3840 2.6124 0
3850 2.61296 0
3860 2.61251 0
3870 2.61137 0
3880 2.61096 0
3890 2.60867 0
3900 2.60754 0
3910 2.60521 0
3920 2.60285 0
3930 2.60032 0
3940 2.59797 0
3950 2.59556 0
3960 2.59192 0
3970 2.58943 0
3980 2.58509 0
3990 2.5814 0
4000 2.5789 0
4010 2.57311 0
4020 2.57065 0
4030 2.56472 0
4040 2.56018 0
4050 2.55609 0
4060 2.5501 0
4070 2.5442 0
4080 2.54125 0
4090 2.53509 0
4100 2.52891 0
4110 2.5226 0
4120 2.51625 0
4130 2.50987 0
4140 2.50337 0
4150 2.49687 0
4160 2.49028 0
4170 2.48366 0
4180 2.47703 0
4190 2.47045 0
4200 2.46377 0
4210 2.45707 0
4220 2.45038 0
4230 2.44362 0
4240 2.43693 0
4250 2.43024 0
4260 2.42355 0
4270 2.41692 0
4280 2.41024 0
4290 2.40363 0
4300 2.39703 0
4310 2.39043 0
4320 2.38383 0
4330 2.37677 0
4340 2.36873 0
4350 2.36002 0
4360 2.35116 0
4370 2.34225 0
4380 2.33345 0
4390 2.32442 0
4400 2.31541 0
4410 2.30614 0
4420 2.2966 0
4430 2.28697 0
4440 2.27747 0
4450 2.26777 0
4460 2.25788 0
4470 2.24893 0
4480 2.23981 0
4490 2.23059 0
4500 2.22123 0
4510 2.21169 0
4520 2.2019 0
4530 2.19203 0
4540 2.18194 0
4550 2.17174 0
4560 2.16148 0
4570 2.15117 0
4580 2.14098 0
4590 2.13227 0
4600 2.12636 0
4610 2.12375 0
4620 2.12019 0
4630 2.11776 0
4640 2.1152 0
4650 2.11276 0
4660 2.10953 0
4670 2.1083 0
4680 2.10599 0
4690 2.10235 0
4700 2.1 0
4710 2.09885 0
4720 2.09511 0
4730 2.09172 0
4740 2.09037 0
4750 2.0872 0
4760 2.0842 0
4770 2.0813 0
4780 2.07856 0
4790 2.07589 0
4800 2.07337 0
4810 2.06885 0
4820 2.06546 0
4830 2.06303 0
4840 2.06076 0
4850 2.05541 0
4860 2.05311 0
4870 2.04785 0
4880 2.04559 0
4890 2.0403 0
4900 2.03708 0
4910 2.03266 0
4920 2.02943 0
4930 2.024 0
4940 2.01944 0
4950 2.01598 0
4960 2.01038 0
4970 2.00474 0
4980 2 0
4990 1.99427 0
5000 1.99043 0
5010 1.98453 0
5020 1.97859 0
5030 1.97259 0
5040 1.96654 0
5050 1.96045 0
5060 1.95431 0
5070 1.94812 0
5080 1.9419 0
5090 1.93564 0
5100 1.92937 0
5110 1.92303 0
5120 1.91657 0
5130 1.91 0
5140 1.90322 0
5150 1.89638 0
5160 1.88954 0
5170 1.88268 0
5180 1.87576 0
5190 1.86884 0
5200 1.86192 0
5210 1.8549 0
5220 1.84799 0
5230 1.84096 0
5240 1.83401 0
5250 1.82701 0
5260 1.82007 0
5270 1.81315 0
5280 1.80629 0
5290 1.79955 0
5300 1.79281 0
5310 1.78605 0
5320 1.77932 0
5330 1.7726 0
5340 1.76583 0
5350 1.75907 0
5360 1.75231 0
5370 1.74556 0
5380 1.7388 0
5390 1.73206 0
5400 1.72534 0
5410 1.71866 0
5420 1.71216 0
5430 1.70605 0
5440 1.69985 0
5450 1.6908 0
5460 1.68074 0
5470 1.66928 0
5480 1.65731 0
5490 1.64579 0
5500 1.63247 0
5510 1.62058 0
5520 1.60723 0
5530 1.59304 0
5540 1.57965 0
5550 1.56649 0
5560 1.55226 0
5570 1.53754 0
5580 1.52201 0
5590 1.50839 0
5600 1.49224 0
5610 1.47879 0
5620 1.46488 0
5630 1.45225 0
5640 1.4393 0
5650 1.42587 0
5660 1.41227 0
5670 1.39861 0
5680 1.38456 0
5690 1.37027 0
5700 1.35596 0
5710 1.34178 0
5720 1.32721 0
5730 1.31286 0
5740 1.29835 0
5750 1.28467 0
5760 1.27091 0
5770 1.25942 0
5780 1.25718 0
5790 1.25705 0
5800 1.25953 0
5810 1.26413 0
5820 1.27124 0
5830 1.27549 0
5840 1.28083 0
5850 1.28571 0
5860 1.28805 0
5870 1.2946 0
5880 1.30246 0
5890 1.30664 0
5900 1.30868 0
5910 1.31169 0
5920 1.32193 0
5930 1.32535 0
5940 1.3291 0
5950 1.33339 0
5960 1.33772 0
5970 1.34253 0
5980 1.3422 0
5990 1.34713 0
6000 1.35254 0
6010 1.3581 0
6020 1.35876 0
6030 1.36126 0
6040 1.36714 0
6050 1.36797 0
6060 1.37086 0
6070 1.37151 0
6080 1.37766 0
6090 1.37546 0
6100 1.3815 0
6110 1.37914 0
6120 1.38546 0
6130 1.38273 0
6140 1.38909 0
6150 1.38619 0
6160 1.38352 0
6170 1.38426 0
6180 1.38648 0
6190 1.38351 0
6200 1.38382 0
6210 1.38593 0
6220 1.38254 0
6230 1.37918 0
6240 1.37876 0
6250 1.37532 0
6260 1.37162 0
6270 1.37304 0
6280 1.36907 0
6290 1.36501 0
6300 1.36379 0
6310 1.35942 0
6320 1.35495 0
6330 1.35038 0
6340 1.3457 0
6350 1.34093 0
6360 1.33606 0
6370 1.3311 0
6380 1.32605 0
6390 1.3209 0
6400 1.31569 0
6410 1.31039 0
6420 1.30505 0
6430 1.29964 0
6440 1.29418 0
6450 1.28867 0
6460 1.283 0
6470 1.27743 0
6480 1.27178 0
6490 1.26619 0
6500 1.26061 0
6510 1.25502 0
6520 1.24945 0
6530 1.24375 0
6540 1.2382 0
6550 1.2327 0
6560 1.22715 0
6570 1.22169 0
6580 1.21625 0
6590 1.21071 0
6600 1.20534 0
6610 1.19992 0
6620 1.19461 0
6630 1.18921 0
6640 1.18397 0
6650 1.17877 0
6660 1.17355 0
6670 1.16833 0
6680 1.16325 0
6690 1.15817 0
6700 1.15307 0
6710 1.14813 0
6720 1.14319 0
6730 1.13824 0
6740 1.13345 0
6750 1.12854 0
6760 1.12385 0
6770 1.11919 0
6780 1.11443 0
6790 1.10989 0
6800 1.10528 0
6810 1.10077 0
6820 1.09626 0
6830 1.09184 0
6840 1.08741 0
6850 1.08309 0
6860 1.07875 0
6870 1.07451 0
6880 1.07026 0
6890 1.0661 0
6900 1.06194 0
6910 1.05786 0
6920 1.05377 0
6930 1.04968 0
6940 1.04577 0
6950 1.04175 0
6960 1.03776 0
6970 1.03396 0
6980 1.03004 0
6990 1.02615 0
7000 1.02244 0
7010 1.01861 0
7020 1.01481 0
7030 1.01109 0
7040 1.00744 0
7050 1.00373 0
7060 1.00004 0
7070 0.996383 0
7080 0.9928 0
7090 0.989195 0
7100 0.985615 0
7110 0.982061 0
7120 0.978529 0
7130 0.975023 0
7140 0.971542 0
7150 0.968085 0
7160 0.964651 0
7170 0.961242 0
7180 0.957856 0
7190 0.954401 0
7200 0.951152 0
7210 0.94787 0
7220 0.944653 0
7230 0.941498 0
7240 0.938355 0
7250 0.935224 0
7260 0.932105 0
7270 0.928998 0
7280 0.925903 0
7290 0.92282 0
7300 0.919749 0
7310 0.91669 0
7320 0.913644 0
7330 0.910608 0
7340 0.907586 0
7350 0.904574 0
7360 0.901575 0
7370 0.898587 0
7380 0.895608 0
7390 0.892639 0
7400 0.889681 0
7410 0.886731 0
7420 0.883791 0
7430 0.880862 0
7440 0.877942 0
7450 0.875031 0
7460 0.872131 0
7470 0.869242 0
7480 0.866363 0
7490 0.863492 0
7500 0.860631 0
7510 0.857782 0
7520 0.854942 0
7530 0.852113 0
7540 0.849295 0
7550 0.846487 0
7560 0.843687 0
7570 0.840897 0
7580 0.838118 0
7590 0.83535 0
7600 0.832591 0
7610 0.829844 0
7620 0.827106 0
7630 0.824379 0
7640 0.821663 0
7650 0.818956 0
7660 0.81626 0
7670 0.813575 0
7680 0.810899 0
7690 0.808234 0
7700 0.805579 0
7710 0.802934 0
7720 0.8003 0
7730 0.797676 0
7740 0.795061 0
7750 0.792457 0
7760 0.789863 0
7770 0.787279 0
7780 0.784705 0
7790 0.782139 0
7800 0.779583 0
7810 0.777035 0
7820 0.774495 0
7830 0.771966 0
7840 0.769444 0
7850 0.766932 0
7860 0.764428 0
7870 0.761934 0
7880 0.759448 0
7890 0.75697 0
7900 0.754502 0
7910 0.752043 0
7920 0.749594 0
7930 0.747152 0
7940 0.744718 0
7950 0.742294 0
7960 0.739879 0
7970 0.737473 0
7980 0.735076 0
7990 0.732688 0
8000 0.730309 0
8010 0.727937 0
8020 0.725575 0
8030 0.723221 0
8040 0.720876 0
8050 0.71854 0
8060 0.716213 0
8070 0.713871 0
8080 0.711501 0
8090 0.709133 0
8100 0.706771 0
8110 0.704423 0
8120 0.702074 0
8130 0.699725 0
8140 0.6974 0
8150 0.695078 0
8160 0.692758 0
8170 0.690442 0
8180 0.688129 0
8190 0.685818 0
8200 0.683539 0
8210 0.681234 0
8220 0.678962 0
8230 0.676663 0
8240 0.674398 0
8250 0.672105 0
8260 0.669847 0
8270 0.667593 0
8280 0.665342 0
8290 0.663095 0
8300 0.66082 0
8310 0.658617 0
8320 0.656419 0
8330 0.654226 0
8340 0.652038 0
8350 0.649855 0
8360 0.647678 0
8370 0.645505 0
8380 0.643332 0
8390 0.641169 0
8400 0.639011 0
8410 0.636858 0
8420 0.63471 0
8430 0.632567 0
8440 0.630425 0
8450 0.628293 0
8460 0.626165 0
8470 0.624043 0
8480 0.621923 0
8490 0.619813 0
8500 0.617711 0
8510 0.61561 0
8520 0.613523 0
8530 0.61144 0
8540 0.609373 0
8550 0.607319 0
8560 0.605362 0
8570 0.603525 0
8580 0.601731 0
8590 0.599943 0
8600 0.598114 0
8610 0.596315 0
8620 0.594537 0
8630 0.592691 0
8640 0.590956 0
8650 0.589142 0
8660 0.587447 0
8670 0.585664 0
8680 0.583889 0
8690 0.582133 0
8700 0.580513 0
8710 0.578785 0
8720 0.577065 0
8730 0.575358 0
8740 0.573526 0
8750 0.57184 0
8760 0.570165 0
8770 0.568506 0
8780 0.566859 0
8790 0.565075 0
8800 0.563443 0
8810 0.561824 0
8820 0.560224 0
8830 0.558466 0
8840 0.556877 0
8850 0.555141 0
8860 0.553571 0
8870 0.552017 0
8880 0.550298 0
8890 0.548763 0
8900 0.547061 0
8910 0.545538 0
8920 0.54385 0
8930 0.54235 0
8940 0.540676 0
8950 0.539019 0
8960 0.537528 0
8970 0.535885 0
8980 0.534414 0
8990 0.532775 0
9000 0.531152 0

