3300 3.05429 0
3310 2.90993 0
3320 2.75649 0
3330 2.61699 0
3340 2.48495 0
3350 2.35347 0
3360 2.22357 0
3370 2.09624 0
3380 1.9738 0
3390 1.85545 0
3400 1.75968 0
3410 1.69392 0
3420 1.5737 0
3430 1.33147 0
3440 1.11666 0
3450 0.94387 0
3460 0.779004 0
3470 0.643543 0
3480 0.52047 0
3490 0.419746 0
3500 0.389256 0
3510 0.392962 0
3520 0.403204 0
3530 0.420589 0
3540 0.44295 0
3550 0.474312 0
3560 0.512591 0
3570 0.559277 0
3580 0.611416 0
3590 0.669272 0
3600 0.730298 0
3610 0.795428 0
3620 0.876898 0
3630 0.97699 0
3640 1.09861 0
3650 1.31542 0
3660 1.51214 0
3670 1.70374 0
3680 1.87942 0
3690 2.02842 0
3700 2.17265 0
3710 2.31493 0
3720 2.41909 0
3730 2.51833 0
3740 2.60412 0
3750 2.68558 0
3760 2.79185 0
3770 2.8903 0
3780 3.02272 0
3790 3.11415 0
3800 3.20141 0
3810 3.28353 0
3820 3.3634 0
3830 3.43524 0
3840 3.44193 0
3850 3.45494 0
3860 3.49219 0
3870 3.51007 0
3880 3.54453 0
3890 3.55559 0
3900 3.57932 0
3910 3.57618 0
3920 3.57819 0
3930 3.5619 0
3940 3.54242 0
3950 3.5215 0
3960 3.50044 0
3970 3.48228 0
3980 3.4688 0
3990 3.45385 0
4000 3.45785 0
4010 3.43876 0
4020 3.41801 0
4030 3.41594 0
4040 3.40015 0
4050 3.39465 0
4060 3.37472 0
4070 3.36793 0
4080 3.35726 0
4090 3.33192 0
4100 3.30841 0
4110 3.27495 0
4120 3.25051 0
4130 3.2158 0
4140 3.1812 0
4150 3.14524 0
4160 3.11048 0
4170 3.0751 0
4180 3.04206 0
4190 3.01077 0
4200 2.98151 0
4210 2.95357 0
4220 2.9264 0
4230 2.90008 0
4240 2.8739 0
4250 2.84841 0
4260 2.8231 0
4270 2.79897 0
4280 2.77529 0
4290 2.7524 0
4300 2.73031 0
4310 2.70895 0
4320 2.68798 0
4330 2.66685 0
4340 2.64469 0
4350 2.6228 0
4360 2.60118 0
4370 2.57835 0
4380 2.55351 0
4390 2.52772 0
4400 2.50228 0
4410 2.47734 0
4420 2.453 0
4430 2.42874 0
4440 2.40445 0
4450 2.37951 0
4460 2.35431 0
4470 2.32833 0
4480 2.30178 0
4490 2.27418 0
4500 2.24569 0
4510 2.2162 0
4520 2.18544 0
4530 2.15319 0
4540 2.11942 0
4550 2.08466 0
4560 2.04812 0
4570 2.00944 0
4580 1.96876 0
4590 1.93526 0
4600 1.91689 0
4610 1.92525 0
4620 1.93606 0
4630 1.9476 0
4640 1.95956 0
4650 1.97242 0
4660 1.98629 0
4670 2.00071 0
4680 2.01528 0
4690 2.03078 0
4700 2.04676 0
4710 2.06342 0
4720 2.07982 0
4730 2.0981 0
4740 2.11468 0
4750 2.13383 0
4760 2.15091 0
4770 2.16833 0
4780 2.18451 0
4790 2.19537 0
4800 2.1953 0
4810 2.18702 0
4820 2.17875 0
4830 2.17062 0
4840 2.16246 0
4850 2.15429 0
4860 2.14609 0
4870 2.13794 0
4880 2.12989 0
4890 2.12172 0
4900 2.11374 0
4910 2.10568 0
4920 2.09772 0
4930 2.08956 0
4940 2.08177 0
4950 2.07385 0
4960 2.06582 0
4970 2.0582 0
4980 2.05026 0
4990 2.04232 0
5000 2.03451 0
5010 2.02686 0
5020 2.01924 0
5030 2.01146 0
5040 2.0037 0
5050 1.99599 0
5060 1.9883 0
5070 1.98065 0
5080 1.97304 0
5090 1.96539 0
5100 1.95772 0
5110 1.94985 0
5120 1.94221 0
5130 1.93433 0
5140 1.92624 0
5150 1.91819 0
5160 1.90989 0
5170 1.90182 0
5180 1.89359 0
5190 1.88518 0
5200 1.87689 0
5210 1.86863 0
5220 1.86016 0
5230 1.85196 0
5240 1.84352 0
5250 1.83507 0
5260 1.8264 0
5270 1.81757 0
5280 1.80864 0
5290 1.79945 0
5300 1.79005 0
5310 1.78049 0
5320 1.77066 0
5330 1.76032 0
5340 1.74939 0
5350 1.73709 0
5360 1.7238 0
5370 1.70972 0
5380 1.69548 0
5390 1.68104 0
5400 1.66634 0
5410 1.65131 0
5420 1.63719 0
5430 1.62506 0
5440 1.61309 0
5450 1.60233 0
5460 1.59014 0
5470 1.5763 0
5480 1.56187 0
5490 1.54672 0
5500 1.53065 0
5510 1.51366 0
5520 1.49573 0
5530 1.47653 0
5540 1.45635 0
5550 1.43716 0
5560 1.4183 0
5570 1.39917 0
5580 1.37933 0
5590 1.35764 0
5600 1.33466 0
5610 1.31026 0
5620 1.28402 0
5630 1.25613 0
5640 1.22661 0
5650 1.19488 0
5660 1.16104 0
5670 1.12464 0
5680 1.08604 0
5690 1.04555 0
5700 1.0044 0
5710 0.962817 0
5720 0.921147 0
5730 0.879811 0
5740 0.839162 0
5750 0.799639 0
5760 0.761649 0
5770 0.725726 0
5780 0.701473 0
5790 0.699403 0
5800 0.719344 0
5810 0.754184 0
5820 0.789914 0
5830 0.825883 0
5840 0.862747 0
5850 0.899137 0
5860 0.93606 0
5870 0.97406 0
5880 1.01115 0
5890 1.04839 0
5900 1.08585 0
5910 1.12265 0
5920 1.15875 0
5930 1.19519 0
5940 1.23019 0
5950 1.26547 0
5960 1.29872 0
5970 1.33081 0
5980 1.3624 0
5990 1.39321 0
6000 1.42287 0
6010 1.45121 0
6020 1.47674 0
6030 1.49766 0
6040 1.50623 0
6050 1.50754 0
6060 1.50056 0
6070 1.49377 0
6080 1.4877 0
6090 1.48079 0
6100 1.47417 0
6110 1.46805 0
6120 1.46073 0
6130 1.45519 0
6140 1.44809 0
6150 1.44242 0
6160 1.43569 0
6170 1.42986 0
6180 1.42426 0
6190 1.41843 0
6200 1.413 0
6210 1.40748 0
6220 1.4021 0
6230 1.39599 0
6240 1.39078 0
6250 1.38525 0
6260 1.38014 0
6270 1.37447 0
6280 1.36852 0
6290 1.36271 0
6300 1.35725 0
6310 1.35197 0
6320 1.34675 0
6330 1.34104 0
6340 1.33522 0
6350 1.32931 0
6360 1.32345 0
6370 1.31762 0
6380 1.31182 0
6390 1.30602 0
6400 1.30023 0
6410 1.2944 0
6420 1.28855 0
6430 1.28336 0
6440 1.27803 0
6450 1.27294 0
6460 1.26759 0
6470 1.26197 0
6480 1.25625 0
6490 1.25166 0
6500 1.24637 0
6510 1.24109 0
6520 1.23563 0
6530 1.23107 0
6540 1.22582 0
6550 1.22031 0
6560 1.21595 0
6570 1.21072 0
6580 1.20574 0
6590 1.20112 0
6600 1.19567 0
6610 1.19138 0
6620 1.1861 0
6630 1.18165 0
6640 1.17647 0
6650 1.17206 0
6660 1.16684 0
6670 1.16258 0
6680 1.15731 0
6690 1.15312 0
6700 1.14838 0
6710 1.14351 0
6720 1.13725 0
6730 1.13014 0
6740 1.12203 0
6750 1.11377 0
6760 1.10498 0
6770 1.09656 0
6780 1.0886 0
6790 1.08114 0
6800 1.07386 0
6810 1.0667 0
6820 1.05967 0
6830 1.05276 0
6840 1.04597 0
6850 1.0393 0
6860 1.03277 0
6870 1.02636 0
6880 1.02008 0
6890 1.01391 0
6900 1.00785 0
6910 1.00191 0
6920 0.996068 0
6930 0.990332 0
6940 0.984694 0
6950 0.979152 0
6960 0.973699 0
6970 0.968338 0
6980 0.96305 0
6990 0.957844 0
7000 0.95271 0
7010 0.947641 0
7020 0.94264 0
7030 0.937688 0
7040 0.93279 0
7050 0.927944 0
7060 0.923131 0
7070 0.918357 0
7080 0.913614 0
7090 0.908891 0
7100 0.904187 0
7110 0.899494 0
7120 0.894815 0
7130 0.890116 0
7140 0.885572 0
7150 0.881679 0
7160 0.87804 0
7170 0.874434 0
7180 0.870586 0
7190 0.866473 0
7200 0.86233 0
7210 0.858203 0
7220 0.854097 0
7230 0.84999 0
7240 0.845882 0
7250 0.841738 0
7260 0.837644 0
7270 0.833511 0
7280 0.829383 0
7290 0.825261 0
7300 0.821226 0
7310 0.817213 0
7320 0.813202 0
7330 0.809201 0
7340 0.805342 0
7350 0.801648 0
7360 0.79797 0
7370 0.794277 0
7380 0.790559 0
7390 0.784989 0
7400 0.776896 0
7410 0.768264 0
7420 0.757515 0
7430 0.732022 0
7440 0.698038 0
7450 0.66367 0
7460 0.628777 0
7470 0.593804 0
7480 0.558825 0
7490 0.524049 0
7500 0.488889 0
7510 0.454601 0
7520 0.420008 0
7530 0.384912 0
7540 0.348476 0
7550 0.312765 0
7560 0.279706 0
7570 0.248144 0
7580 0.217648 0
7590 0.194075 0
7600 0.180113 0
7610 0.170219 0
7620 0.16141 0
7630 0.153383 0
7640 0.14619 0
7650 0.139859 0
7660 0.134249 0
7670 0.129327 0
7680 0.125196 0
7690 0.12192 0
7700 0.12028 0
7710 0.12021 0
7720 0.120814 0
7730 0.121853 0
7740 0.123276 0
7750 0.12503 0
7760 0.127052 0
7770 0.129291 0
7780 0.131773 0
7790 0.134578 0
7800 0.137668 0
7810 0.141056 0
7820 0.144624 0
7830 0.148731 0
7840 0.153765 0
7850 0.159309 0
7860 0.165519 0
7870 0.172605 0
7880 0.18046 0
7890 0.1887 0
7900 0.197012 0
7910 0.205309 0
7920 0.21346 0
7930 0.222029 0
7940 0.236021 0
7950 0.256268 0
7960 0.276027 0
7970 0.294692 0
7980 0.312981 0
7990 0.33036 0
8000 0.347693 0
8010 0.364033 0
8020 0.379191 0
8030 0.393913 0
8040 0.409011 0
8050 0.422182 0
8060 0.436613 0
8070 0.44823 0
8080 0.460086 0
8090 0.471964 0
8100 0.483763 0
8110 0.49395 0
8120 0.503437 0
8130 0.512786 0
8140 0.52168 0
8150 0.529595 0
8160 0.536749 0
8170 0.544696 0
8180 0.554194 0
8190 0.565788 0
8200 0.577777 0
8210 0.586506 0
8220 0.596889 0
8230 0.60815 0
8240 0.615555 0
8250 0.625008 0
8260 0.633605 0
8270 0.640876 0
8280 0.650428 0
8290 0.655755 0
8300 0.664989 0
8310 0.669328 0
8320 0.676992 0
8330 0.681388 0
8340 0.686674 0
8350 0.691036 0
8360 0.691422 0
8370 0.689064 0
8380 0.689929 0
8390 0.689707 0
8400 0.687376 0
8410 0.688017 0
8420 0.687929 0
8430 0.686179 0
8440 0.685482 0
8450 0.685648 0
8460 0.685135 0
8470 0.683299 0
8480 0.682379 0
8490 0.682471 0
8500 0.681855 0
8510 0.68097 0
8520 0.679247 0
8530 0.67722 0
8540 0.676589 0
8550 0.675788 0
8560 0.674856 0
8570 0.674277 0
8580 0.673912 0
8590 0.673027 0
8600 0.671353 0
8610 0.669156 0
8620 0.666257 0
8630 0.663257 0
8640 0.660402 0
8650 0.657461 0
8660 0.654442 0
8670 0.651383 0
8680 0.649127 0
8690 0.64684 0
8700 0.644435 0
8710 0.641835 0
8720 0.639051 0
8730 0.63621 0
8740 0.635315 0
8750 0.633698 0
8760 0.631189 0
8770 0.628352 0
8780 0.626603 0
8790 0.625254 0
8800 0.622789 0
8810 0.620716 0
8820 0.619647 0
8830 0.617557 0
8840 0.614545 0
8850 0.611945 0
8860 0.609672 0
8870 0.606495 0
8880 0.602899 0
8890 0.598947 0
8900 0.594736 0
8910 0.591337 0
8920 0.587407 0
8930 0.583022 0
8940 0.57854 0
8950 0.574656 0
8960 0.570222 0
8970 0.565577 0
8980 0.561927 0
8990 0.557777 0
9000 0.553191 0

