3300 2.51311 0
3310 2.4076 0
3320 2.29188 0
3330 2.18642 0
3340 2.11555 0
3350 2.06396 0
3360 2.03497 0
3370 2.12334 0
3380 1.86365 0
3390 1.61158 0
3400 1.37631 0
3410 1.20226 0
3420 1.05274 0
3430 0.910239 0
3440 0.792052 0
3450 0.703451 0
3460 0.617062 0
3470 0.536738 0
3480 0.523808 0
3490 0.51113 0
3500 0.518285 0
3510 0.525074 0
3520 0.544673 0
3530 0.563354 0
3540 0.601718 0
3550 0.663599 0
3560 0.746488 0
3570 0.871926 0
3580 1.074 0
3590 1.28041 0
3600 1.45032 0
3610 1.63483 0
3620 1.78486 0
3630 1.94217 0
3640 2.06582 0
3650 2.13359 0
3660 2.1244 0
3670 2.11888 0
3680 2.11918 0
3690 2.08021 0
3700 2.08754 0
3710 2.05358 0
3720 2.02543 0
3730 2.05713 0
3740 2.04156 0
3750 2.01679 0
3760 2.06548 0
3770 2.13429 0
3780 2.21702 0
3790 2.27899 0
3800 2.36695 0
3810 2.45081 0
3820 2.54796 0
3830 2.62348 0
3840 2.69759 0
3850 2.77303 0
3860 2.84044 0
3870 2.90384 0
3880 2.97275 0
3890 3.02078 0
3900 3.07125 0
3910 3.11896 0
3920 3.18365 0
3930 3.22685 0
3940 3.24921 0
3950 3.28732 0
3960 3.32112 0
3970 3.3562 0
3980 3.37351 0
3990 3.39681 0
4000 3.42642 0
4010 3.43064 0
4020 3.45231 0
4030 3.45336 0
4040 3.45241 0
4050 3.46303 0
4060 3.457 0
4070 3.45316 0
4080 3.4638 0
4090 3.44558 0
4100 3.43086 0
4110 3.41397 0
4120 3.39266 0
4130 3.37254 0
4140 3.35155 0
4150 3.32543 0
4160 3.30159 0
4170 3.27317 0
4180 3.24742 0
4190 3.21769 0
4200 3.18853 0
4210 3.16043 0
4220 3.13659 0
4230 3.10945 0
4240 3.07951 0
4250 3.05221 0
4260 3.02747 0
4270 2.99981 0
4280 2.97038 0
4290 2.94879 0
4300 2.92042 0
4310 2.8952 0
4320 2.86917 0
4330 2.84219 0
4340 2.81835 0
4350 2.79214 0
4360 2.76807 0
4370 2.74422 0
4380 2.71693 0
4390 2.69548 0
4400 2.67217 0
4410 2.65054 0
4420 2.62614 0
4430 2.60539 0
4440 2.58166 0
4450 2.55115 0
4460 2.47672 0
4470 2.34943 0
4480 2.21804 0
4490 2.09001 0
4500 1.96506 0
4510 1.84255 0
4520 1.72669 0
4530 1.61476 0
4540 1.51068 0
4550 1.42024 0
4560 1.3283 0
4570 1.24427 0
4580 1.16888 0
4590 1.10128 0
4600 1.07828 0
4610 1.09174 0
4620 1.10453 0
4630 1.10475 0
4640 1.14496 0
4650 1.19281 0
4660 1.26995 0
4670 1.33269 0
4680 1.39778 0
4690 1.44771 0
4700 1.51214 0
4710 1.57984 0
4720 1.62874 0
4730 1.67675 0
4740 1.74021 0
4750 1.78816 0
4760 1.83616 0
4770 1.87856 0
4780 1.92234 0
4790 1.96608 0
4800 2.00449 0
4810 2.04716 0
4820 2.06241 0
4830 2.09938 0
4840 2.13048 0
4850 2.14204 0
4860 2.17181 0
4870 2.18019 0
4880 2.20663 0
4890 2.21207 0
4900 2.23457 0
4910 2.23757 0
4920 2.25791 0
4930 2.25781 0
4940 2.25735 0
4950 2.27191 0
4960 2.26735 0
4970 2.26333 0
4980 2.26452 0
4990 2.2613 0
5000 2.27595 0
5010 2.26829 0
5020 2.25907 0
5030 2.25006 0
5040 2.23943 0
5050 2.22884 0
5060 2.21709 0
5070 2.20336 0
5080 2.19105 0
5090 2.17626 0
5100 2.16277 0
5110 2.147 0
5120 2.13135 0
5130 2.11415 0
5140 2.09681 0
5150 2.07939 0
5160 2.06529 0
5170 2.05284 0
5180 2.04149 0
5190 2.02864 0
5200 2.01581 0
5210 2.00383 0
5220 1.99338 0
5230 1.9825 0
5240 1.96965 0
5250 1.96034 0
5260 1.94444 0
5270 1.9219 0
5280 1.89413 0
5290 1.8535 0
5300 1.81014 0
5310 1.76824 0
5320 1.7247 0
5330 1.68163 0
5340 1.63698 0
5350 1.59542 0
5360 1.55154 0
5370 1.50778 0
5380 1.46448 0
5390 1.42377 0
5400 1.38405 0
5410 1.34306 0
5420 1.30828 0
5430 1.27868 0
5440 1.2621 0
5450 1.25757 0
5460 1.25754 0
5470 1.2536 0
5480 1.25423 0
5490 1.26159 0
5500 1.26531 0
5510 1.27576 0
5520 1.28813 0
5530 1.29991 0
5540 1.30564 0
5550 1.32465 0
5560 1.33217 0
5570 1.3403 0
5580 1.35849 0
5590 1.36781 0
5600 1.3775 0
5610 1.33624 0
5620 1.27702 0
5630 1.21086 0
5640 1.1582 0
5650 1.09901 0
5660 1.04436 0
5670 0.997563 0
5680 0.960425 0
5690 0.912415 0
5700 0.864061 0
5710 0.840126 0
5720 0.79144 0
5730 0.751045 0
5740 0.733461 0
5750 0.692668 0
5760 0.672458 0
5770 0.642598 0
5780 0.619424 0
5790 0.624355 0
5800 0.6445 0
5810 0.661871 0
5820 0.673615 0
5830 0.698895 0
5840 0.736522 0
5850 0.773808 0
5860 0.8112 0
5870 0.848431 0
5880 0.886079 0
5890 0.925888 0
5900 0.955316 0
5910 0.992067 0
5920 1.0194 0
5930 1.04736 0
5940 1.07588 0
5950 1.10067 0
5960 1.12704 0
5970 1.15184 0
5980 1.17619 0
5990 1.20073 0
6000 1.22371 0
6010 1.2466 0
6020 1.26867 0
6030 1.28859 0
6040 1.29994 0
6050 1.31673 0
6060 1.33826 0
6070 1.34521 0
6080 1.36135 0
6090 1.36905 0
6100 1.38215 0
6110 1.38979 0
6120 1.4052 0
6130 1.40641 0
6140 1.41778 0
6150 1.42537 0
6160 1.42677 0
6170 1.43544 0
6180 1.43621 0
6190 1.44314 0
6200 1.45398 0
6210 1.45096 0
6220 1.45001 0
6230 1.44915 0
6240 1.45773 0
6250 1.46145 0
6260 1.46127 0
6270 1.45754 0
6280 1.45393 0
6290 1.46007 0
6300 1.45612 0
6310 1.45207 0
6320 1.44777 0
6330 1.44306 0
6340 1.43849 0
6350 1.43334 0
6360 1.42804 0
6370 1.42227 0
6380 1.41621 0
6390 1.40972 0
6400 1.4031 0
6410 1.39622 0
6420 1.38926 0
6430 1.38213 0
6440 1.37488 0
6450 1.36711 0
6460 1.35955 0
6470 1.35098 0
6480 1.34178 0
6490 1.33302 0
6500 1.32523 0
6510 1.31758 0
6520 1.31005 0
6530 1.3022 0
6540 1.29418 0
6550 1.28476 0
6560 1.27742 0
6570 1.27003 0
6580 1.26208 0
6590 1.25418 0
6600 1.24486 0
6610 1.23747 0
6620 1.23006 0
6630 1.22225 0
6640 1.21293 0
6650 1.20588 0
6660 1.19842 0
6670 1.18964 0
6680 1.18184 0
6690 1.17493 0
6700 1.16664 0
6710 1.15841 0
6720 1.15149 0
6730 1.14293 0
6740 1.13561 0
6750 1.12913 0
6760 1.12038 0
6770 1.11386 0
6780 1.10601 0
6790 1.0987 0
6800 1.09197 0
6810 1.08395 0
6820 1.07775 0
6830 1.06961 0
6840 1.06369 0
6850 1.05566 0
6860 1.04987 0
6870 1.04209 0
6880 1.03628 0
6890 1.02891 0
6900 1.02274 0
6910 1.01614 0
6920 1.00927 0
6930 1.00277 0
6940 0.991918 0
6950 0.982382 0
6960 0.972281 0
6970 0.961842 0
6980 0.953224 0
6990 0.944033 0
7000 0.936099 0
7010 0.928053 0
7020 0.919955 0
7030 0.911859 0
7040 0.903604 0
7050 0.894745 0
7060 0.886444 0
7070 0.877502 0
7080 0.8689 0
7090 0.859476 0
7100 0.849873 0
7110 0.84045 0
7120 0.83149 0
7130 0.822642 0
7140 0.815022 0
7150 0.811204 0
7160 0.80741 0
7170 0.803127 0
7180 0.797812 0
7190 0.792907 0
7200 0.790114 0
7210 0.784457 0
7220 0.782028 0
7230 0.780383 0
7240 0.777258 0
7250 0.773999 0
7260 0.773384 0
7270 0.77074 0
7280 0.767854 0
7290 0.761171 0
7300 0.753605 0
7310 0.745026 0
7320 0.736788 0
7330 0.703285 0
7340 0.668273 0
7350 0.63875 0
7360 0.60951 0
7370 0.569574 0
7380 0.545085 0
7390 0.511176 0
7400 0.4843 0
7410 0.456041 0
7420 0.427532 0
7430 0.393907 0
7440 0.364052 0
7450 0.331832 0
7460 0.298434 0
7470 0.277417 0
7480 0.245796 0
7490 0.227064 0
7500 0.198836 0
7510 0.182991 0
7520 0.167331 0
7530 0.15251 0
7540 0.139908 0
7550 0.136102 0
7560 0.133015 0
7570 0.132109 0
7580 0.12966 0
7590 0.129101 0
7600 0.128011 0
7610 0.12825 0
7620 0.128945 0
7630 0.128649 0
7640 0.130351 0
7650 0.132962 0
7660 0.135137 0
7670 0.137966 0
7680 0.141641 0
7690 0.146022 0
7700 0.150652 0
7710 0.155488 0
7720 0.162374 0
7730 0.169582 0
7740 0.176696 0
7750 0.184623 0
7760 0.192203 0
7770 0.198411 0
7780 0.206551 0
7790 0.225207 0
7800 0.243196 0
7810 0.26288 0
7820 0.281177 0
7830 0.29778 0
7840 0.31372 0
7850 0.330728 0
7860 0.345888 0
7870 0.363132 0
7880 0.377661 0
7890 0.392249 0
7900 0.403882 0
7910 0.421639 0
7920 0.431615 0
7930 0.443604 0
7940 0.453794 0
7950 0.466052 0
7960 0.476265 0
7970 0.486042 0
7980 0.495805 0
7990 0.504409 0
8000 0.512769 0
8010 0.523196 0
8020 0.533518 0
8030 0.546186 0
8040 0.554147 0
8050 0.565247 0
8060 0.579035 0
8070 0.592925 0
8080 0.597231 0
8090 0.609591 0
8100 0.619997 0
8110 0.627675 0
8120 0.639226 0
8130 0.642525 0
8140 0.655895 0
8150 0.65999 0
8160 0.670168 0
8170 0.674012 0
8180 0.683972 0
8190 0.688432 0
8200 0.699266 0
8210 0.701639 0
8220 0.711731 0
8230 0.713533 0
8240 0.715918 0
8250 0.712921 0
8260 0.714434 0
8270 0.712973 0
8280 0.712854 0
8290 0.713775 0
8300 0.711086 0
8310 0.712415 0
8320 0.709328 0
8330 0.7047 0
8340 0.698086 0
8350 0.693311 0
8360 0.69021 0
8370 0.685229 0
8380 0.676988 0
8390 0.673852 0
8400 0.668948 0
8410 0.666663 0
8420 0.658032 0
8430 0.652819 0
8440 0.647842 0
8450 0.643161 0
8460 0.639337 0
8470 0.633388 0
8480 0.62578 0
8490 0.616663 0
8500 0.608875 0
8510 0.601518 0
8520 0.59429 0
8530 0.586312 0
8540 0.578853 0
8550 0.571577 0
8560 0.564284 0
8570 0.560097 0
8580 0.556494 0
8590 0.553455 0
8600 0.549681 0
8610 0.546523 0
8620 0.546193 0
8630 0.544528 0
8640 0.541734 0
8650 0.538031 0
8660 0.537872 0
8670 0.536655 0
8680 0.535051 0
8690 0.536314 0
8700 0.536605 0
8710 0.536125 0
8720 0.535563 0
8730 0.536449 0
8740 0.536633 0
8750 0.53711 0
8760 0.537865 0
8770 0.534662 0
8780 0.534022 0
8790 0.532883 0
8800 0.5342 0
8810 0.530911 0
8820 0.530603 0
8830 0.530182 0
8840 0.52587 0
8850 0.527955 0
8860 0.528156 0
8870 0.52441 0
8880 0.524387 0
8890 0.522905 0
8900 0.525127 0
8910 0.522611 0
8920 0.524462 0
8930 0.524856 0
8940 0.526952 0
8950 0.525214 0
8960 0.527936 0
8970 0.527642 0
8980 0.526622 0
8990 0.528046 0
9000 0.52734 0

