3300 2.40313 0
3310 2.04467 0
3320 1.65259 0
3330 1.2984 0
3340 1.00213 0
3350 0.714479 0
3360 0.59384 0
3370 0.548007 0
3380 0.485419 0
3390 0.441128 0
3400 0.420617 0
3410 0.40871 0
3420 0.406278 0
3430 0.411039 0
3440 0.419941 0
3450 0.434193 0
3460 0.449022 0
3470 0.471292 0
3480 0.499524 0
3490 0.535171 0
3500 0.574838 0
3510 0.633114 0
3520 0.696681 0
3530 0.838502 0
3540 1.02929 0
3550 1.21309 0
3560 1.37169 0
3570 1.57215 0
3580 1.79818 0
3590 1.98392 0
3600 2.14007 0
3610 2.29405 0
3620 2.42667 0
3630 2.55559 0
3640 2.663 0
3650 2.78378 0
3660 2.86077 0
3670 2.94564 0
3680 3.00095 0
3690 3.048 0
3700 3.05908 0
3710 3.07368 0
3720 3.07976 0
3730 3.073 0
3740 3.07739 0
3750 3.06748 0
3760 3.07135 0
3770 3.07621 0
3780 3.09501 0
3790 3.07568 0
3800 3.06538 0
3810 3.03799 0
3820 3.0192 0
3830 2.97007 0
3840 2.93402 0
3850 2.87958 0
3860 2.82114 0
3870 2.77474 0
3880 2.73436 0
3890 2.75709 0
3900 2.79642 0
3910 2.8107 0
3920 2.83283 0
3930 2.82603 0
3940 2.82192 0
3950 2.80149 0
3960 2.77975 0
3970 2.75747 0
3980 2.73172 0
3990 2.70006 0
4000 2.64314 0
4010 2.59823 0
4020 2.53564 0
4030 2.46698 0
4040 2.39428 0
4050 2.31966 0
4060 2.24439 0
4070 2.15734 0
4080 2.07011 0
4090 2.0071 0
4100 1.96499 0
4110 1.92033 0
4120 1.8847 0
4130 1.82856 0
4140 1.77951 0
4150 1.71621 0
4160 1.66475 0
4170 1.5946 0
4180 1.54421 0
4190 1.48616 0
4200 1.43368 0
4210 1.38573 0
4220 1.35195 0
4230 1.31534 0
4240 1.28649 0
4250 1.26438 0
4260 1.25097 0
4270 1.24263 0
4280 1.2392 0
4290 1.24372 0
4300 1.25241 0
4310 1.26945 0
4320 1.33796 0
4330 1.43193 0
4340 1.52712 0
4350 1.61064 0
4360 1.69867 0
4370 1.7863 0
4380 1.87653 0
4390 1.95057 0
4400 2.0173 0
4410 2.07619 0
4420 2.11786 0
4430 2.17113 0
4440 2.20301 0
4450 2.2382 0
4460 2.24875 0
4470 2.25778 0
4480 2.26456 0
4490 2.26766 0
4500 2.26705 0
4510 2.26422 0
4520 2.25878 0
4530 2.24899 0
4540 2.22112 0
4550 2.20588 0
4560 2.19048 0
4570 2.1567 0
4580 2.1353 0
4590 2.10079 0
4600 2.08364 0
4610 2.05457 0
4620 2.03923 0
4630 2.00514 0
4640 1.98734 0
4650 2.01984 0
4660 2.05286 0
4670 2.08097 0
4680 2.11049 0
4690 2.14921 0
4700 2.17693 0
4710 2.20679 0
4720 2.23059 0
4730 2.25476 0
4740 2.28148 0
4750 2.30395 0
4760 2.32598 0
4770 2.34721 0
4780 2.36629 0
4790 2.38704 0
4800 2.40725 0
4810 2.42313 0
4820 2.4299 0
4830 2.44667 0
4840 2.4634 0
4850 2.46778 0
4860 2.48276 0
4870 2.48629 0
4880 2.50106 0
4890 2.50201 0
4900 2.49928 0
4910 2.49068 0
4920 2.4874 0
4930 2.47182 0
4940 2.45859 0
4950 2.44946 0
4960 2.43515 0
4970 2.41951 0
4980 2.40581 0
4990 2.38918 0
5000 2.37912 0
5010 2.35941 0
5020 2.34084 0
5030 2.31963 0
5040 2.29768 0
5050 2.27553 0
5060 2.25057 0
5070 2.22515 0
5080 2.19927 0
5090 2.17347 0
5100 2.14539 0
5110 2.11536 0
5120 2.08405 0
5130 2.05148 0
5140 2.01794 0
5150 2.00393 0
5160 1.9928 0
5170 1.98214 0
5180 1.97104 0
5190 1.95884 0
5200 1.9466 0
5210 1.93323 0
5220 1.91853 0
5230 1.90365 0
5240 1.88944 0
5250 1.87481 0
5260 1.86024 0
5270 1.84561 0
5280 1.82904 0
5290 1.81293 0
5300 1.79726 0
5310 1.78266 0
5320 1.76727 0
5330 1.75123 0
5340 1.73573 0
5350 1.72179 0
5360 1.71017 0
5370 1.70539 0
5380 1.70141 0
5390 1.70016 0
5400 1.69951 0
5410 1.69465 0
5420 1.68931 0
5430 1.67968 0
5440 1.67271 0
5450 1.66949 0
5460 1.66691 0
5470 1.66146 0
5480 1.66145 0
5490 1.65806 0
5500 1.65435 0
5510 1.6511 0
5520 1.64557 0
5530 1.61992 0
5540 1.58341 0
5550 1.54051 0
5560 1.49584 0
5570 1.44999 0
5580 1.40599 0
5590 1.35744 0
5600 1.31151 0
5610 1.26715 0
5620 1.21809 0
5630 1.17439 0
5640 1.12286 0
5650 1.05145 0
5660 0.984129 0
5670 0.914564 0
5680 0.849503 0
5690 0.782749 0
5700 0.717806 0
5710 0.658403 0
5720 0.605489 0
5730 0.561446 0
5740 0.519686 0
5750 0.480141 0
5760 0.442464 0
5770 0.410438 0
5780 0.376617 0
5790 0.347017 0
5800 0.321676 0
5810 0.307249 0
5820 0.29888 0
5830 0.292412 0
5840 0.289117 0
5850 0.28885 0
5860 0.291094 0
5870 0.295384 0
5880 0.301899 0
5890 0.310886 0
5900 0.321387 0
5910 0.333964 0
5920 0.348272 0
5930 0.363526 0
5940 0.380913 0
5950 0.398702 0
5960 0.418154 0
5970 0.438317 0
5980 0.46004 0
5990 0.497393 0
6000 0.544085 0
6010 0.5884 0
6020 0.631083 0
6030 0.673665 0
6040 0.712272 0
6050 0.750139 0
6060 0.787488 0
6070 0.825051 0
6080 0.861402 0
6090 0.89087 0
6100 0.920094 0
6110 0.953925 0
6120 0.981338 0
6130 1.00756 0
6140 1.03346 0
6150 1.05785 0
6160 1.08183 0
6170 1.10476 0
6180 1.12822 0
6190 1.15071 0
6200 1.17096 0
6210 1.18234 0
6220 1.19019 0
6230 1.1899 0
6240 1.19348 0
6250 1.19616 0
6260 1.19128 0
6270 1.18929 0
6280 1.18134 0
6290 1.17576 0
6300 1.17131 0
6310 1.15472 0
6320 1.13935 0
6330 1.12627 0
6340 1.10819 0
6350 1.09219 0
6360 1.0701 0
6370 1.05025 0
6380 1.03206 0
6390 1.00989 0
6400 0.986972 0
6410 0.967124 0
6420 0.941573 0
6430 0.917601 0
6440 0.893721 0
6450 0.873425 0
6460 0.848083 0
6470 0.824812 0
6480 0.802453 0
6490 0.780751 0
6500 0.760352 0
6510 0.744529 0
6520 0.725708 0
6530 0.708146 0
6540 0.69254 0
6550 0.678482 0
6560 0.666333 0
6570 0.656122 0
6580 0.649306 0
6590 0.661397 0
6600 0.674007 0
6610 0.689288 0
6620 0.703563 0
6630 0.71612 0
6640 0.733945 0
6650 0.748383 0
6660 0.758293 0
6670 0.773672 0
6680 0.790309 0
6690 0.801374 0
6700 0.812892 0
6710 0.830403 0
6720 0.842217 0
6730 0.854149 0
6740 0.86616 0
6750 0.878234 0
6760 0.890531 0
6770 0.902696 0
6780 0.914811 0
6790 0.926503 0
6800 0.938314 0
6810 0.944354 0
6820 0.955546 0
6830 0.966697 0
6840 0.978287 0
6850 0.982143 0
6860 0.991814 0
6870 1.0041 0
6880 1.00629 0
6890 1.01686 0
6900 1.01924 0
6910 1.02851 0
6920 1.03083 0
6930 1.04041 0
6940 1.04109 0
6950 1.04361 0
6960 1.04995 0
6970 1.05192 0
6980 1.05929 0
6990 1.0585 0
7000 1.05944 0
7010 1.06577 0
7020 1.0639 0
7030 1.06398 0
7040 1.07088 0
7050 1.06744 0
7060 1.06527 0
7070 1.06385 0
7080 1.06252 0
7090 1.06529 0
7100 1.05967 0
7110 1.055 0
7120 1.04653 0
7130 1.0324 0
7140 1.01654 0
7150 1.00845 0
7160 0.990393 0
7170 0.970266 0
7180 0.951559 0
7190 0.934618 0
7200 0.913681 0
7210 0.894753 0
7220 0.870086 0
7230 0.845108 0
7240 0.8186 0
7250 0.792511 0
7260 0.765024 0
7270 0.737276 0
7280 0.712214 0
7290 0.688032 0
7300 0.664954 0
7310 0.641849 0
7320 0.619539 0
7330 0.59485 0
7340 0.572588 0
7350 0.550944 0
7360 0.528643 0
7370 0.506202 0
7380 0.484097 0
7390 0.464715 0
7400 0.444962 0
7410 0.426445 0
7420 0.408222 0
7430 0.390862 0
7440 0.373975 0
7450 0.358051 0
7460 0.34264 0
7470 0.327793 0
7480 0.313874 0
7490 0.300889 0
7500 0.288646 0
7510 0.277088 0
7520 0.266631 0
7530 0.256778 0
7540 0.247867 0
7550 0.239754 0
7560 0.232554 0
7570 0.226563 0
7580 0.221252 0
7590 0.221323 0
7600 0.222119 0
7610 0.223947 0
7620 0.226661 0
7630 0.229693 0
7640 0.233486 0
7650 0.237577 0
7660 0.240525 0
7670 0.243188 0
7680 0.245521 0
7690 0.254367 0
7700 0.273686 0
7710 0.293943 0
7720 0.311828 0
7730 0.33016 0
7740 0.350443 0
7750 0.3664 0
7760 0.383339 0
7770 0.399692 0
7780 0.416852 0
7790 0.431632 0
7800 0.446578 0
7810 0.461719 0
7820 0.475619 0
7830 0.488501 0
7840 0.503017 0
7850 0.515322 0
7860 0.525451 0
7870 0.536697 0
7880 0.547434 0
7890 0.557518 0
7900 0.568701 0
7910 0.580335 0
7920 0.5922 0
7930 0.603962 0
7940 0.615871 0
7950 0.628545 0
7960 0.637412 0
7970 0.646675 0
7980 0.65744 0
7990 0.669509 0
8000 0.677241 0
8010 0.685048 0
8020 0.696304 0
8030 0.703361 0
8040 0.709047 0
8050 0.707255 0
8060 0.707494 0
8070 0.706118 0
8080 0.704908 0
8090 0.703649 0
8100 0.701896 0
8110 0.700978 0
8120 0.699064 0
8130 0.69758 0
8140 0.695863 0
8150 0.694153 0
8160 0.692586 0
8170 0.689619 0
8180 0.688818 0
8190 0.68518 0
8200 0.683534 0
8210 0.681598 0
8220 0.677541 0
8230 0.676061 0
8240 0.672719 0
8250 0.668645 0
8260 0.666198 0
8270 0.66293 0
8280 0.65765 0
8290 0.653975 0
8300 0.649188 0
8310 0.643184 0
8320 0.636543 0
8330 0.631037 0
8340 0.624669 0
8350 0.617059 0
8360 0.612048 0
8370 0.608756 0
8380 0.604792 0
8390 0.601215 0
8400 0.596616 0
8410 0.593502 0
8420 0.591609 0
8430 0.588803 0
8440 0.586527 0
8450 0.584179 0
8460 0.580911 0
8470 0.578336 0
8480 0.577299 0
8490 0.575908 0
8500 0.574093 0
8510 0.572851 0
8520 0.571125 0
8530 0.569391 0
8540 0.567269 0
8550 0.565247 0
8560 0.563076 0
8570 0.56153 0
8580 0.560905 0
8590 0.560597 0
8600 0.559806 0
8610 0.558495 0
8620 0.558214 0
8630 0.557583 0
8640 0.557909 0
8650 0.557128 0
8660 0.556837 0
8670 0.556129 0
8680 0.55508 0
8690 0.554483 0
8700 0.552548 0
8710 0.552252 0
8720 0.551117 0
8730 0.55012 0
8740 0.548985 0
8750 0.548909 0
8760 0.547999 0
8770 0.546584 0
8780 0.544921 0
8790 0.54514 0
8800 0.544377 0
8810 0.542076 0
8820 0.541331 0
8830 0.540056 0
8840 0.538404 0
8850 0.536961 0
8860 0.534849 0
8870 0.5335 0
8880 0.532992 0
8890 0.53023 0
8900 0.528731 0
8910 0.526141 0
8920 0.524706 0
8930 0.522008 0
8940 0.520375 0
8950 0.517679 0
8960 0.51581 0
8970 0.513114 0
8980 0.510589 0
8990 0.508122 0
9000 0.50614 0

