3300 2.13812 0
3310 2.19842 0
3320 2.2509 0
3330 2.31167 0
3340 2.36864 0
3350 2.4273 0
3360 2.48426 0
3370 2.54231 0
3380 2.31945 0
3390 2.09965 0
3400 1.84366 0
3410 1.6266 0
3420 1.42909 0
3430 1.22905 0
3440 1.00009 0
3450 0.808944 0
3460 0.619021 0
3470 0.443727 0
3480 0.449892 0
3490 0.475962 0
3500 0.509616 0
3510 0.62585 0
3520 0.833867 0
3530 1.019 0
3540 1.20444 0
3550 1.38363 0
3560 1.54661 0
3570 1.70616 0
3580 1.86454 0
3590 2.00495 0
3600 2.13968 0
3610 2.268 0
3620 2.3803 0
3630 2.4923 0
3640 2.58963 0
3650 2.67915 0
3660 2.68629 0
3670 2.70078 0
3680 2.71496 0
3690 2.71879 0
3700 2.71366 0
3710 2.7116 0
3720 2.70346 0
3730 2.68797 0
3740 2.68437 0
3750 2.66713 0
3760 2.67426 0
3770 2.6857 0
3780 2.71297 0
3790 2.70884 0
3800 2.73242 0
3810 2.74351 0
3820 2.77006 0
3830 2.77258 0
3840 2.78567 0
3850 2.78654 0
3860 2.79288 0
3870 2.81102 0
3880 2.81291 0
3890 2.82099 0
3900 2.82558 0
3910 2.82432 0
3920 2.8374 0
3930 2.83195 0
3940 2.82755 0
3950 2.83324 0
3960 2.83218 0
3970 2.83572 0
3980 2.83566 0
3990 2.83894 0
4000 2.84266 0
4010 2.83368 0
4020 2.84001 0
4030 2.83072 0
4040 2.82826 0
4050 2.82545 0
4060 2.81404 0
4070 2.8127 0
4080 2.8129 0
4090 2.80176 0
4100 2.79027 0
4110 2.77847 0
4120 2.76524 0
4130 2.75288 0
4140 2.74426 0
4150 2.7321 0
4160 2.7176 0
4170 2.70574 0
4180 2.6898 0
4190 2.67766 0
4200 2.66593 0
4210 2.65412 0
4220 2.63986 0
4230 2.62615 0
4240 2.6143 0
4250 2.60609 0
4260 2.59316 0
4270 2.58116 0
4280 2.56945 0
4290 2.56139 0
4300 2.54908 0
4310 2.53742 0
4320 2.52265 0
4330 2.50787 0
4340 2.49323 0
4350 2.47884 0
4360 2.46318 0
4370 2.4478 0
4380 2.42904 0
4390 2.41409 0
4400 2.3991 0
4410 2.38553 0
4420 2.37008 0
4430 2.35841 0
4440 2.34351 0
4450 2.33173 0
4460 2.3136 0
4470 2.28838 0
4480 2.264 0
4490 2.23591 0
4500 2.20673 0
4510 2.18151 0
4520 2.15489 0
4530 2.12666 0
4540 2.09697 0
4550 2.06664 0
4560 2.03438 0
4570 2.00096 0
4580 1.96699 0
4590 1.93854 0
4600 1.92347 0
4610 1.9204 0
4620 1.92102 0
4630 1.9155 0
4640 1.91429 0
4650 1.9164 0
4660 1.92755 0
4670 1.92894 0
4680 1.93496 0
4690 1.93529 0
4700 1.94153 0
4710 1.95273 0
4720 1.95359 0
4730 1.95573 0
4740 1.96719 0
4750 1.97141 0
4760 1.97656 0
4770 1.98191 0
4780 1.98839 0
4790 1.9957 0
4800 2.00309 0
4810 2.0118 0
4820 2.00726 0
4830 2.01623 0
4840 2.02553 0
4850 2.02231 0
4860 2.03178 0
4870 2.02909 0
4880 2.03869 0
4890 2.03584 0
4900 2.04238 0
4910 2.04256 0
4920 2.04868 0
4930 2.0455 0
4940 2.04553 0
4950 2.05091 0
4960 2.04675 0
4970 2.04263 0
4980 2.04179 0
4990 2.03735 0
5000 2.04127 0
5010 2.03586 0
5020 2.03022 0
5030 2.02432 0
5040 2.01816 0
5050 2.01172 0
5060 2.00503 0
5070 1.99808 0
5080 1.99091 0
5090 1.98352 0
5100 1.97597 0
5110 1.96821 0
5120 1.96028 0
5130 1.95216 0
5140 1.94401 0
5150 1.93584 0
5160 1.92777 0
5170 1.91964 0
5180 1.91146 0
5190 1.90313 0
5200 1.89487 0
5210 1.88682 0
5220 1.87872 0
5230 1.87057 0
5240 1.8625 0
5250 1.85459 0
5260 1.84644 0
5270 1.8377 0
5280 1.82877 0
5290 1.81855 0
5300 1.80806 0
5310 1.79771 0
5320 1.78686 0
5330 1.7761 0
5340 1.76495 0
5350 1.75374 0
5360 1.74221 0
5370 1.73049 0
5380 1.71855 0
5390 1.7065 0
5400 1.69403 0
5410 1.68157 0
5420 1.66992 0
5430 1.65932 0
5440 1.65051 0
5450 1.64485 0
5460 1.64001 0
5470 1.63391 0
5480 1.62871 0
5490 1.62456 0
5500 1.61977 0
5510 1.61592 0
5520 1.61252 0
5530 1.60872 0
5540 1.60361 0
5550 1.60172 0
5560 1.5973 0
5570 1.59313 0
5580 1.59127 0
5590 1.58756 0
5600 1.58406 0
5610 1.56725 0
5620 1.54063 0
5630 1.5052 0
5640 1.46831 0
5650 1.42834 0
5660 1.3866 0
5670 1.34551 0
5680 1.30358 0
5690 1.26174 0
5700 1.21682 0
5710 1.17365 0
5720 1.12694 0
5730 1.08476 0
5740 1.04407 0
5750 1.00151 0
5760 0.962114 0
5770 0.927663 0
5780 0.898607 0
5790 0.885681 0
5800 0.891251 0
5810 0.896468 0
5820 0.896411 0
5830 0.903112 0
5840 0.911147 0
5850 0.924869 0
5860 0.94452 0
5870 0.961364 0
5880 0.98448 0
5890 1.00518 0
5900 1.0243 0
5910 1.04721 0
5920 1.06362 0
5930 1.08046 0
5940 1.09715 0
5950 1.11563 0
5960 1.1343 0
5970 1.15214 0
5980 1.17212 0
5990 1.19047 0
6000 1.21111 0
6010 1.22435 0
6020 1.24453 0
6030 1.26366 0
6040 1.27031 0
6050 1.28864 0
6060 1.30937 0
6070 1.31349 0
6080 1.33242 0
6090 1.33762 0
6100 1.3553 0
6110 1.35931 0
6120 1.37768 0
6130 1.38035 0
6140 1.39116 0
6150 1.39993 0
6160 1.40202 0
6170 1.41171 0
6180 1.41849 0
6190 1.41952 0
6200 1.42847 0
6210 1.42887 0
6220 1.43407 0
6230 1.43286 0
6240 1.43924 0
6250 1.43793 0
6260 1.43671 0
6270 1.43513 0
6280 1.43798 0
6290 1.44294 0
6300 1.43923 0
6310 1.43524 0
6320 1.43103 0
6330 1.42659 0
6340 1.42197 0
6350 1.41706 0
6360 1.41187 0
6370 1.40638 0
6380 1.40065 0
6390 1.39463 0
6400 1.38838 0
6410 1.38187 0
6420 1.37527 0
6430 1.3684 0
6440 1.36123 0
6450 1.35387 0
6460 1.34627 0
6470 1.33875 0
6480 1.33134 0
6490 1.32392 0
6500 1.31664 0
6510 1.30944 0
6520 1.30182 0
6530 1.29417 0
6540 1.2869 0
6550 1.27967 0
6560 1.27276 0
6570 1.26527 0
6580 1.25779 0
6590 1.25065 0
6600 1.2436 0
6610 1.23633 0
6620 1.22904 0
6630 1.22214 0
6640 1.21515 0
6650 1.20788 0
6660 1.20124 0
6670 1.19449 0
6680 1.18735 0
6690 1.18095 0
6700 1.17438 0
6710 1.16739 0
6720 1.1614 0
6730 1.1548 0
6740 1.14837 0
6750 1.14262 0
6760 1.1359 0
6770 1.13038 0
6780 1.12412 0
6790 1.11838 0
6800 1.1127 0
6810 1.10683 0
6820 1.10154 0
6830 1.09572 0
6840 1.09067 0
6850 1.08503 0
6860 1.08008 0
6870 1.07477 0
6880 1.06977 0
6890 1.0649 0
6900 1.05972 0
6910 1.05532 0
6920 1.05027 0
6930 1.04577 0
6940 1.04097 0
6950 1.03596 0
6960 1.03139 0
6970 1.02674 0
6980 1.0227 0
6990 1.01866 0
7000 1.01482 0
7010 1.01097 0
7020 1.0071 0
7030 1.00321 0
7040 0.999138 0
7050 0.994911 0
7060 0.990751 0
7070 0.986477 0
7080 0.981981 0
7090 0.977137 0
7100 0.972185 0
7110 0.967254 0
7120 0.962268 0
7130 0.957262 0
7140 0.952367 0
7150 0.948048 0
7160 0.943897 0
7170 0.939533 0
7180 0.934941 0
7190 0.930448 0
7200 0.92617 0
7210 0.921381 0
7220 0.917188 0
7230 0.91272 0
7240 0.908257 0
7250 0.904229 0
7260 0.900851 0
7270 0.897095 0
7280 0.893074 0
7290 0.887295 0
7300 0.880984 0
7310 0.873954 0
7320 0.866895 0
7330 0.835484 0
7340 0.802119 0
7350 0.772766 0
7360 0.744087 0
7370 0.706146 0
7380 0.680607 0
7390 0.645187 0
7400 0.616231 0
7410 0.587374 0
7420 0.556012 0
7430 0.52037 0
7440 0.485641 0
7450 0.448983 0
7460 0.41251 0
7470 0.385478 0
7480 0.349117 0
7490 0.323434 0
7500 0.288397 0
7510 0.266444 0
7520 0.243998 0
7530 0.222935 0
7540 0.209568 0
7550 0.211112 0
7560 0.212464 0
7570 0.217656 0
7580 0.220716 0
7590 0.224899 0
7600 0.228212 0
7610 0.232878 0
7620 0.237134 0
7630 0.237888 0
7640 0.241141 0
7650 0.265402 0
7660 0.28981 0
7670 0.316275 0
7680 0.341194 0
7690 0.365983 0
7700 0.390859 0
7710 0.41182 0
7720 0.434662 0
7730 0.457037 0
7740 0.478645 0
7750 0.502221 0
7760 0.520414 0
7770 0.542535 0
7780 0.559389 0
7790 0.579699 0
7800 0.598945 0
7810 0.615184 0
7820 0.631577 0
7830 0.646863 0
7840 0.660837 0
7850 0.677743 0
7860 0.686804 0
7870 0.697648 0
7880 0.70714 0
7890 0.719277 0
7900 0.731175 0
7910 0.744818 0
7920 0.757954 0
7930 0.774202 0
7940 0.781465 0
7950 0.792028 0
7960 0.803908 0
7970 0.801109 0
7980 0.801489 0
7990 0.799915 0
8000 0.795967 0
8010 0.797555 0
8020 0.79458 0
8030 0.792604 0
8040 0.792763 0
8050 0.789219 0
8060 0.790476 0
8070 0.787597 0
8080 0.78841 0
8090 0.784069 0
8100 0.786264 0
8110 0.782966 0
8120 0.78282 0
8130 0.779228 0
8140 0.781412 0
8150 0.779133 0
8160 0.777342 0
8170 0.777392 0
8180 0.774376 0
8190 0.775632 0
8200 0.773761 0
8210 0.771074 0
8220 0.768968 0
8230 0.764648 0
8240 0.762279 0
8250 0.76045 0
8260 0.757581 0
8270 0.752619 0
8280 0.750524 0
8290 0.748374 0
8300 0.743773 0
8310 0.741985 0
8320 0.739701 0
8330 0.737112 0
8340 0.73206 0
8350 0.727867 0
8360 0.725655 0
8370 0.723355 0
8380 0.720237 0
8390 0.715536 0
8400 0.71153 0
8410 0.709936 0
8420 0.70733 0
8430 0.704602 0
8440 0.700767 0
8450 0.696624 0
8460 0.691716 0
8470 0.688861 0
8480 0.686081 0
8490 0.682637 0
8500 0.679303 0
8510 0.676008 0
8520 0.672001 0
8530 0.667822 0
8540 0.663635 0
8550 0.659011 0
8560 0.654122 0
8570 0.650832 0
8580 0.647982 0
8590 0.645424 0
8600 0.642507 0
8610 0.639565 0
8620 0.637111 0
8630 0.634435 0
8640 0.631833 0
8650 0.629442 0
8660 0.627409 0
8670 0.624895 0
8680 0.622026 0
8690 0.619053 0
8700 0.616014 0
8710 0.61301 0
8720 0.610315 0
8730 0.607788 0
8740 0.606285 0
8750 0.604713 0
8760 0.604659 0
8770 0.603304 0
8780 0.60251 0
8790 0.601209 0
8800 0.60034 0
8810 0.598 0
8820 0.596739 0
8830 0.597178 0
8840 0.596058 0
8850 0.595354 0
8860 0.593718 0
8870 0.591663 0
8880 0.591886 0
8890 0.591884 0
8900 0.591575 0
8910 0.58921 0
8920 0.587426 0
8930 0.587155 0
8940 0.587139 0
8950 0.585709 0
8960 0.585077 0
8970 0.584012 0
8980 0.583679 0
8990 0.582177 0
9000 0.580109 0

