3300 2.03308 0
3310 1.60705 0
3320 1.15556 0
3330 0.787671 0
3340 0.67042 0
3350 0.572454 0
3360 0.495076 0
3370 0.441088 0
3380 0.409702 0
3390 0.390055 0
3400 0.382314 0
3410 0.385704 0
3420 0.396235 0
3430 0.413918 0
3440 0.433396 0
3450 0.457811 0
3460 0.481073 0
3470 0.505564 0
3480 0.530156 0
3490 0.554732 0
3500 0.580233 0
3510 0.606579 0
3520 0.633293 0
3530 0.658011 0
3540 0.698951 0
3550 0.738302 0
3560 0.828743 0
3570 1.05599 0
3580 1.31287 0
3590 1.54599 0
3600 1.78096 0
3610 1.98088 0
3620 2.17353 0
3630 2.36397 0
3640 2.54609 0
3650 2.67777 0
3660 2.82106 0
3670 2.91786 0
3680 2.97159 0
3690 3.03466 0
3700 3.06361 0
3710 3.08528 0
3720 3.10626 0
3730 3.12693 0
3740 3.13813 0
3750 3.13402 0
3760 3.12845 0
3770 3.10795 0
3780 3.08011 0
3790 3.04454 0
3800 3.01629 0
3810 2.96875 0
3820 2.99707 0
3830 3.0402 0
3840 3.07047 0
3850 3.09737 0
3860 3.1218 0
3870 3.1485 0
3880 3.18244 0
3890 3.19905 0
3900 3.21754 0
3910 3.24154 0
3920 3.26211 0
3930 3.27214 0
3940 3.29159 0
3950 3.30735 0
3960 3.3184 0
3970 3.32962 0
3980 3.34473 0
3990 3.35678 0
4000 3.35951 0
4010 3.37226 0
4020 3.38757 0
4030 3.37532 0
4040 3.38279 0
4050 3.37169 0
4060 3.38046 0
4070 3.36837 0
4080 3.35234 0
4090 3.3577 0
4100 3.33719 0
4110 3.32132 0
4120 3.3019 0
4130 3.28182 0
4140 3.26083 0
4150 3.23713 0
4160 3.21613 0
4170 3.19216 0
4180 3.16856 0
4190 3.14426 0
4200 3.12118 0
4210 3.09617 0
4220 3.0717 0
4230 3.04632 0
4240 3.02191 0
4250 2.99916 0
4260 2.97419 0
4270 2.9492 0
4280 2.92703 0
4290 2.90216 0
4300 2.87661 0
4310 2.85224 0
4320 2.82861 0
4330 2.8026 0
4340 2.77773 0
4350 2.75354 0
4360 2.72956 0
4370 2.70648 0
4380 2.68482 0
4390 2.6636 0
4400 2.64367 0
4410 2.62427 0
4420 2.60471 0
4430 2.58551 0
4440 2.56703 0
4450 2.54841 0
4460 2.52462 0
4470 2.49244 0
4480 2.45751 0
4490 2.42155 0
4500 2.38312 0
4510 2.34376 0
4520 2.3016 0
4530 2.25733 0
4540 2.21099 0
4550 2.16242 0
4560 2.11129 0
4570 2.05926 0
4580 2.00701 0
4590 1.95868 0
4600 1.90864 0
4610 1.85661 0
4620 1.80483 0
4630 1.75201 0
4640 1.70007 0
4650 1.64998 0
4660 1.61254 0
4670 1.59876 0
4680 1.61869 0
4690 1.6348 0
4700 1.6551 0
4710 1.67446 0
4720 1.6995 0
4730 1.72647 0
4740 1.74603 0
4750 1.7689 0
4760 1.79085 0
4770 1.81962 0
4780 1.8327 0
4790 1.86588 0
4800 1.88223 0
4810 1.89999 0
4820 1.93375 0
4830 1.95348 0
4840 1.97382 0
4850 1.99468 0
4860 2.00079 0
4870 2.01788 0
4880 2.03915 0
4890 2.06038 0
4900 2.06205 0
4910 2.08247 0
4920 2.09868 0
4930 2.10268 0
4940 2.11779 0
4950 2.1204 0
4960 2.11868 0
4970 2.13114 0
4980 2.12767 0
4990 2.12753 0
5000 2.12254 0
5010 2.13121 0
5020 2.12411 0
5030 2.11626 0
5040 2.10765 0
5050 2.09881 0
5060 2.09009 0
5070 2.08064 0
5080 2.07028 0
5090 2.05981 0
5100 2.04836 0
5110 2.03704 0
5120 2.0251 0
5130 2.01289 0
5140 2.00055 0
5150 1.98795 0
5160 1.97573 0
5170 1.96347 0
5180 1.95097 0
5190 1.93848 0
5200 1.9261 0
5210 1.91379 0
5220 1.90162 0
5230 1.88957 0
5240 1.87809 0
5250 1.86724 0
5260 1.85632 0
5270 1.84501 0
5280 1.83269 0
5290 1.81974 0
5300 1.80653 0
5310 1.79278 0
5320 1.77949 0
5330 1.76561 0
5340 1.75215 0
5350 1.73769 0
5360 1.72337 0
5370 1.70896 0
5380 1.69378 0
5390 1.67869 0
5400 1.66317 0
5410 1.64806 0
5420 1.63238 0
5430 1.61714 0
5440 1.60118 0
5450 1.58519 0
5460 1.56885 0
5470 1.55216 0
5480 1.53484 0
5490 1.51775 0
5500 1.50111 0
5510 1.48825 0
5520 1.47645 0
5530 1.47352 0
5540 1.47376 0
5550 1.47186 0
5560 1.47067 0
5570 1.4701 0
5580 1.46768 0
5590 1.46955 0
5600 1.4693 0
5610 1.44709 0
5620 1.41984 0
5630 1.3805 0
5640 1.33491 0
5650 1.29178 0
5660 1.24466 0
5670 1.19461 0
5680 1.14303 0
5690 1.08992 0
5700 1.03553 0
5710 0.982818 0
5720 0.929255 0
5730 0.87645 0
5740 0.82295 0
5750 0.770736 0
5760 0.727675 0
5770 0.691419 0
5780 0.660445 0
5790 0.633451 0
5800 0.610394 0
5810 0.587065 0
5820 0.57023 0
5830 0.553733 0
5840 0.540839 0
5850 0.534254 0
5860 0.529044 0
5870 0.533644 0
5880 0.55141 0
5890 0.591771 0
5900 0.633923 0
5910 0.675748 0
5920 0.715953 0
5930 0.756939 0
5940 0.800097 0
5950 0.837891 0
5960 0.876503 0
5970 0.915729 0
5980 0.945435 0
5990 0.983175 0
6000 1.0145 0
6010 1.05229 0
6020 1.08074 0
6030 1.10876 0
6040 1.13659 0
6050 1.16352 0
6060 1.18991 0
6070 1.21547 0
6080 1.2406 0
6090 1.26303 0
6100 1.28635 0
6110 1.30899 0
6120 1.3192 0
6130 1.34008 0
6140 1.36044 0
6150 1.36796 0
6160 1.38634 0
6170 1.3928 0
6180 1.40945 0
6190 1.41422 0
6200 1.42812 0
6210 1.4326 0
6220 1.43549 0
6230 1.44652 0
6240 1.44913 0
6250 1.44986 0
6260 1.45933 0
6270 1.45799 0
6280 1.45669 0
6290 1.45629 0
6300 1.45382 0
6310 1.46001 0
6320 1.45583 0
6330 1.45122 0
6340 1.44622 0
6350 1.44077 0
6360 1.43494 0
6370 1.42863 0
6380 1.42185 0
6390 1.41462 0
6400 1.40703 0
6410 1.39905 0
6420 1.39077 0
6430 1.38219 0
6440 1.37336 0
6450 1.36424 0
6460 1.35486 0
6470 1.34525 0
6480 1.33581 0
6490 1.32659 0
6500 1.31722 0
6510 1.30774 0
6520 1.29847 0
6530 1.2894 0
6540 1.28039 0
6550 1.27133 0
6560 1.26228 0
6570 1.25318 0
6580 1.24421 0
6590 1.23517 0
6600 1.2262 0
6610 1.2173 0
6620 1.2084 0
6630 1.19956 0
6640 1.19084 0
6650 1.18211 0
6660 1.17347 0
6670 1.16497 0
6680 1.15647 0
6690 1.14817 0
6700 1.13987 0
6710 1.13168 0
6720 1.12366 0
6730 1.11565 0
6740 1.10788 0
6750 1.10011 0
6760 1.09254 0
6770 1.08503 0
6780 1.07768 0
6790 1.0704 0
6800 1.06332 0
6810 1.05629 0
6820 1.04945 0
6830 1.04269 0
6840 1.03606 0
6850 1.02952 0
6860 1.02307 0
6870 1.0168 0
6880 1.01059 0
6890 1.00441 0
6900 0.99838 0
6910 0.992432 0
6920 0.986611 0
6930 0.980782 0
6940 0.974916 0
6950 0.969097 0
6960 0.963377 0
6970 0.957719 0
6980 0.95213 0
6990 0.946711 0
7000 0.941371 0
7010 0.936072 0
7020 0.930818 0
7030 0.925603 0
7040 0.920425 0
7050 0.915285 0
7060 0.910177 0
7070 0.905096 0
7080 0.900007 0
7090 0.894017 0
7100 0.888171 0
7110 0.882361 0
7120 0.873424 0
7130 0.859739 0
7140 0.845061 0
7150 0.830954 0
7160 0.814901 0
7170 0.799316 0
7180 0.784708 0
7190 0.766787 0
7200 0.750765 0
7210 0.733872 0
7220 0.714999 0
7230 0.697619 0
7240 0.682902 0
7250 0.667272 0
7260 0.653095 0
7270 0.638009 0
7280 0.622153 0
7290 0.606677 0
7300 0.590384 0
7310 0.573655 0
7320 0.556509 0
7330 0.539907 0
7340 0.525315 0
7350 0.510248 0
7360 0.495561 0
7370 0.480422 0
7380 0.465015 0
7390 0.450193 0
7400 0.435232 0
7410 0.420225 0
7420 0.405456 0
7430 0.390603 0
7440 0.375784 0
7450 0.361144 0
7460 0.346729 0
7470 0.332279 0
7480 0.318457 0
7490 0.304924 0
7500 0.291829 0
7510 0.278884 0
7520 0.266766 0
7530 0.255189 0
7540 0.243934 0
7550 0.233661 0
7560 0.223774 0
7570 0.214881 0
7580 0.206249 0
7590 0.198676 0
7600 0.191584 0
7610 0.185333 0
7620 0.180459 0
7630 0.176248 0
7640 0.172587 0
7650 0.172098 0
7660 0.180096 0
7670 0.188328 0
7680 0.196827 0
7690 0.205939 0
7700 0.214712 0
7710 0.223038 0
7720 0.230652 0
7730 0.238426 0
7740 0.245377 0
7750 0.251471 0
7760 0.269424 0
7770 0.298674 0
7780 0.328435 0
7790 0.354775 0
7800 0.383172 0
7810 0.408695 0
7820 0.433438 0
7830 0.460344 0
7840 0.483615 0
7850 0.506409 0
7860 0.529583 0
7870 0.550265 0
7880 0.570486 0
7890 0.592383 0
7900 0.608222 0
7910 0.624393 0
7920 0.636012 0
7930 0.648814 0
7940 0.663321 0
7950 0.675658 0
7960 0.687218 0
7970 0.698615 0
7980 0.709868 0
7990 0.721769 0
8000 0.7347 0
8010 0.743091 0
8020 0.741727 0
8030 0.741 0
8040 0.739661 0
8050 0.738106 0
8060 0.737704 0
8070 0.736663 0
8080 0.735769 0
8090 0.734099 0
8100 0.733731 0
8110 0.732656 0
8120 0.731655 0
8130 0.730569 0
8140 0.730177 0
8150 0.728899 0
8160 0.728589 0
8170 0.7275 0
8180 0.726546 0
8190 0.726443 0
8200 0.725595 0
8210 0.724971 0
8220 0.724285 0
8230 0.723854 0
8240 0.72298 0
8250 0.721432 0
8260 0.719762 0
8270 0.71565 0
8280 0.713222 0
8290 0.710021 0
8300 0.706825 0
8310 0.704228 0
8320 0.700114 0
8330 0.69685 0
8340 0.69382 0
8350 0.689974 0
8360 0.686355 0
8370 0.683047 0
8380 0.679592 0
8390 0.67541 0
8400 0.672471 0
8410 0.669349 0
8420 0.665832 0
8430 0.661759 0
8440 0.65818 0
8450 0.654873 0
8460 0.651294 0
8470 0.647547 0
8480 0.64361 0
8490 0.639339 0
8500 0.636115 0
8510 0.632602 0
8520 0.628974 0
8530 0.625131 0
8540 0.621401 0
8550 0.617549 0
8560 0.613646 0
8570 0.609601 0
8580 0.605483 0
8590 0.601802 0
8600 0.598158 0
8610 0.59446 0
8620 0.590741 0
8630 0.587437 0
8640 0.583901 0
8650 0.580205 0
8660 0.576406 0
8670 0.572439 0
8680 0.56852 0
8690 0.564544 0
8700 0.561839 0
8710 0.559889 0
8720 0.558044 0
8730 0.556678 0
8740 0.555467 0
8750 0.55373 0
8760 0.552013 0
8770 0.550348 0
8780 0.54828 0
8790 0.547564 0
8800 0.545555 0
8810 0.543292 0
8820 0.541949 0
8830 0.540427 0
8840 0.538778 0
8850 0.536941 0
8860 0.535068 0
8870 0.534806 0
8880 0.534547 0
8890 0.533808 0
8900 0.53298 0
8910 0.533586 0
8920 0.532037 0
8930 0.531702 0
8940 0.531996 0
8950 0.532028 0
8960 0.530632 0
8970 0.530909 0
8980 0.531141 0
8990 0.529514 0
9000 0.530212 0

