| E_exp | M_ej | kappa | t_delay | f_comp | M_dom |  v_dom | f_dom | exptime_DEI | exptime_FB | alpha_B | amplitude_B | alpha_V | amplitude_V | alpha_g | amplitude_g | alpha_r | amplitude_r | alpha_i | amplitude_i | success |    nfev |   ndata |    nvar |   chisq | redchisqr |     aic |     bic |
|   0.0 |  0.0 |   0.0 |     0.0 |    0.0 |   0.0 |    0.0 |   0.0 |         0.0 |        0.0 |     0.0 |         0.0 |     0.0 |         0.0 |     0.0 |         0.0 |     0.0 |         0.0 |     0.0 |         0.0 |     0.0 |     0.0 |     0.0 |     0.0 |     0.0 |       0.0 |     0.0 |     0.0 |
|   0.8 |  0.0 |  0.05 |  3000.0 |    1.5 |  0.05 | 5000.0 |  0.05 |     99999.0 |    99999.0 | 99999.0 |     99999.0 | 99999.0 |     99999.0 | 99999.0 |     99999.0 | 99999.0 |     99999.0 | 99999.0 |     99999.0 |     0.0 | 99999.0 | 99999.0 | 99999.0 | 99999.0 |   99999.0 | 99999.0 | 99999.0 |
|   0.8 |  0.0 |  0.05 |  3000.0 |    1.5 |  0.05 | 5000.0 |  0.09 |     99999.0 |    99999.0 | 99999.0 |     99999.0 | 99999.0 |     99999.0 | 99999.0 |     99999.0 | 99999.0 |     99999.0 | 99999.0 |     99999.0 |     0.0 | 99999.0 | 99999.0 | 99999.0 | 99999.0 |   99999.0 | 99999.0 | 99999.0 |
|   0.8 |  0.0 |  0.05 |  3000.0 |    1.5 |  0.13 | 5000.0 |  0.05 |     99999.0 |    99999.0 | 99999.0 |     99999.0 | 99999.0 |     99999.0 | 99999.0 |     99999.0 | 99999.0 |     99999.0 | 99999.0 |     99999.0 |     0.0 | 99999.0 | 99999.0 | 99999.0 | 99999.0 |   99999.0 | 99999.0 | 99999.0 |
|   0.8 |  0.0 |  0.05 |  3000.0 |    1.5 |  0.13 | 5000.0 |  0.09 |     99999.0 |    99999.0 | 99999.0 |     99999.0 | 99999.0 |     99999.0 | 99999.0 |     99999.0 | 99999.0 |     99999.0 | 99999.0 |     99999.0 |     0.0 | 99999.0 | 99999.0 | 99999.0 | 99999.0 |   99999.0 | 99999.0 | 99999.0 |
|   0.8 |  0.0 |  0.05 |  4000.0 |    1.5 |  0.05 | 5000.0 |  0.05 |     99999.0 |    99999.0 | 99999.0 |     99999.0 | 99999.0 |     99999.0 | 99999.0 |     99999.0 | 99999.0 |     99999.0 | 99999.0 |     99999.0 |     0.0 | 99999.0 | 99999.0 | 99999.0 | 99999.0 |   99999.0 | 99999.0 | 99999.0 |
|   0.8 |  0.0 |  0.05 |  4000.0 |    1.5 |  0.05 | 5000.0 |  0.09 |     99999.0 |    99999.0 | 99999.0 |     99999.0 | 99999.0 |     99999.0 | 99999.0 |     99999.0 | 99999.0 |     99999.0 | 99999.0 |     99999.0 |     0.0 | 99999.0 | 99999.0 | 99999.0 | 99999.0 |   99999.0 | 99999.0 | 99999.0 |
|   0.8 |  0.0 |  0.05 |  4000.0 |    1.5 |  0.13 | 5000.0 |  0.05 |     99999.0 |    99999.0 | 99999.0 |     99999.0 | 99999.0 |     99999.0 | 99999.0 |     99999.0 | 99999.0 |     99999.0 | 99999.0 |     99999.0 |     0.0 | 99999.0 | 99999.0 | 99999.0 | 99999.0 |   99999.0 | 99999.0 | 99999.0 |
|   0.8 |  0.0 |  0.05 |  4000.0 |    1.5 |  0.13 | 5000.0 |  0.09 |     99999.0 |    99999.0 | 99999.0 |     99999.0 | 99999.0 |     99999.0 | 99999.0 |     99999.0 | 99999.0 |     99999.0 | 99999.0 |     99999.0 |     0.0 | 99999.0 | 99999.0 | 99999.0 | 99999.0 |   99999.0 | 99999.0 | 99999.0 |
|   0.8 |  0.0 |  0.05 |  5000.0 |    1.5 |  0.05 | 5000.0 |  0.05 |     99999.0 |    99999.0 | 99999.0 |     99999.0 | 99999.0 |     99999.0 | 99999.0 |     99999.0 | 99999.0 |     99999.0 | 99999.0 |     99999.0 |     0.0 | 99999.0 | 99999.0 | 99999.0 | 99999.0 |   99999.0 | 99999.0 | 99999.0 |
|   0.8 |  0.0 |  0.05 |  5000.0 |    1.5 |  0.05 | 5000.0 |  0.09 |     99999.0 |    99999.0 | 99999.0 |     99999.0 | 99999.0 |     99999.0 | 99999.0 |     99999.0 | 99999.0 |     99999.0 | 99999.0 |     99999.0 |     0.0 | 99999.0 | 99999.0 | 99999.0 | 99999.0 |   99999.0 | 99999.0 | 99999.0 |
|   0.8 |  0.0 |  0.05 |  5000.0 |    1.5 |  0.13 | 5000.0 |  0.05 |     99999.0 |    99999.0 | 99999.0 |     99999.0 | 99999.0 |     99999.0 | 99999.0 |     99999.0 | 99999.0 |     99999.0 | 99999.0 |     99999.0 |     0.0 | 99999.0 | 99999.0 | 99999.0 | 99999.0 |   99999.0 | 99999.0 | 99999.0 |
|   0.8 |  0.0 |  0.05 |  5000.0 |    1.5 |  0.13 | 5000.0 |  0.09 |     99999.0 |    99999.0 | 99999.0 |     99999.0 | 99999.0 |     99999.0 | 99999.0 |     99999.0 | 99999.0 |     99999.0 | 99999.0 |     99999.0 |     0.0 | 99999.0 | 99999.0 | 99999.0 | 99999.0 |   99999.0 | 99999.0 | 99999.0 |
|   0.8 |  0.0 |  0.05 |  6000.0 |    1.5 |  0.05 | 5000.0 |  0.05 |     99999.0 |    99999.0 | 99999.0 |     99999.0 | 99999.0 |     99999.0 | 99999.0 |     99999.0 | 99999.0 |     99999.0 | 99999.0 |     99999.0 |     0.0 | 99999.0 | 99999.0 | 99999.0 | 99999.0 |   99999.0 | 99999.0 | 99999.0 |
|   0.8 |  0.0 |  0.05 |  6000.0 |    1.5 |  0.05 | 5000.0 |  0.09 |     99999.0 |    99999.0 | 99999.0 |     99999.0 | 99999.0 |     99999.0 | 99999.0 |     99999.0 | 99999.0 |     99999.0 | 99999.0 |     99999.0 |     0.0 | 99999.0 | 99999.0 | 99999.0 | 99999.0 |   99999.0 | 99999.0 | 99999.0 |
|   0.8 |  0.0 |  0.05 |  6000.0 |    1.5 |  0.13 | 5000.0 |  0.05 |     99999.0 |    99999.0 | 99999.0 |     99999.0 | 99999.0 |     99999.0 | 99999.0 |     99999.0 | 99999.0 |     99999.0 | 99999.0 |     99999.0 |     0.0 | 99999.0 | 99999.0 | 99999.0 | 99999.0 |   99999.0 | 99999.0 | 99999.0 |
|   0.8 |  0.0 |  0.05 |  6000.0 |    1.5 |  0.13 | 5000.0 |  0.09 |     99999.0 |    99999.0 | 99999.0 |     99999.0 | 99999.0 |     99999.0 | 99999.0 |     99999.0 | 99999.0 |     99999.0 | 99999.0 |     99999.0 |     0.0 | 99999.0 | 99999.0 | 99999.0 | 99999.0 |   99999.0 | 99999.0 | 99999.0 |
|   0.8 |  0.0 |  0.05 |  7000.0 |    1.5 |  0.05 | 5000.0 |  0.05 |     99999.0 |    99999.0 | 99999.0 |     99999.0 | 99999.0 |     99999.0 | 99999.0 |     99999.0 | 99999.0 |     99999.0 | 99999.0 |     99999.0 |     0.0 | 99999.0 | 99999.0 | 99999.0 | 99999.0 |   99999.0 | 99999.0 | 99999.0 |
|   0.8 |  0.0 |  0.05 |  7000.0 |    1.5 |  0.05 | 5000.0 |  0.09 |     99999.0 |    99999.0 | 99999.0 |     99999.0 | 99999.0 |     99999.0 | 99999.0 |     99999.0 | 99999.0 |     99999.0 | 99999.0 |     99999.0 |     0.0 | 99999.0 | 99999.0 | 99999.0 | 99999.0 |   99999.0 | 99999.0 | 99999.0 |
|   0.8 |  0.0 |  0.05 |  7000.0 |    1.5 |  0.13 | 5000.0 |  0.05 |     99999.0 |    99999.0 | 99999.0 |     99999.0 | 99999.0 |     99999.0 | 99999.0 |     99999.0 | 99999.0 |     99999.0 | 99999.0 |     99999.0 |     0.0 | 99999.0 | 99999.0 | 99999.0 | 99999.0 |   99999.0 | 99999.0 | 99999.0 |
|   0.8 |  0.0 |  0.05 |  7000.0 |    1.5 |  0.13 | 5000.0 |  0.09 |     99999.0 |    99999.0 | 99999.0 |     99999.0 | 99999.0 |     99999.0 | 99999.0 |     99999.0 | 99999.0 |     99999.0 | 99999.0 |     99999.0 |     0.0 | 99999.0 | 99999.0 | 99999.0 | 99999.0 |   99999.0 | 99999.0 | 99999.0 |
|   0.8 |  0.0 |  0.05 |  8000.0 |    1.5 |  0.05 | 5000.0 |  0.05 |     99999.0 |    99999.0 | 99999.0 |     99999.0 | 99999.0 |     99999.0 | 99999.0 |     99999.0 | 99999.0 |     99999.0 | 99999.0 |     99999.0 |     0.0 | 99999.0 | 99999.0 | 99999.0 | 99999.0 |   99999.0 | 99999.0 | 99999.0 |
|   0.8 |  0.0 |  0.05 |  8000.0 |    1.5 |  0.05 | 5000.0 |  0.09 |     99999.0 |    99999.0 | 99999.0 |     99999.0 | 99999.0 |     99999.0 | 99999.0 |     99999.0 | 99999.0 |     99999.0 | 99999.0 |     99999.0 |     0.0 | 99999.0 | 99999.0 | 99999.0 | 99999.0 |   99999.0 | 99999.0 | 99999.0 |
|   0.8 |  0.0 |  0.05 |  8000.0 |    1.5 |  0.13 | 5000.0 |  0.05 |     99999.0 |    99999.0 | 99999.0 |     99999.0 | 99999.0 |     99999.0 | 99999.0 |     99999.0 | 99999.0 |     99999.0 | 99999.0 |     99999.0 |     0.0 | 99999.0 | 99999.0 | 99999.0 | 99999.0 |   99999.0 | 99999.0 | 99999.0 |
|   0.8 |  0.0 |  0.05 |  8000.0 |    1.5 |  0.13 | 5000.0 |  0.09 |     99999.0 |    99999.0 | 99999.0 |     99999.0 | 99999.0 |     99999.0 | 99999.0 |     99999.0 | 99999.0 |     99999.0 | 99999.0 |     99999.0 |     0.0 | 99999.0 | 99999.0 | 99999.0 | 99999.0 |   99999.0 | 99999.0 | 99999.0 |
|   0.8 |  0.0 |  0.05 |  9000.0 |    1.5 |  0.05 | 5000.0 |  0.05 |     99999.0 |    99999.0 | 99999.0 |     99999.0 | 99999.0 |     99999.0 | 99999.0 |     99999.0 | 99999.0 |     99999.0 | 99999.0 |     99999.0 |     0.0 | 99999.0 | 99999.0 | 99999.0 | 99999.0 |   99999.0 | 99999.0 | 99999.0 |
|   0.8 |  0.0 |  0.05 |  9000.0 |    1.5 |  0.05 | 5000.0 |  0.09 |     99999.0 |    99999.0 | 99999.0 |     99999.0 | 99999.0 |     99999.0 | 99999.0 |     99999.0 | 99999.0 |     99999.0 | 99999.0 |     99999.0 |     0.0 | 99999.0 | 99999.0 | 99999.0 | 99999.0 |   99999.0 | 99999.0 | 99999.0 |
|   0.8 |  0.0 |  0.05 |  9000.0 |    1.5 |  0.13 | 5000.0 |  0.05 |     99999.0 |    99999.0 | 99999.0 |     99999.0 | 99999.0 |     99999.0 | 99999.0 |     99999.0 | 99999.0 |     99999.0 | 99999.0 |     99999.0 |     0.0 | 99999.0 | 99999.0 | 99999.0 | 99999.0 |   99999.0 | 99999.0 | 99999.0 |
|   0.8 |  0.0 |  0.05 |  9000.0 |    1.5 |  0.13 | 5000.0 |  0.09 |     99999.0 |    99999.0 | 99999.0 |     99999.0 | 99999.0 |     99999.0 | 99999.0 |     99999.0 | 99999.0 |     99999.0 | 99999.0 |     99999.0 |     0.0 | 99999.0 | 99999.0 | 99999.0 | 99999.0 |   99999.0 | 99999.0 | 99999.0 |
