| E_exp | M_ej | kappa | t_delay | f_comp | M_dom |  v_dom |               f_dom |        exptime_DEI |         exptime_FB |            alpha_U |        amplitude_U |            alpha_B |        amplitude_B |            alpha_g |        amplitude_g |            alpha_V |        amplitude_V |            alpha_r |        amplitude_r |            alpha_i |        amplitude_i | success |    nfev | ndata | nvar |              chisq |          redchisqr |                aic |                bic |
|   0.0 |  0.0 |   0.0 |     0.0 |    0.0 |   0.0 |    0.0 |                 0.0 |                0.0 |                0.0 |                0.0 |                0.0 |                0.0 |                0.0 |                0.0 |                0.0 |                0.0 |                0.0 |                0.0 |                0.0 |                0.0 |                0.0 |     0.0 |     0.0 |   0.0 |  0.0 |                0.0 |                0.0 |                0.0 |                0.0 |
|   1.3 |  1.0 |  0.05 |   100.0 |    1.5 |   0.1 | 5000.0 |                 0.1 | 59528.980328647405 |  59528.30215679397 |  2.566138803356717 | 162.80412436536048 | 2.5764021451568127 |  362.2104659140255 |  2.326685521413108 |  617.4591322259457 |   2.14209718599543 |  756.6157330474812 | 2.1342347423218633 |  797.1864563400758 |  2.285614257146139 |  367.5451858391449 |     0.0 | 30000.0 | 202.0 | 14.0 | 1991855.5909460457 |  10594.97654758535 | 1885.6545235637102 |  1931.970271327327 |
|   1.3 |  1.0 |  0.05 |   100.0 |    1.5 |   0.1 | 5000.0 |                0.11 |  59534.21939612729 |  59528.30000001057 | 2.6018803773253545 | 156.54063535690514 | 2.4390565019009443 |  457.3541400908163 | 2.2068359985353694 |  759.1536896368021 | 1.8970553462849309 |  1159.558633000167 | 1.9021531153765805 | 1182.0654181924995 | 2.0908817823038115 |  520.8509113718594 |     0.0 | 30000.0 | 202.0 | 14.0 |  5784472.822037876 | 30768.472457648273 | 2101.0088579026947 | 2147.3246056663115 |
|   1.3 |  1.0 |  0.05 |   100.0 |    1.5 |   0.1 | 5000.0 |                0.12 |  59534.20801852561 |  59528.30000001115 | 2.5998980233364657 | 156.97943473257644 | 2.4377168707309083 | 458.08773701751227 |  2.205820183900464 |  760.0387719186277 | 1.8962530235104673 | 1160.6541105795764 |  1.901032370230086 | 1183.6281334843154 |  2.110288241939367 |  504.7764001202003 |     0.0 | 30000.0 | 202.0 | 14.0 |  5778238.712731979 | 30735.312301765844 |  2100.791038717631 |  2147.106786481248 |
|   1.3 |  1.0 |  0.05 |   100.0 |    1.5 |   0.1 | 5000.0 |                0.13 |   59534.2168932611 |  59528.30000000887 |  2.621004024770451 | 151.65964328239352 | 2.4363403711204636 | 458.84469224652435 |  2.204773567033811 |   760.953056429387 | 1.8954281785854992 | 1161.7766448431387 | 1.8998829712143064 | 1185.2307302654988 | 2.0304678109915297 |  575.9015143983519 |     0.0 | 30000.0 | 202.0 | 14.0 |  5724921.227757556 | 30451.708658284875 |  2098.918473414141 | 2145.2342211777577 |
|   1.3 |  1.0 |  0.05 |   100.0 |    1.5 |   0.1 | 5000.0 | 0.13999999999999999 |  59534.22030762154 | 59528.300000011535 | 2.6197430378449784 | 151.90731692310655 |  2.434929985751989 |  459.6220938669963 | 2.2036960398539227 |  761.8965714680808 | 1.8945683074501816 | 1162.9495866038149 |  1.898700947801218 | 1186.8811167010101 | 2.0241899182886107 |  581.7339201888207 |     1.0 |  4540.0 | 202.0 | 14.0 |  5704422.047980308 |  30342.67046798036 |  2098.193875568883 |    2144.5096233325 |
|   1.3 |  1.0 |  0.05 |   100.0 |    1.5 |  0.11 | 5000.0 |                 0.1 |  59528.98418140294 | 59528.324769354585 | 2.4731148135744356 | 191.57046821183425 |  2.517973835265738 | 402.42252485125306 | 2.2726857881001674 |  680.1310678846235 | 1.9996579226912559 |  969.6263117927267 | 2.0013613502833083 |  996.1573125476773 | 2.1893537307950455 |  433.4903598020263 |     0.0 | 30000.0 | 202.0 | 14.0 | 2292041.4216462737 | 12191.709689607838 | 1914.0105177677992 |  1960.326265531416 |
|   1.3 |  1.0 |  0.05 |   100.0 |    1.5 |  0.11 | 5000.0 |                0.11 |  59534.21740598563 |  59528.30000087855 |  2.576945829345252 |  162.9864575941114 |  2.439572822302344 |  457.0695716139881 | 2.2072292939650504 |  758.8093808968695 | 1.8973312628250758 | 1159.2056593564503 | 1.9025369064140438 | 1181.5372559664943 | 2.1237747943329603 | 494.58277922737886 |     0.0 | 30000.0 | 202.0 | 14.0 | 5819265.1957122525 | 30953.538275065173 | 2102.2202055792704 | 2148.5359533428873 |
|   1.3 |  1.0 |  0.05 |   100.0 |    1.5 |  0.11 | 5000.0 |                0.12 |  59534.21590151237 |  59528.30000001432 | 2.5936489966356593 | 158.60004728421373 |  2.438288751319061 | 457.77180092338267 | 2.2062597793351646 |  759.6525440594802 |  1.896612785319648 | 1160.1648653850775 |  1.901475222621966 | 1183.0084228472851 | 2.1198638980543594 |  497.3916273151319 |     0.0 | 30000.0 | 202.0 | 14.0 |  5793873.084736068 | 30818.473854979085 | 2101.3368587238024 | 2147.6526064874192 |
|   1.3 |  1.0 |  0.05 |   100.0 |    1.5 |  0.11 | 5000.0 |                0.13 |  59534.22200248799 |  59528.30000001118 | 2.6213281363996432 | 151.61178329224703 | 2.4369656403752513 |  458.4973344878515 | 2.2052581757159455 |  760.5256941228927 | 1.8958352553563667 | 1161.2204152431384 |  1.900370661489903 |  1184.546912699048 |  2.035125510808513 |  571.4493566849219 |     0.0 | 30000.0 | 202.0 | 14.0 |  5734110.486847839 | 30500.587695999144 |  2099.242450305098 |  2145.558198068715 |
|   1.3 |  1.0 |  0.05 |   100.0 |    1.5 |  0.11 | 5000.0 | 0.13999999999999999 |  59534.22672810077 |  59528.30000000398 |   2.62046917273923 |  151.7636481936779 | 2.4356098169042943 |   459.243890003034 | 2.2042236260681007 |  761.4306205682826 |  1.895014359753892 |  1162.339389910319 | 1.8992288564280848 | 1186.1400903244908 | 2.0257595311175804 |  580.3429037738645 |     1.0 |  7066.0 | 202.0 | 14.0 |  5714052.710664828 |  30393.89739715334 |  2098.534620609651 |  2144.850368373268 |
|   1.3 |  1.0 |  0.05 |   100.0 |    1.5 |  0.12 | 5000.0 |                 0.1 | 59529.026308263696 |   59528.4294154167 | 2.7393067768071897 | 130.55234374690087 |  2.559283113820184 |  402.3683899312297 | 2.2959766517548594 |  697.7718809345395 | 2.0732346752964323 |  894.5485541191407 |  2.060168814594993 |  956.9800671259567 |  2.204413224785561 |  427.9282042080672 |     0.0 | 30000.0 | 202.0 | 14.0 |  2437261.656611103 |   12964.1577479314 | 1926.4198355493047 | 1972.7355833129216 |
|   1.3 |  1.0 |  0.05 |   100.0 |    1.5 |  0.12 | 5000.0 |                0.11 | 59534.224078103354 | 59528.300003103875 |  2.574159028954739 | 163.74455676194407 | 2.4400299812365795 |  456.8184676011827 | 2.2075810172315524 |   758.502331865898 |  1.897584622287303 |  1158.879874814837 | 1.9028808219381481 |  1181.066868216162 |  2.125068151256552 | 493.64856008779543 |     0.0 | 30000.0 | 202.0 | 14.0 |  5827678.321208729 | 30998.288942599625 |  2102.512033498484 |  2148.827781262101 |
|   1.3 |  1.0 |  0.05 |   100.0 |    1.5 |  0.12 | 5000.0 |                0.12 |  59534.24224835046 |  59528.30000001168 |  2.588356467641058 |  159.9861573677604 | 2.4388003378445102 | 457.49058895285344 | 2.2066524263375857 |   759.308247486263 | 1.8969297339770486 |  1159.736181743298 | 1.9018733702765844 | 1182.4520482148114 | 2.1277224339962753 |  491.4655818376716 |     0.0 | 30000.0 | 202.0 | 14.0 |  5807876.096410417 |  30892.95795962988 |  2101.824476528258 |  2148.140224291875 |
|   1.3 |  1.0 |  0.05 |   100.0 |    1.5 |  0.12 | 5000.0 |                0.13 |   59534.2327526487 |  59528.30000000687 |  2.618430969169311 | 152.35135932604572 | 2.4375253326358473 |  458.1878697838592 |  2.205692333322013 |  760.1433610453355 | 1.8962006813712036 | 1160.7203063726201 |  1.900812622599899 | 1183.9266250505398 | 2.0498498326972396 |  557.3104334937855 |     0.0 | 30000.0 | 202.0 | 14.0 |  5744527.363878617 |  30555.99661637562 |   2099.60908086967 |  2145.924828633287 |
|   1.3 |  1.0 |  0.05 |   100.0 |    1.5 |  0.12 | 5000.0 | 0.13999999999999999 |  59534.23257671516 |   59528.3000000031 | 2.6213702993684604 | 151.57331524455313 |  2.436219570315207 |  458.9051430888298 |    2.2046968151385 |  761.0131011226409 | 1.8954114442566186 | 1161.7970533479806 | 1.8997055670182923 | 1185.4716870338202 | 2.0274716065195992 |  578.7949546530839 |     1.0 | 23956.0 | 202.0 | 14.0 |   5722734.01779511 |  30440.07456273995 | 2098.8412844338104 | 2145.1570321974273 |
|   1.3 |  1.0 |  0.05 |   200.0 |    1.5 |   0.1 | 5000.0 |                 0.1 |  59534.13940217184 |  59528.30000000045 | 2.6161957754746346 |  152.6513437713801 | 2.4333455350891895 |  460.5314641052141 | 2.2024248189314446 |  763.0504008258521 | 1.8933413674665478 | 1164.6358485118603 | 1.8978839688716374 | 1188.0561900644805 | 2.0215534001923037 |  584.2710859550954 |     1.0 |  3143.0 | 202.0 | 14.0 |  5683655.400976841 |  30232.20957966405 | 2097.4571634481144 | 2143.7729112117313 |
|   1.3 |  1.0 |  0.05 |   200.0 |    1.5 |   0.1 | 5000.0 |                0.11 |  59534.14199921915 |  59528.30000000559 |  2.613219130007867 | 153.27469608380457 | 2.4310408481817056 | 461.81253411897836 | 2.2006517138680564 |  764.6144842765436 |  1.891889508991796 | 1166.6217783531406 | 1.8960500494392236 | 1190.6253763974998 |  2.019426608988164 |  585.7150333975823 |     1.0 |  1252.0 | 202.0 | 14.0 |  5651033.253829865 | 30058.687520371623 |   2096.29441568868 |  2142.610163452297 |
|   1.3 |  1.0 |  0.05 |   200.0 |    1.5 |   0.1 | 5000.0 |                0.12 |  59528.82354480771 |  59528.30700590005 | 3.1164328403451016 | 62.620215082704895 | 2.7694479987646416 |   255.438915441864 | 2.4864475689270464 |  461.8623043879863 | 2.1268906739171753 |  754.0927390684451 | 2.1519541433294607 |    741.18768933993 | 2.3228043118564536 |  324.8151316685709 |     0.0 | 30000.0 | 202.0 | 14.0 |    309000.27493804 | 1643.6184837129788 | 1509.2316091455712 |  1555.547356909188 |
|   1.3 |  1.0 |  0.05 |   200.0 |    1.5 |   0.1 | 5000.0 |                0.13 |  59528.82252519943 |  59528.34700619148 | 3.2479773727736996 | 50.886038422927875 |   2.77265595938665 |  257.7089337287796 |  2.493426659867179 |  462.2762598124335 |  2.131341289436625 |  755.8290865433775 | 2.1625563785012094 |  732.9472696261182 | 2.3543033327491187 |  309.3365638776208 |     1.0 |  2528.0 | 202.0 | 14.0 | 244888.09716797894 | 1302.5962615318028 | 1462.2583661894982 |  1508.574113953115 |
|   1.3 |  1.0 |  0.05 |   200.0 |    1.5 |   0.1 | 5000.0 | 0.13999999999999999 |  59528.79646353316 |  59528.54906862445 | 3.1555755556357648 |  66.97902810327653 | 2.6868971281910805 | 330.46657896564045 |  2.412376168399693 |  582.2485199766056 | 2.0643938763695058 |  915.3568375721395 | 2.0833153074857815 |  910.5369772066002 |  2.296613659465344 | 369.58332335369386 |     1.0 |   933.0 | 202.0 | 14.0 | 206912.65635574725 | 1100.5992359348259 | 1428.2204358372815 | 1474.5361836008983 |
|   1.3 |  1.0 |  0.05 |   200.0 |    1.5 |  0.11 | 5000.0 |                 0.1 |  59534.14779207295 | 59528.300000006835 |  2.617308821876385 | 152.42143021457753 |  2.434130889624699 | 460.09298843756636 |  2.203030508317299 |   762.513678322189 |  1.893851253494941 |  1163.937553037183 | 1.8984525318729017 | 1187.2571486886686 | 2.0243273439059664 |  581.6626612837317 |     1.0 |  4915.0 | 202.0 | 14.0 |  5694609.323925447 | 30290.475127263013 | 2097.8460967648716 | 2144.1618445284885 |
|   1.3 |  1.0 |  0.05 |   200.0 |    1.5 |  0.11 | 5000.0 |                0.11 |  59534.15027378966 |  59528.30000000001 | 2.6145523669081134 | 152.99477048384946 |  2.431914696254516 | 461.32302999317704 | 2.2013273390020216 |  764.0142357566702 |  1.892461016866739 | 1165.8385266133225 | 1.8966793278695335 | 1189.7400649622145 |  2.019991927436816 |   585.364169353832 |     1.0 |   748.0 | 202.0 | 14.0 |  5663123.813198616 | 30122.999006375616 |  2096.726139220125 | 2143.0418869837417 |
|   1.3 |  1.0 |  0.05 |   200.0 |    1.5 |  0.11 | 5000.0 |                0.12 |  59528.83640574421 |  59528.30127862088 |  3.089747525039694 |   65.4830184851491 |  2.762283493555631 | 258.60819614131947 |  2.478812833986838 |  467.8832884748633 | 2.1250204283859304 |  756.3171798166235 |  2.143869553780956 |  752.3902921522674 |   2.31740343242611 |   328.148574537186 |     0.0 | 30000.0 | 202.0 | 14.0 | 336116.87065157463 | 1787.8556949551842 | 1526.2231950979124 | 1572.5389428615292 |
|   1.3 |  1.0 |  0.05 |   200.0 |    1.5 |  0.11 | 5000.0 |                0.13 | 59528.837873926954 |  59528.30000003946 | 3.2634439532981356 |  48.32130413753359 | 2.7874154770244637 | 245.76222937723128 | 2.5074407211222702 | 442.31256133855857 | 2.1440892405064624 |  727.1084637886896 | 2.1766506274651154 |  702.9912626325234 | 2.3650632755217713 | 298.55403412407907 |     1.0 |  3418.0 | 202.0 | 14.0 | 256107.04781017013 | 1362.2715309051603 | 1471.3067850215969 | 1517.6225327852137 |
|   1.3 |  1.0 |  0.05 |   200.0 |    1.5 |  0.11 | 5000.0 | 0.13999999999999999 |   59528.8165249939 | 59528.475614435076 |  3.185255302329459 | 61.124505206514335 | 2.7158254950879215 |  303.4309340662874 |  2.440296190722858 |  537.3555197098581 | 2.0879042316172067 |  855.6980442105703 | 2.1113690724174563 |  843.3420758258766 | 2.3177583843412943 |  346.5045016282657 |     1.0 |  1460.0 | 202.0 | 14.0 | 216651.36296564303 | 1152.4008668385268 | 1437.5109582100138 | 1483.8267059736306 |
|   1.3 |  1.0 |  0.05 |   200.0 |    1.5 |  0.12 | 5000.0 |                 0.1 |  59534.15558967079 |  59528.30000000672 | 2.6183238699645006 | 152.21084195950775 | 2.4348339035940705 | 459.70094969966067 | 2.2035725151663463 |  762.0339424914249 | 1.8943059536832256 |  1163.315817720143 | 1.8989653357167466 |  1186.537205656297 |  2.025524826045085 |  580.6362462161571 |     1.0 |  5737.0 | 202.0 | 14.0 |  5704457.395875522 | 30342.858488699585 |  2098.195127273727 |  2144.510875037344 |
|   1.3 |  1.0 |  0.05 |   200.0 |    1.5 |  0.12 | 5000.0 |                0.11 | 59534.157721376665 |  59528.30000000405 | 2.6157324906284676 |  152.7474875893175 |  2.432698668744249 | 460.88440367625446 | 2.2019335283331776 |  763.4762553009492 | 1.8929742917773416 | 1165.1349803078297 | 1.8972494595839615 |  1188.938182414153 | 2.0211661466283677 |  584.3744678458528 |     1.0 |  1837.0 | 202.0 | 14.0 |  5674014.358752363 | 30180.927440172145 |  2097.114224968954 |  2143.429972732571 |
|   1.3 |  1.0 |  0.05 |   200.0 |    1.5 |  0.12 | 5000.0 |                0.12 | 59534.160760573606 |  59528.30000000104 |  2.612984142208505 | 153.32171874816834 | 2.4304990002424733 |  462.1078257471266 |  2.200236707709343 |  764.9738010677379 | 1.8915802714113987 |   1167.04231845943 | 1.8954772304300642 | 1191.4216734929462 |  2.018127312192634 |  586.7671769524992 |     1.0 |  2158.0 | 202.0 | 14.0 |  5642903.024122368 | 30015.441617672168 |  2096.003585876259 |  2142.319333639876 |
|   1.3 |  1.0 |  0.05 |   200.0 |    1.5 |  0.12 | 5000.0 |                0.13 |  59528.84645271258 | 59528.300012767366 | 3.2530604320684233 | 49.362722794975234 | 2.7778084501219573 | 250.63143430854683 |  2.497316142708055 |  451.3378080067441 | 2.1369314290132375 |   738.028992839029 | 2.1655555150781485 |  719.5765476997253 | 2.3562247383859893 |  304.2766315343132 |     1.0 | 25146.0 | 202.0 | 14.0 | 270598.75255558797 | 1439.3550667850425 |  1482.425186852128 |  1528.740934615745 |
|   1.3 |  1.0 |  0.05 |   200.0 |    1.5 |  0.12 | 5000.0 | 0.13999999999999999 |  59528.83469373145 |  59528.40725337439 |   3.21245370632683 |  56.16131436815322 | 2.7427624498416545 | 280.17052645457807 | 2.4663174990467014 | 498.50761900525134 |  2.110316053153561 |  802.6341746018993 | 2.1377481446765265 |  784.4557779183765 | 2.3379004235626084 | 325.97672611295667 |     1.0 |  1009.0 | 202.0 | 14.0 |  226147.4096888456 | 1202.9117536640724 | 1446.1762739444926 | 1492.4920217081094 |
