|      t |        U |        B |        V |        R |
|   0.11 |   6.9981 |   3.8694 |   1.2764 |  -0.2285 |
| 0.1105 |   7.1411 |   3.9992 |   1.3978 |  -0.1143 |
|  0.111 |   7.1646 |   4.0466 |   1.5001 |  -0.0215 |
| 0.1115 |   7.2727 |   4.1432 |   1.5836 |    0.056 |
|  0.112 |   7.3956 |   4.2513 |   1.6721 |   0.1399 |
| 0.1125 |   7.5245 |   4.3673 |    1.771 |   0.2329 |
|  0.113 |    7.657 |    4.487 |   1.8769 |   0.3319 |
| 0.1135 |   7.7931 |   4.6084 |    1.988 |   0.4354 |
|  0.114 |   7.9276 |   4.7128 |   2.0871 |   0.5372 |
| 0.1146 |   8.0613 |   4.8146 |    2.192 |     0.64 |
| 0.1151 |   8.1966 |   4.9178 |      2.3 |   0.7454 |
| 0.1156 |   8.3307 |   5.0043 |   2.4007 |   0.8479 |
| 0.1161 |    8.463 |   5.0705 |   2.4921 |   0.9468 |
| 0.1166 |   8.5924 |   5.1106 |   2.5717 |   1.0414 |
| 0.1172 |   8.7177 |   5.1224 |   2.6383 |   1.1316 |
| 0.1177 |   8.8366 |   5.1037 |     2.69 |    1.217 |
| 0.1182 |   8.9465 |   5.0563 |   2.7256 |   1.2967 |
| 0.1188 |   9.0441 |   4.9823 |   2.7438 |   1.3701 |
| 0.1193 |   9.1236 |   4.8831 |   2.7425 |   1.4354 |
| 0.1199 |   9.1823 |   4.7658 |    2.724 |   1.4931 |
| 0.1204 |   9.2162 |   4.6344 |   2.6893 |   1.5422 |
| 0.1209 |   9.2212 |   4.4932 |   2.6395 |   1.5821 |
| 0.1215 |   9.1963 |   4.3467 |   2.5766 |   1.6123 |
|  0.122 |   9.1433 |   4.1983 |   2.5033 |   1.6324 |
| 0.1226 |   9.0644 |   4.0507 |   2.4215 |   1.6421 |
| 0.1231 |   8.9622 |   3.9062 |   2.3332 |   1.6405 |
| 0.1237 |   8.8457 |   3.7653 |   2.2414 |   1.6302 |
| 0.1243 |   8.7178 |    3.629 |   2.1473 |   1.6112 |
| 0.1248 |   8.5827 |   3.4983 |   2.0521 |   1.5835 |
| 0.1254 |   8.5588 |   3.3417 |   1.9156 |   1.4884 |
|  0.126 |   8.6255 |    3.165 |    1.747 |   1.3394 |
| 0.1265 |   8.4869 |   3.0493 |   1.6537 |   1.2932 |
| 0.1271 |   8.3506 |   2.9387 |   1.5617 |   1.2412 |
| 0.1277 |   8.2167 |    2.832 |   1.4708 |   1.1853 |
| 0.1282 |   8.0862 |   2.7297 |   1.3816 |   1.1256 |
| 0.1288 |    7.959 |   2.6314 |   1.2941 |   1.0632 |
| 0.1294 |   7.8355 |    2.537 |   1.2084 |   0.9984 |
|   0.13 |   7.7157 |   2.4463 |   1.1246 |   0.9316 |
| 0.1306 |   7.5985 |   2.3591 |   1.0409 |   0.8582 |
| 0.1312 |   7.4656 |   2.2704 |   0.9447 |   0.7558 |
| 0.1318 |   7.3576 |   2.1898 |   0.8662 |   0.6858 |
| 0.1324 |   7.2531 |   2.1128 |     0.79 |   0.6152 |
|  0.133 |   7.1531 |   2.0395 |   0.7165 |   0.5444 |
| 0.1336 |   7.0529 |   1.9692 |   0.6445 |   0.4718 |
| 0.1342 |   6.9601 |   1.9022 |   0.5756 |    0.401 |
| 0.1348 |   6.8764 |   1.8377 |   0.5099 |   0.3336 |
| 0.1354 |   6.7979 |   1.7754 |   0.4467 |   0.2684 |
|  0.136 |   6.7229 |   1.7146 |   0.3855 |   0.2054 |
| 0.1366 |   6.6503 |   1.6546 |   0.3259 |   0.1446 |
| 0.1372 |   6.5793 |   1.5953 |   0.2675 |   0.0857 |
| 0.1379 |   6.5093 |   1.5365 |   0.2099 |   0.0282 |
| 0.1385 |   6.4404 |   1.4784 |   0.1528 |  -0.0286 |
| 0.1391 |   6.3728 |   1.4214 |   0.0963 |  -0.0854 |
| 0.1397 |   6.3063 |   1.3651 |   0.0402 |  -0.1424 |
| 0.1404 |    6.241 |   1.3096 |  -0.0155 |  -0.1997 |
|  0.141 |   6.1767 |   1.2548 |  -0.0709 |  -0.2571 |
| 0.1416 |   6.1136 |   1.2007 |  -0.1259 |  -0.3147 |
| 0.1423 |   6.0516 |   1.1473 |  -0.1805 |   -0.372 |
| 0.1429 |   5.9906 |   1.0943 |  -0.2347 |  -0.4291 |
| 0.1436 |   5.9237 |   1.0402 |  -0.2892 |  -0.4863 |
| 0.1442 |   5.8428 |    0.983 |  -0.3448 |  -0.5438 |
| 0.1449 |   5.7837 |   0.9312 |  -0.3982 |  -0.6005 |
| 0.1455 |   5.7254 |   0.8798 |  -0.4513 |  -0.6568 |
| 0.1462 |   5.6677 |   0.8287 |   -0.504 |  -0.7129 |
| 0.1468 |    5.606 |   0.7765 |  -0.5564 |   -0.768 |
| 0.1475 |   5.5494 |   0.7263 |  -0.6082 |  -0.8234 |
| 0.1482 |   5.4936 |   0.6768 |  -0.6595 |  -0.8781 |
| 0.1489 |    5.438 |   0.6279 |    -0.71 |   -0.932 |
| 0.1495 |   5.3794 |    0.578 |    -0.76 |  -0.9846 |
| 0.1502 |   5.3252 |   0.5301 |  -0.8096 |  -1.0374 |
| 0.1509 |   5.2718 |   0.4827 |  -0.8586 |  -1.0896 |
| 0.1516 |   5.2154 |   0.4343 |  -0.9073 |   -1.141 |
| 0.1522 |   5.1627 |   0.3875 |  -0.9557 |  -1.1927 |
| 0.1529 |   5.1105 |   0.3413 |  -1.0037 |   -1.244 |
| 0.1536 |   5.0554 |   0.2938 |  -1.0514 |  -1.2945 |
| 0.1543 |   5.0038 |   0.2481 |  -1.0988 |  -1.3454 |
|  0.155 |   4.9504 |   0.2016 |  -1.1458 |  -1.3955 |
| 0.1557 |   4.8984 |    0.156 |  -1.1926 |  -1.4456 |
| 0.1564 |   4.8479 |   0.1111 |  -1.2391 |  -1.4956 |
| 0.1571 |   4.7978 |   0.0666 |  -1.2853 |  -1.5452 |
| 0.1578 |   4.7455 |   0.0211 |  -1.3311 |  -1.5941 |
| 0.1586 |    4.695 |  -0.0235 |  -1.3769 |  -1.6432 |
| 0.1593 |   4.6458 |  -0.0673 |  -1.4224 |  -1.6922 |
|   0.16 |   4.5943 |  -0.1123 |  -1.4676 |  -1.7403 |
| 0.1607 |   4.5455 |  -0.1558 |  -1.5127 |  -1.7889 |
| 0.1615 |   4.4964 |  -0.1994 |  -1.5574 |  -1.8369 |
| 0.1622 |   4.4798 |  -0.2241 |  -1.6407 |  -1.9598 |
| 0.1629 |   4.4004 |  -0.2931 |  -1.7157 |  -2.0395 |
| 0.1637 |   4.3675 |   -0.313 |  -1.7307 |  -2.0462 |
| 0.1644 |   4.3301 |  -0.3403 |  -1.7526 |  -2.0613 |
| 0.1651 |   4.2891 |  -0.3729 |  -1.7829 |  -2.0879 |
| 0.1659 |   4.2439 |  -0.4094 |  -1.8189 |  -2.1229 |
| 0.1666 |   4.2002 |  -0.4457 |  -1.8568 |  -2.1622 |
| 0.1674 |   4.1575 |   -0.482 |  -1.8957 |  -2.2043 |
| 0.1681 |   4.1138 |  -0.5203 |  -1.9368 |  -2.2496 |
| 0.1689 |   4.0684 |  -0.5611 |  -1.9803 |  -2.2982 |
| 0.1697 |   4.0224 |   -0.603 |  -2.0251 |  -2.3489 |
| 0.1704 |   3.9598 |  -0.6572 |  -2.0719 |  -2.3996 |
| 0.1712 |   3.9095 |   -0.704 |  -2.1201 |  -2.4528 |
|  0.172 |   3.8618 |  -0.7471 |  -2.1648 |  -2.5017 |
| 0.1728 |   3.8152 |  -0.7882 |  -2.2073 |  -2.5471 |
| 0.1735 |   3.7696 |   -0.828 |  -2.2481 |  -2.5902 |
| 0.1743 |   3.7226 |  -0.8689 |  -2.2889 |  -2.6328 |
| 0.1751 |   3.6707 |   -0.914 |  -2.3317 |  -2.6769 |
| 0.1759 |   3.6246 |  -0.9549 |  -2.3731 |  -2.7207 |
| 0.1767 |   3.5786 |  -0.9955 |  -2.4144 |  -2.7646 |
| 0.1775 |   3.5328 |  -1.0359 |  -2.4554 |  -2.8083 |
| 0.1783 |   3.4873 |  -1.0761 |  -2.4962 |  -2.8517 |
| 0.1791 |   3.4419 |  -1.1163 |  -2.5369 |  -2.8949 |
| 0.1799 |   3.3889 |  -1.1624 |  -2.5787 |  -2.9375 |
| 0.1807 |   3.3406 |  -1.2054 |  -2.6213 |  -2.9823 |
| 0.1816 |   3.2948 |  -1.2461 |  -2.6623 |  -3.0256 |
| 0.1824 |   3.2489 |  -1.2866 |   -2.703 |  -3.0687 |
| 0.1832 |   3.2031 |   -1.327 |  -2.7434 |  -3.1114 |
|  0.184 |   3.1573 |  -1.3673 |  -2.7836 |  -3.1537 |
| 0.1849 |   3.1117 |  -1.4075 |  -2.8236 |  -3.1958 |
| 0.1857 |   3.0662 |  -1.4476 |  -2.8634 |  -3.2376 |
| 0.1865 |   3.0208 |  -1.4877 |  -2.9031 |  -3.2792 |
| 0.1874 |   2.9639 |  -1.5375 |  -2.9459 |  -3.3213 |
| 0.1882 |   2.9171 |   -1.579 |  -2.9866 |  -3.3638 |
| 0.1891 |    2.871 |  -1.6191 |  -3.0261 |  -3.4055 |
| 0.1899 |   2.8228 |  -1.6609 |  -3.0674 |  -3.4485 |
| 0.1908 |   2.7765 |  -1.7008 |  -3.1068 |  -3.4894 |
| 0.1917 |   2.7322 |  -1.7393 |  -3.1446 |  -3.5291 |
| 0.1925 |   2.6866 |  -1.7789 |  -3.1831 |  -3.5697 |
| 0.1934 |   2.6402 |  -1.8192 |  -3.2225 |  -3.6107 |
| 0.1943 |   2.5942 |  -1.8593 |  -3.2618 |  -3.6516 |
| 0.1952 |   2.5484 |  -1.8992 |  -3.3008 |  -3.6923 |
|  0.196 |   2.5026 |   -1.939 |  -3.3397 |   -3.733 |
| 0.1969 |   2.4569 |  -1.9788 |  -3.3788 |   -3.774 |
| 0.1978 |   2.4111 |  -2.0186 |  -3.4179 |  -3.8152 |
| 0.1987 |   2.3653 |  -2.0584 |  -3.4571 |  -3.8566 |
| 0.1996 |   2.3141 |  -2.1027 |  -3.4974 |  -3.8979 |
| 0.2005 |   2.2565 |  -2.1522 |  -3.5389 |   -3.939 |
| 0.2014 |   2.2106 |  -2.1921 |  -3.5783 |  -3.9806 |
| 0.2023 |   2.1646 |   -2.232 |  -3.6176 |   -4.022 |
| 0.2032 |   2.1187 |  -2.2718 |  -3.6568 |  -4.0631 |
| 0.2042 |   2.0727 |  -2.3116 |  -3.6959 |  -4.1041 |
| 0.2051 |   2.0268 |  -2.3513 |   -3.735 |   -4.145 |
|  0.206 |   1.9809 |  -2.3909 |   -3.774 |  -4.1859 |
|  0.207 |    1.935 |  -2.4305 |  -3.8129 |  -4.2267 |
| 0.2079 |   1.8891 |  -2.4701 |  -3.8518 |  -4.2674 |
| 0.2088 |   1.8433 |  -2.5097 |  -3.8907 |  -4.3081 |
| 0.2098 |   1.7975 |  -2.5492 |  -3.9295 |  -4.3486 |
| 0.2107 |   1.7342 |  -2.6027 |  -3.9731 |   -4.392 |
| 0.2117 |   1.6843 |  -2.6463 |  -4.0158 |  -4.4359 |
| 0.2126 |   1.6378 |  -2.6854 |  -4.0542 |  -4.4757 |
| 0.2136 |   1.5913 |  -2.7239 |   -4.092 |  -4.5154 |
| 0.2146 |   1.5437 |  -2.7639 |   -4.131 |  -4.5561 |
| 0.2155 |   1.4963 |  -2.8039 |  -4.1699 |   -4.596 |
| 0.2165 |   1.4502 |  -2.8431 |  -4.2077 |  -4.6348 |
| 0.2175 |   1.4046 |  -2.8818 |  -4.2452 |  -4.6733 |
| 0.2185 |   1.3595 |  -2.9202 |  -4.2824 |  -4.7115 |
| 0.2195 |    1.315 |   -2.958 |  -4.3192 |  -4.7494 |
| 0.2205 |   1.2707 |  -2.9957 |  -4.3558 |  -4.7871 |
| 0.2215 |   1.2264 |  -3.0332 |  -4.3923 |  -4.8248 |
| 0.2225 |    1.182 |  -3.0706 |  -4.4288 |  -4.8626 |
| 0.2235 |   1.1377 |  -3.1079 |  -4.4652 |  -4.9005 |
| 0.2245 |   1.0935 |   -3.145 |  -4.5016 |  -4.9382 |
| 0.2255 |   1.0497 |  -3.1817 |  -4.5377 |  -4.9759 |
| 0.2265 |   1.0062 |  -3.2183 |  -4.5738 |  -5.0136 |
| 0.2275 |   0.9628 |  -3.2546 |  -4.6096 |  -5.0511 |
| 0.2286 |   0.9198 |  -3.2908 |  -4.6453 |  -5.0885 |
| 0.2296 |   0.8771 |  -3.3266 |  -4.6808 |  -5.1257 |
| 0.2306 |   0.8349 |  -3.3622 |  -4.7159 |  -5.1626 |
| 0.2317 |   0.7931 |  -3.3973 |  -4.7508 |  -5.1992 |
| 0.2327 |   0.7517 |  -3.4321 |  -4.7854 |  -5.2355 |
| 0.2338 |   0.7108 |  -3.4667 |  -4.8198 |  -5.2717 |
| 0.2348 |   0.6702 |   -3.501 |  -4.8539 |  -5.3076 |
| 0.2359 |   0.6299 |  -3.5349 |  -4.8878 |  -5.3433 |
|  0.237 |   0.5898 |  -3.5686 |  -4.9215 |  -5.3789 |
|  0.238 |   0.5155 |  -3.6254 |  -4.9641 |  -5.4159 |
| 0.2391 |   0.4749 |  -3.6595 |   -4.998 |   -5.452 |
| 0.2402 |   0.4337 |  -3.6938 |  -5.0324 |  -5.4884 |
| 0.2413 |   0.3925 |  -3.7281 |  -5.0667 |  -5.5249 |
| 0.2424 |   0.3436 |  -3.7679 |  -5.1044 |  -5.5633 |
| 0.2435 |    0.306 |  -3.7994 |  -5.1363 |  -5.5972 |
| 0.2446 |   0.2677 |   -3.831 |  -5.1684 |  -5.6315 |
| 0.2457 |   0.2243 |  -3.8655 |  -5.2019 |  -5.6657 |
| 0.2468 |   0.1859 |  -3.8975 |  -5.2336 |  -5.6992 |
| 0.2479 |   0.1495 |  -3.9282 |  -5.2644 |  -5.7314 |
|  0.249 |   0.1136 |  -3.9584 |  -5.2943 |  -5.7627 |
| 0.2502 |    0.077 |   -3.989 |  -5.3245 |  -5.7944 |
| 0.2513 |     0.04 |    -4.02 |  -5.3552 |  -5.8267 |
| 0.2524 |   0.0033 |   -4.051 |  -5.3862 |  -5.8592 |
| 0.2536 |  -0.0329 |  -4.0815 |  -5.4169 |  -5.8915 |
| 0.2547 |  -0.0687 |  -4.1117 |  -5.4472 |  -5.9235 |
| 0.2559 |   -0.104 |  -4.1414 |  -5.4772 |  -5.9552 |
|  0.257 |   -0.139 |   -4.171 |  -5.5069 |  -5.9869 |
| 0.2582 |   -0.174 |  -4.2004 |  -5.5367 |  -6.0185 |
| 0.2594 |  -0.2087 |  -4.2299 |  -5.5663 |  -6.0501 |
| 0.2605 |  -0.2434 |  -4.2593 |  -5.5959 |  -6.0816 |
| 0.2617 |  -0.2779 |  -4.2886 |  -5.6254 |   -6.113 |
| 0.2629 |  -0.3123 |  -4.3179 |  -5.6548 |  -6.1442 |
| 0.2641 |  -0.3467 |  -4.3471 |  -5.6841 |  -6.1754 |
| 0.2653 |  -0.3809 |  -4.3764 |  -5.7134 |  -6.2064 |
| 0.2665 |   -0.415 |  -4.4055 |  -5.7426 |  -6.2373 |
| 0.2677 |   -0.449 |  -4.4345 |  -5.7717 |   -6.268 |
| 0.2689 |   -0.483 |  -4.4635 |  -5.8006 |  -6.2987 |
| 0.2701 |  -0.5169 |  -4.4924 |  -5.8294 |  -6.3292 |
| 0.2713 |  -0.5506 |  -4.5212 |  -5.8581 |  -6.3596 |
| 0.2726 |  -0.5842 |  -4.5498 |  -5.8867 |  -6.3898 |
| 0.2738 |  -0.6539 |  -4.6033 |  -5.9276 |  -6.4258 |
|  0.275 |  -0.6938 |  -4.6362 |  -5.9597 |  -6.4596 |
| 0.2763 |   -0.734 |  -4.6706 |   -5.994 |  -6.4941 |
| 0.2775 |  -0.7668 |  -4.6983 |  -6.0215 |  -6.5225 |
| 0.2788 |  -0.7992 |  -4.7247 |  -6.0475 |  -6.5499 |
|   0.28 |  -0.8348 |  -4.7537 |  -6.0755 |  -6.5791 |
| 0.2813 |  -0.8684 |  -4.7819 |  -6.1031 |  -6.6077 |
| 0.2826 |  -0.9009 |  -4.8098 |  -6.1301 |  -6.6359 |
| 0.2839 |   -0.935 |  -4.8382 |  -6.1573 |  -6.6637 |
| 0.2851 |  -0.9681 |  -4.8656 |  -6.1838 |  -6.6907 |
| 0.2864 |  -0.9999 |  -4.8926 |  -6.2101 |   -6.718 |
| 0.2877 |  -1.0327 |  -4.9204 |  -6.2369 |  -6.7459 |
|  0.289 |  -1.0655 |  -4.9477 |  -6.2634 |  -6.7732 |
| 0.2903 |  -1.0974 |  -4.9741 |  -6.2893 |  -6.7999 |
| 0.2917 |  -1.1287 |  -5.0005 |  -6.3152 |   -6.827 |
|  0.293 |  -1.1604 |  -5.0277 |  -6.3415 |  -6.8546 |
| 0.2943 |  -1.1921 |  -5.0549 |  -6.3679 |  -6.8819 |
| 0.2956 |  -1.2236 |  -5.0815 |  -6.3939 |  -6.9087 |
|  0.297 |  -1.2549 |  -5.1081 |  -6.4196 |  -6.9356 |
| 0.2983 |  -1.2863 |  -5.1348 |  -6.4455 |  -6.9625 |
| 0.2997 |  -1.3176 |  -5.1615 |  -6.4714 |  -6.9892 |
|  0.301 |  -1.3489 |   -5.188 |  -6.4971 |  -7.0158 |
| 0.3024 |    -1.38 |  -5.2144 |  -6.5226 |  -7.0423 |
| 0.3038 |   -1.411 |  -5.2408 |  -6.5481 |  -7.0686 |
| 0.3051 |  -1.4782 |  -5.2926 |  -6.5894 |  -7.1048 |
| 0.3065 |  -1.5135 |  -5.3222 |   -6.618 |  -7.1339 |
| 0.3079 |   -1.545 |  -5.3488 |  -6.6438 |  -7.1597 |
| 0.3093 |  -1.5752 |  -5.3737 |  -6.6679 |  -7.1841 |
| 0.3107 |  -1.6045 |   -5.398 |  -6.6912 |  -7.2078 |
| 0.3121 |  -1.6338 |  -5.4228 |  -6.7144 |  -7.2318 |
| 0.3135 |  -1.6649 |  -5.4491 |  -6.7389 |  -7.2565 |
| 0.3149 |  -1.6941 |  -5.4738 |  -6.7623 |    -7.28 |
| 0.3163 |  -1.7234 |  -5.4983 |  -6.7855 |  -7.3036 |
| 0.3178 |  -1.7533 |  -5.5231 |  -6.8089 |   -7.327 |
| 0.3192 |  -1.7939 |  -5.5544 |  -6.8363 |  -7.3514 |
| 0.3207 |  -1.8227 |  -5.5787 |  -6.8595 |  -7.3754 |
| 0.3221 |  -1.8524 |  -5.6038 |  -6.8834 |  -7.4001 |
| 0.3236 |  -1.8821 |  -5.6285 |  -6.9071 |  -7.4242 |
|  0.325 |  -1.9117 |  -5.6532 |  -6.9306 |  -7.4483 |
| 0.3265 |  -1.9415 |   -5.678 |  -6.9542 |  -7.4725 |
|  0.328 |  -1.9711 |  -5.7027 |  -6.9776 |  -7.4964 |
| 0.3295 |  -2.0008 |  -5.7274 |   -7.001 |  -7.5203 |
|  0.331 |  -2.0303 |  -5.7521 |  -7.0242 |  -7.5439 |
| 0.3325 |  -2.0596 |  -5.7767 |  -7.0473 |  -7.5674 |
|  0.334 |  -2.0888 |  -5.8011 |  -7.0702 |  -7.5905 |
| 0.3355 |  -2.1177 |  -5.8254 |  -7.0928 |  -7.6134 |
|  0.337 |  -2.1465 |  -5.8496 |  -7.1153 |  -7.6361 |
| 0.3385 |  -2.1753 |  -5.8739 |  -7.1378 |  -7.6587 |
|   0.34 |  -2.2042 |  -5.8982 |  -7.1603 |  -7.6812 |
| 0.3416 |  -2.2535 |  -5.9374 |  -7.1918 |  -7.7089 |
| 0.3431 |  -2.2842 |  -5.9628 |  -7.2151 |  -7.7321 |
| 0.3447 |  -2.3143 |   -5.988 |  -7.2378 |  -7.7552 |
| 0.3462 |  -2.3458 |  -6.0144 |  -7.2629 |  -7.7797 |
| 0.3478 |  -2.3755 |  -6.0388 |  -7.2851 |  -7.8017 |
| 0.3494 |  -2.4109 |  -6.0669 |  -7.3095 |  -7.8242 |
|  0.351 |  -2.4408 |  -6.0921 |  -7.3322 |  -7.8467 |
| 0.3525 |  -2.4705 |  -6.1172 |  -7.3546 |  -7.8688 |
| 0.3541 |  -2.5009 |  -6.1423 |   -7.377 |  -7.8907 |
| 0.3557 |  -2.5318 |  -6.1679 |     -7.4 |  -7.9133 |
| 0.3574 |   -2.563 |  -6.1939 |  -7.4234 |  -7.9364 |
|  0.359 |  -2.5942 |  -6.2199 |  -7.4468 |  -7.9595 |
| 0.3606 |  -2.6253 |  -6.2459 |  -7.4701 |  -7.9823 |
| 0.3622 |  -2.6565 |  -6.2717 |  -7.4931 |  -8.0049 |
| 0.3639 |  -2.6876 |  -6.2975 |   -7.516 |  -8.0273 |
| 0.3655 |  -2.7187 |  -6.3233 |  -7.5389 |  -8.0496 |
| 0.3672 |    -2.75 |  -6.3492 |  -7.5617 |  -8.0718 |
| 0.3688 |  -2.7814 |  -6.3753 |  -7.5847 |  -8.0941 |
| 0.3705 |   -2.813 |  -6.4015 |  -7.6077 |  -8.1165 |
| 0.3722 |  -2.8447 |  -6.4279 |  -7.6308 |   -8.139 |
| 0.3739 |  -2.8767 |  -6.4544 |  -7.6541 |  -8.1615 |
| 0.3755 |  -2.9088 |  -6.4811 |  -7.6774 |  -8.1841 |
| 0.3772 |  -2.9411 |   -6.508 |  -7.7008 |  -8.2068 |
|  0.379 |  -2.9738 |  -6.5351 |  -7.7244 |  -8.2296 |
| 0.3807 |  -3.0067 |  -6.5625 |  -7.7481 |  -8.2525 |
| 0.3824 |    -3.04 |  -6.5901 |   -7.772 |  -8.2755 |
| 0.3841 |  -3.0984 |  -6.6369 |  -7.8053 |  -8.3029 |
| 0.3859 |  -3.1358 |  -6.6681 |  -7.8321 |  -8.3284 |
| 0.3876 |  -3.1737 |  -6.6998 |  -7.8599 |  -8.3548 |
| 0.3894 |  -3.2104 |  -6.7306 |  -7.8856 |  -8.3791 |
| 0.3911 |  -3.2494 |  -6.7624 |  -7.9123 |  -8.4038 |
| 0.3929 |  -3.2882 |  -6.7933 |  -7.9373 |  -8.4261 |
| 0.3947 |  -3.3247 |  -6.8219 |  -7.9604 |  -8.4479 |
| 0.3965 |  -3.3622 |  -6.8521 |  -7.9849 |  -8.4711 |
| 0.3982 |  -3.4006 |  -6.8828 |  -8.0104 |  -8.4948 |
| 0.4001 |  -3.4389 |   -6.914 |   -8.036 |   -8.519 |
| 0.4019 |  -3.4768 |  -6.9441 |  -8.0614 |  -8.5425 |
| 0.4037 |  -3.5153 |   -6.975 |  -8.0868 |  -8.5664 |
| 0.4055 |  -3.5536 |  -7.0055 |  -8.1124 |  -8.5907 |
| 0.4073 |   -3.593 |  -7.0372 |  -8.1385 |  -8.6153 |
| 0.4092 |  -3.6325 |  -7.0686 |  -8.1646 |  -8.6399 |
|  0.411 |  -3.6729 |   -7.101 |   -8.191 |  -8.6648 |
| 0.4129 |  -3.7135 |  -7.1328 |  -8.2175 |  -8.6893 |
| 0.4148 |  -3.7548 |  -7.1656 |  -8.2442 |  -8.7144 |
| 0.4166 |  -3.7963 |   -7.198 |  -8.2709 |   -8.739 |
| 0.4185 |  -3.8384 |  -7.2313 |   -8.298 |  -8.7645 |
| 0.4204 |  -3.8809 |  -7.2646 |  -8.3253 |  -8.7898 |
| 0.4223 |  -3.9239 |  -7.2981 |  -8.3528 |  -8.8154 |
| 0.4242 |  -3.9674 |  -7.3321 |  -8.3804 |  -8.8411 |
| 0.4262 |  -4.0114 |  -7.3663 |  -8.4083 |  -8.8669 |
| 0.4281 |  -4.0675 |  -7.4099 |  -8.4385 |  -8.8922 |
|   0.43 |  -4.1209 |  -7.4514 |  -8.4684 |  -8.9177 |
|  0.432 |  -4.1664 |  -7.4864 |  -8.4967 |  -8.9438 |
| 0.4339 |  -4.2126 |  -7.5217 |  -8.5253 |  -8.9702 |
| 0.4359 |  -4.2593 |  -7.5574 |  -8.5542 |  -8.9968 |
| 0.4379 |  -4.3064 |  -7.5931 |   -8.583 |  -9.0232 |
| 0.4398 |  -4.3541 |   -7.629 |   -8.612 |  -9.0498 |
| 0.4418 |  -4.4024 |  -7.6653 |  -8.6412 |  -9.0767 |
| 0.4438 |  -4.4513 |  -7.7019 |  -8.6707 |  -9.1036 |
| 0.4458 |  -4.5007 |  -7.7386 |  -8.7002 |  -9.1306 |
| 0.4478 |  -4.5506 |  -7.7755 |  -8.7297 |  -9.1575 |
| 0.4499 |  -4.6007 |  -7.8124 |  -8.7592 |  -9.1843 |
| 0.4519 |   -4.651 |  -7.8492 |  -8.7885 |  -9.2109 |
|  0.454 |  -4.7013 |  -7.8856 |  -8.8174 |   -9.237 |
|  0.456 |    -4.77 |   -7.935 |  -8.8487 |  -9.2623 |
| 0.4581 |  -4.8203 |  -7.9708 |  -8.8769 |  -9.2877 |
| 0.4601 |  -4.8707 |  -8.0064 |  -8.9049 |  -9.3129 |
| 0.4622 |  -4.9214 |   -8.042 |  -8.9328 |   -9.338 |
| 0.4643 |  -4.9723 |  -8.0776 |  -8.9607 |  -9.3631 |
| 0.4664 |  -5.0233 |  -8.1131 |  -8.9886 |  -9.3883 |
| 0.4685 |  -5.0745 |  -8.1487 |  -9.0166 |  -9.4136 |
| 0.4706 |  -5.1259 |  -8.1843 |  -9.0446 |  -9.4389 |
| 0.4728 |  -5.1773 |  -8.2199 |  -9.0726 |  -9.4643 |
| 0.4749 |  -5.2289 |  -8.2555 |  -9.1006 |  -9.4895 |
| 0.4771 |  -5.2805 |  -8.2909 |  -9.1284 |  -9.5147 |
| 0.4792 |   -5.332 |  -8.3262 |   -9.156 |  -9.5396 |
| 0.4814 |  -5.3836 |  -8.3612 |  -9.1833 |  -9.5641 |
| 0.4836 |  -5.4351 |   -8.396 |  -9.2104 |  -9.5884 |
| 0.4858 |  -5.4867 |  -8.4305 |  -9.2373 |  -9.6124 |
|  0.488 |  -5.5381 |  -8.4648 |   -9.264 |  -9.6363 |
| 0.4902 |  -5.5896 |   -8.499 |  -9.2906 |    -9.66 |
| 0.4924 |   -5.641 |   -8.533 |  -9.3171 |  -9.6837 |
| 0.4946 |  -5.6924 |  -8.5669 |  -9.3436 |  -9.7074 |
| 0.4968 |  -5.7543 |  -8.6067 |  -9.3714 |  -9.7305 |
| 0.4991 |  -5.8312 |   -8.655 |  -9.4013 |  -9.7531 |
| 0.5014 |  -5.8826 |  -8.6888 |  -9.4278 |  -9.7767 |
| 0.5036 |   -5.934 |  -8.7226 |  -9.4543 |  -9.8004 |
| 0.5059 |  -5.9857 |  -8.7565 |   -9.481 |  -9.8242 |
| 0.5082 |  -6.0376 |  -8.7905 |  -9.5079 |   -9.848 |
| 0.5105 |  -6.0898 |  -8.8245 |  -9.5347 |  -9.8717 |
| 0.5128 |   -6.142 |  -8.8585 |  -9.5614 |  -9.8953 |
| 0.5151 |   -6.194 |  -8.8922 |  -9.5879 |  -9.9186 |
| 0.5174 |   -6.246 |  -8.9257 |  -9.6141 |  -9.9416 |
| 0.5198 |  -6.2976 |  -8.9588 |  -9.6399 |  -9.9642 |
| 0.5221 |  -6.3491 |  -8.9916 |  -9.6653 |  -9.9863 |
| 0.5245 |  -6.4003 |   -9.024 |  -9.6904 | -10.0081 |
| 0.5269 |  -6.4514 |  -9.0563 |  -9.7152 | -10.0297 |
| 0.5293 |  -6.5026 |  -9.0884 |  -9.7399 | -10.0511 |
| 0.5317 |  -6.5538 |  -9.1206 |  -9.7647 | -10.0727 |
| 0.5341 |  -6.6051 |  -9.1528 |  -9.7896 | -10.0944 |
| 0.5365 |  -6.6564 |   -9.185 |  -9.8147 | -10.1163 |
| 0.5389 |  -6.7078 |  -9.2173 |    -9.84 | -10.1385 |
| 0.5413 |  -6.7594 |  -9.2496 |  -9.8654 | -10.1608 |
| 0.5438 |   -6.811 |   -9.282 |  -9.8909 | -10.1832 |
| 0.5463 |  -6.8627 |  -9.3143 |  -9.9164 | -10.2055 |
| 0.5487 |  -6.9143 |  -9.3464 |  -9.9418 | -10.2278 |
| 0.5512 |   -6.966 |  -9.3784 |  -9.9671 | -10.2498 |
| 0.5537 |  -7.0177 |  -9.4103 |  -9.9922 | -10.2717 |
| 0.5562 |  -7.0693 |  -9.4419 | -10.0173 | -10.2934 |
| 0.5587 |  -7.1481 |  -9.4842 | -10.0453 | -10.3128 |
| 0.5613 |  -7.2337 |  -9.5305 | -10.0759 | -10.3332 |
| 0.5638 |  -7.2879 |  -9.5641 | -10.1029 | -10.3559 |
| 0.5663 |  -7.3425 |  -9.5978 | -10.1298 | -10.3797 |
| 0.5689 |  -7.3939 |  -9.6291 | -10.1535 | -10.4006 |
| 0.5715 |  -7.4499 |  -9.6646 | -10.1821 | -10.4258 |
| 0.5741 |  -7.5023 |  -9.6951 | -10.2058 | -10.4455 |
| 0.5767 |    -7.56 |  -9.7259 | -10.2291 | -10.4632 |
| 0.5793 |  -7.6219 |   -9.758 | -10.2521 | -10.4806 |
| 0.5819 |  -7.6723 |   -9.785 | -10.2735 | -10.4968 |
| 0.5845 |  -7.7219 |  -9.8123 | -10.2944 | -10.5131 |
| 0.5872 |  -7.7731 |   -9.841 | -10.3167 |  -10.531 |
| 0.5898 |  -7.8247 |  -9.8708 | -10.3403 |  -10.552 |
| 0.5925 |  -7.8767 |  -9.9013 | -10.3646 | -10.5737 |
| 0.5952 |  -7.9286 |  -9.9311 | -10.3885 | -10.5944 |
| 0.5979 |  -7.9807 |  -9.9608 | -10.4121 | -10.6149 |
| 0.6006 |  -8.0329 |  -9.9904 | -10.4357 | -10.6348 |
| 0.6033 |  -8.0852 | -10.0195 | -10.4589 | -10.6541 |
|  0.606 |  -8.1376 | -10.0484 |  -10.482 | -10.6732 |
| 0.6088 |  -8.1903 | -10.0775 | -10.5052 | -10.6925 |
| 0.6115 |  -8.2433 | -10.1069 | -10.5288 | -10.7125 |
| 0.6143 |  -8.2966 | -10.1367 | -10.5529 |  -10.733 |
| 0.6171 |    -8.35 | -10.1666 | -10.5772 | -10.7538 |
| 0.6199 |  -8.4036 | -10.1965 | -10.6016 | -10.7748 |
| 0.6227 |  -8.4572 | -10.2263 |  -10.626 | -10.7958 |
| 0.6255 |  -8.5107 |  -10.256 | -10.6504 | -10.8166 |
| 0.6283 |  -8.5641 | -10.2856 | -10.6748 | -10.8374 |
| 0.6311 |  -8.6173 |  -10.315 | -10.6991 | -10.8583 |
|  0.634 |  -8.6702 | -10.3444 | -10.7235 | -10.8792 |
| 0.6369 |   -8.723 | -10.3737 | -10.7479 | -10.9001 |
| 0.6398 |  -8.7755 |  -10.403 | -10.7723 | -10.9211 |
| 0.6427 |  -8.7897 | -10.3339 | -10.6776 | -10.7881 |
| 0.6456 |  -8.8561 | -10.3868 | -10.7219 |  -10.835 |
| 0.6485 |    -8.93 | -10.4485 | -10.7764 | -10.8923 |
| 0.6514 |  -9.0097 |  -10.515 | -10.8366 | -10.9561 |
| 0.6544 |  -9.0849 | -10.5781 | -10.8923 | -11.0158 |
| 0.6573 |   -9.157 | -10.6381 |  -10.945 |  -11.072 |
| 0.6603 |  -9.2236 | -10.6914 | -10.9916 | -11.1209 |
| 0.6633 |   -9.296 | -10.7354 | -11.0323 | -11.1603 |
| 0.6663 |  -9.3532 | -10.7693 |  -11.063 |  -11.189 |
| 0.6693 |  -9.4005 | -10.7967 |  -11.087 | -11.2104 |
| 0.6723 |  -9.4458 | -10.8208 | -11.1081 | -11.2282 |
| 0.6754 |  -9.4901 | -10.8433 | -11.1275 | -11.2435 |
| 0.6784 |  -9.5344 | -10.8659 | -11.1468 |  -11.258 |
| 0.6815 |   -9.579 | -10.8895 | -11.1668 | -11.2729 |
| 0.6846 |  -9.6239 | -10.9142 | -11.1877 | -11.2889 |
| 0.6877 |  -9.6691 | -10.9399 | -11.2096 | -11.3062 |
| 0.6908 |  -9.7141 | -10.9665 | -11.2323 | -11.3247 |
| 0.6939 |  -9.7587 | -10.9935 | -11.2555 | -11.3443 |
| 0.6971 |  -9.8028 | -11.0207 |  -11.279 | -11.3647 |
| 0.7002 |  -9.8464 | -11.0478 | -11.3025 | -11.3856 |
| 0.7034 |  -9.8895 | -11.0747 | -11.3259 | -11.4065 |
| 0.7066 |   -9.932 | -11.1014 |  -11.349 | -11.4273 |
| 0.7098 |   -9.974 | -11.1278 |  -11.372 | -11.4481 |
|  0.713 | -10.0156 | -11.1541 |  -11.395 | -11.4689 |
| 0.7162 | -10.0568 | -11.1802 | -11.4179 | -11.4896 |
| 0.7194 | -10.0976 | -11.2063 | -11.4407 | -11.5103 |
| 0.7227 | -10.1382 | -11.2323 | -11.4636 |  -11.531 |
|  0.726 | -10.1785 | -11.2582 | -11.4864 | -11.5516 |
| 0.7292 | -10.2184 | -11.2839 | -11.5091 | -11.5722 |
| 0.7325 | -10.2581 | -11.3096 | -11.5318 | -11.5926 |
| 0.7359 | -10.2975 | -11.3351 | -11.5543 |  -11.613 |
| 0.7392 | -10.3365 | -11.3605 | -11.5768 | -11.6333 |
| 0.7425 | -10.3753 | -11.3857 | -11.5992 | -11.6536 |
| 0.7459 | -10.4137 | -11.4108 | -11.6215 | -11.6738 |
| 0.7493 | -10.4518 | -11.4358 | -11.6437 | -11.6939 |
| 0.7527 | -10.4895 | -11.4607 | -11.6658 |  -11.714 |
| 0.7561 | -10.5269 | -11.4855 | -11.6879 | -11.7341 |
| 0.7595 | -10.5641 | -11.5101 | -11.7099 | -11.7541 |
| 0.7629 |  -10.601 | -11.5347 | -11.7318 |  -11.774 |
| 0.7664 | -10.6507 | -11.5612 | -11.7552 |  -11.792 |
| 0.7698 | -10.7216 | -11.5908 |  -11.781 | -11.8067 |
| 0.7733 | -10.7575 |  -11.615 | -11.8026 | -11.8265 |
| 0.7768 | -10.7931 | -11.6391 | -11.8242 | -11.8462 |
| 0.7803 | -10.8284 | -11.6631 | -11.8456 | -11.8659 |
| 0.7839 | -10.8634 | -11.6869 |  -11.867 | -11.8855 |
| 0.7874 | -10.8982 | -11.7106 | -11.8883 |  -11.905 |
|  0.791 | -10.9327 | -11.7342 | -11.9095 | -11.9245 |
| 0.7946 | -10.9669 | -11.7577 | -11.9307 |  -11.944 |
| 0.7981 |  -11.001 | -11.7811 | -11.9518 | -11.9634 |
| 0.8018 | -11.0348 | -11.8044 | -11.9728 | -11.9828 |
| 0.8054 | -11.0684 | -11.8276 | -11.9938 | -12.0022 |
|  0.809 | -11.1018 | -11.8508 | -12.0147 | -12.0215 |
| 0.8127 | -11.1351 | -11.8739 | -12.0356 | -12.0408 |
| 0.8164 | -11.1681 | -11.8968 | -12.0564 |   -12.06 |
| 0.8201 | -11.2009 | -11.9197 | -12.0771 | -12.0792 |
| 0.8238 | -11.2335 | -11.9424 | -12.0977 | -12.0984 |
| 0.8275 | -11.2659 | -11.9651 | -12.1183 | -12.1175 |
| 0.8312 |  -11.298 | -11.9876 | -12.1387 | -12.1365 |
|  0.835 | -11.3299 | -12.0101 | -12.1592 | -12.1556 |
| 0.8388 | -11.3616 | -12.0325 | -12.1795 | -12.1747 |
| 0.8426 |  -11.393 | -12.0548 | -12.1998 | -12.1937 |
| 0.8464 | -11.4243 |  -12.077 |   -12.22 | -12.2128 |
| 0.8502 | -11.4553 | -12.0992 | -12.2402 | -12.2318 |
| 0.8541 | -11.4861 | -12.1213 | -12.2604 | -12.2509 |
| 0.8579 | -11.5166 | -12.1433 | -12.2804 |   -12.27 |
| 0.8618 |  -11.547 | -12.1653 | -12.3005 | -12.2891 |
| 0.8657 | -11.5772 | -12.1872 | -12.3205 | -12.3082 |
| 0.8696 | -11.6072 |  -12.209 | -12.3405 | -12.3272 |
| 0.8736 |  -11.637 | -12.2308 | -12.3604 | -12.3463 |
| 0.8775 | -11.6666 | -12.2524 | -12.3803 | -12.3654 |
| 0.8815 |  -11.696 |  -12.274 | -12.4001 | -12.3845 |
| 0.8855 | -11.7252 | -12.2956 | -12.4199 | -12.4036 |
| 0.8895 | -11.7542 |  -12.317 | -12.4397 | -12.4226 |
| 0.8935 | -11.7831 | -12.3385 | -12.4594 | -12.4417 |
| 0.8975 | -11.8118 | -12.3598 | -12.4791 | -12.4608 |
| 0.9016 | -11.8404 | -12.3811 | -12.4988 | -12.4799 |
| 0.9057 |  -11.869 | -12.4023 | -12.5185 |  -12.499 |
| 0.9098 | -11.8974 | -12.4235 | -12.5381 | -12.5181 |
| 0.9139 | -11.9257 | -12.4446 | -12.5577 | -12.5371 |
|  0.918 | -11.9539 | -12.4657 | -12.5772 | -12.5561 |
| 0.9222 | -11.9821 | -12.4866 | -12.5968 | -12.5751 |
| 0.9264 | -12.0102 | -12.5076 | -12.6163 | -12.5941 |
| 0.9306 | -12.0383 | -12.5285 | -12.6357 |  -12.613 |
| 0.9348 | -12.0662 | -12.5493 | -12.6552 |  -12.632 |
|  0.939 | -12.0939 | -12.5701 | -12.6746 | -12.6509 |
| 0.9432 | -12.1214 | -12.5907 | -12.6939 | -12.6699 |
| 0.9475 | -12.1488 | -12.6114 | -12.7133 | -12.6888 |
| 0.9518 | -12.1808 | -12.6319 | -12.7328 |  -12.706 |
| 0.9561 |  -12.232 | -12.6522 |  -12.753 | -12.7159 |
| 0.9604 | -12.2631 | -12.6725 | -12.7723 |  -12.733 |
| 0.9648 | -12.2899 | -12.6928 | -12.7914 | -12.7519 |
| 0.9691 | -12.3164 |  -12.713 | -12.8104 | -12.7706 |
| 0.9735 | -12.3428 | -12.7331 | -12.8294 | -12.7893 |
| 0.9779 | -12.3691 | -12.7531 | -12.8483 |  -12.808 |
| 0.9824 | -12.3954 | -12.7731 | -12.8672 | -12.8267 |
| 0.9868 | -12.4215 |  -12.793 |  -12.886 | -12.8454 |
| 0.9913 | -12.4475 | -12.8129 | -12.9048 | -12.8641 |
| 0.9957 | -12.4735 | -12.8328 | -12.9236 | -12.8827 |
| 1.0003 | -12.4994 | -12.8527 | -12.9424 | -12.9014 |
| 1.0048 | -12.5252 | -12.8725 | -12.9612 |   -12.92 |
| 1.0093 | -12.5509 | -12.8923 | -12.9799 | -12.9386 |
| 1.0139 | -12.5766 |  -12.912 | -12.9986 | -12.9571 |
| 1.0185 | -12.6021 | -12.9317 | -13.0172 | -12.9756 |
| 1.0231 | -12.6275 | -12.9514 | -13.0358 | -12.9941 |
| 1.0277 | -12.6528 |  -12.971 | -13.0544 | -13.0126 |
| 1.0324 |  -12.678 | -12.9905 |  -13.073 |  -13.031 |
|  1.037 |  -12.703 |   -13.01 | -13.0914 | -13.0494 |
| 1.0417 |  -12.728 | -13.0295 | -13.1099 | -13.0678 |
| 1.0464 | -12.7528 | -13.0489 | -13.1283 | -13.0861 |
| 1.0512 | -12.7775 | -13.0682 | -13.1466 | -13.1043 |
| 1.0559 | -12.8021 | -13.0875 |  -13.165 | -13.1225 |
| 1.0607 | -12.8266 | -13.1067 | -13.1832 | -13.1407 |
| 1.0655 | -12.8509 | -13.1259 | -13.2014 | -13.1589 |
| 1.0703 | -12.8752 | -13.1451 | -13.2196 |  -13.177 |
| 1.0752 | -12.8993 | -13.1643 | -13.2378 | -13.1951 |
|   1.08 | -12.9234 | -13.1834 |  -13.256 | -13.2131 |
| 1.0849 | -12.9474 | -13.2025 | -13.2741 | -13.2312 |
| 1.0898 | -12.9712 | -13.2216 | -13.2922 | -13.2492 |
| 1.0948 |  -12.995 | -13.2406 | -13.3102 | -13.2672 |
| 1.0997 | -13.0186 | -13.2595 | -13.3282 | -13.2851 |
| 1.1047 | -13.0422 | -13.2785 | -13.3462 |  -13.303 |
| 1.1097 | -13.0657 | -13.2974 | -13.3642 | -13.3208 |
| 1.1147 | -13.0891 | -13.3162 |  -13.382 | -13.3387 |
| 1.1198 | -13.1124 | -13.3351 | -13.3999 | -13.3564 |
| 1.1248 | -13.1356 | -13.3539 | -13.4177 | -13.3742 |
| 1.1299 | -13.1588 | -13.3727 | -13.4356 | -13.3919 |
|  1.135 | -13.1818 | -13.3914 | -13.4534 | -13.4096 |
| 1.1402 | -13.2049 | -13.4102 | -13.4712 | -13.4273 |
| 1.1453 | -13.2279 | -13.4289 |  -13.489 | -13.4449 |
| 1.1505 | -13.2508 | -13.4476 | -13.5068 | -13.4625 |
| 1.1557 | -13.2762 |  -13.463 | -13.5229 | -13.4764 |
| 1.1609 | -13.3042 | -13.4748 | -13.5371 | -13.4865 |
| 1.1662 | -13.3269 | -13.4933 | -13.5548 | -13.5039 |
| 1.1715 | -13.3496 | -13.5117 | -13.5724 | -13.5212 |
| 1.1768 | -13.3722 | -13.5301 | -13.5899 | -13.5384 |
| 1.1821 | -13.3948 | -13.5485 | -13.6074 | -13.5556 |
| 1.1874 | -13.4174 | -13.5668 | -13.6249 | -13.5727 |
| 1.1928 | -13.4399 |  -13.585 | -13.6423 | -13.5898 |
| 1.1982 | -13.4624 | -13.6033 | -13.6597 | -13.6068 |
| 1.2036 | -13.4849 | -13.6215 | -13.6771 | -13.6238 |
| 1.2091 | -13.5074 | -13.6397 | -13.6945 | -13.6408 |
| 1.2145 | -13.5299 | -13.6579 | -13.7119 | -13.6577 |
|   1.22 | -13.5523 | -13.6761 | -13.7292 | -13.6746 |
| 1.2256 | -13.5748 | -13.6942 | -13.7466 | -13.6915 |
| 1.2311 | -13.5971 | -13.7124 |  -13.764 | -13.7084 |
| 1.2367 | -13.6194 | -13.7306 | -13.7813 | -13.7253 |
| 1.2423 | -13.6417 | -13.7487 | -13.7986 | -13.7422 |
| 1.2479 | -13.6638 | -13.7669 |  -13.816 | -13.7591 |
| 1.2535 | -13.6859 | -13.7851 | -13.8333 |  -13.776 |
| 1.2592 |  -13.708 | -13.8033 | -13.8506 | -13.7929 |
| 1.2649 | -13.7299 | -13.8215 | -13.8679 | -13.8098 |
| 1.2706 | -13.7517 | -13.8397 | -13.8852 | -13.8267 |
| 1.2764 | -13.7734 | -13.8579 | -13.9024 | -13.8436 |
| 1.2822 | -13.7951 | -13.8761 | -13.9197 | -13.8605 |
|  1.288 | -13.8166 | -13.8943 | -13.9369 | -13.8774 |
| 1.2938 |  -13.838 | -13.9125 | -13.9542 | -13.8943 |
| 1.2996 | -13.8594 | -13.9307 | -13.9714 | -13.9112 |
| 1.3055 | -13.8807 | -13.9489 | -13.9886 | -13.9281 |
| 1.3114 | -13.9018 | -13.9672 | -14.0058 |  -13.945 |
| 1.3174 |  -13.923 | -13.9854 |  -14.023 |  -13.962 |
| 1.3233 | -13.9441 | -14.0037 | -14.0402 | -13.9789 |
| 1.3293 | -13.9651 |  -14.022 | -14.0574 | -13.9958 |
| 1.3353 | -13.9862 | -14.0402 | -14.0746 | -14.0126 |
| 1.3414 | -14.0071 | -14.0585 | -14.0918 | -14.0295 |
| 1.3474 | -14.0281 | -14.0767 |  -14.109 | -14.0463 |
| 1.3535 |  -14.049 | -14.0949 | -14.1262 |  -14.063 |
| 1.3597 |   -14.07 |  -14.113 | -14.1433 | -14.0797 |
| 1.3658 | -14.0909 | -14.1312 | -14.1604 | -14.0964 |
|  1.372 | -14.1117 | -14.1492 | -14.1774 |  -14.113 |
| 1.3782 | -14.1325 | -14.1673 | -14.1945 | -14.1297 |
| 1.3844 | -14.1533 | -14.1854 | -14.2115 | -14.1463 |
| 1.3907 | -14.1741 | -14.2034 | -14.2285 |  -14.163 |
|  1.397 | -14.1948 | -14.2215 | -14.2455 | -14.1796 |
| 1.4033 | -14.2107 | -14.2245 | -14.2551 | -14.1848 |
| 1.4097 |  -14.231 | -14.2418 | -14.2716 | -14.2008 |
|  1.416 | -14.2515 | -14.2598 | -14.2885 | -14.2173 |
| 1.4224 | -14.2721 | -14.2777 | -14.3053 | -14.2338 |
| 1.4289 | -14.2926 | -14.2956 | -14.3221 | -14.2503 |
| 1.4353 | -14.3132 | -14.3134 | -14.3389 | -14.2667 |
| 1.4418 | -14.3337 | -14.3312 | -14.3556 | -14.2831 |
| 1.4484 | -14.3542 |  -14.349 | -14.3723 | -14.2994 |
| 1.4549 | -14.3748 | -14.3668 |  -14.389 | -14.3157 |
| 1.4615 | -14.3953 | -14.3845 | -14.4057 |  -14.332 |
| 1.4681 | -14.4158 | -14.4023 | -14.4225 | -14.3484 |
| 1.4748 | -14.4362 | -14.4201 | -14.4392 | -14.3649 |
| 1.4814 | -14.4566 |  -14.438 |  -14.456 | -14.3814 |
| 1.4881 | -14.4769 | -14.4559 | -14.4728 |  -14.398 |
| 1.4949 | -14.4971 | -14.4739 | -14.4896 | -14.4147 |
| 1.5016 | -14.5171 |  -14.492 | -14.5064 | -14.4315 |
| 1.5084 |  -14.537 | -14.5101 | -14.5233 | -14.4484 |
| 1.5152 | -14.5567 | -14.5283 | -14.5401 | -14.4653 |
| 1.5221 | -14.5762 | -14.5466 |  -14.557 | -14.4822 |
|  1.529 | -14.5956 | -14.5648 | -14.5738 | -14.4992 |
| 1.5359 | -14.6149 |  -14.583 | -14.5906 | -14.5161 |
| 1.5429 | -14.6341 | -14.6012 | -14.6073 | -14.5329 |
| 1.5498 | -14.6532 | -14.6193 |  -14.624 | -14.5497 |
| 1.5568 | -14.6722 | -14.6374 | -14.6406 | -14.5664 |
| 1.5639 | -14.6912 | -14.6553 | -14.6571 | -14.5829 |
|  1.571 | -14.7101 | -14.6731 | -14.6736 | -14.5993 |
| 1.5781 | -14.7289 | -14.6909 |   -14.69 | -14.6157 |
| 1.5852 | -14.7477 | -14.7086 | -14.7064 |  -14.632 |
| 1.5924 | -14.7666 | -14.7263 | -14.7228 | -14.6483 |
| 1.5996 | -14.7853 | -14.7439 | -14.7391 | -14.6645 |
| 1.6068 | -14.8041 | -14.7615 | -14.7555 | -14.6807 |
| 1.6141 | -14.8229 | -14.7791 | -14.7718 |  -14.697 |
| 1.6214 | -14.8415 | -14.7966 | -14.7881 | -14.7132 |
| 1.6287 | -14.8602 | -14.8141 | -14.8044 | -14.7294 |
| 1.6361 | -14.8788 | -14.8316 | -14.8207 | -14.7456 |
| 1.6435 | -14.8973 | -14.8491 |  -14.837 | -14.7618 |
| 1.6509 | -14.9159 | -14.8665 | -14.8533 | -14.7779 |
| 1.6584 | -14.9343 | -14.8839 | -14.8695 |  -14.794 |
| 1.6659 | -14.9527 | -14.9013 | -14.8858 | -14.8101 |
| 1.6735 | -14.9711 | -14.9187 |  -14.902 | -14.8261 |
|  1.681 | -14.9894 |  -14.936 | -14.9182 | -14.8421 |
| 1.6886 | -15.0076 | -14.9533 | -14.9343 |  -14.858 |
| 1.6963 | -15.0259 | -14.9706 | -14.9505 | -14.8739 |
|  1.704 |  -15.044 | -14.9878 | -14.9667 | -14.8898 |
| 1.7117 | -15.0603 | -15.0034 | -14.9815 | -14.9036 |
| 1.7194 | -15.0681 | -15.0113 | -14.9904 | -14.9077 |
| 1.7272 | -15.0857 | -15.0282 | -15.0062 | -14.9231 |
|  1.735 | -15.1036 | -15.0453 | -15.0222 | -14.9387 |
| 1.7429 | -15.1214 | -15.0623 | -15.0382 | -14.9542 |
| 1.7507 | -15.1392 | -15.0792 | -15.0542 | -14.9697 |
| 1.7587 |  -15.157 | -15.0961 | -15.0701 | -14.9852 |
| 1.7666 | -15.1747 |  -15.113 | -15.0859 | -15.0006 |
| 1.7746 | -15.1924 | -15.1298 | -15.1018 | -15.0159 |
| 1.7826 | -15.2101 | -15.1466 | -15.1176 | -15.0312 |
| 1.7907 | -15.2278 | -15.1633 | -15.1333 | -15.0464 |
| 1.7988 | -15.2455 | -15.1801 | -15.1491 | -15.0617 |
| 1.8069 | -15.2631 | -15.1969 | -15.1649 | -15.0769 |
| 1.8151 | -15.2808 | -15.2137 | -15.1807 | -15.0922 |
| 1.8233 | -15.2983 | -15.2304 | -15.1965 | -15.1074 |
| 1.8316 | -15.3159 | -15.2472 | -15.2123 | -15.1225 |
| 1.8399 | -15.3333 | -15.2639 |  -15.228 | -15.1376 |
| 1.8482 | -15.3507 | -15.2805 | -15.2437 | -15.1526 |
| 1.8566 | -15.3679 | -15.2971 | -15.2593 | -15.1676 |
|  1.865 | -15.3851 | -15.3136 | -15.2749 | -15.1825 |
| 1.8734 | -15.4021 |   -15.33 | -15.2904 | -15.1972 |
| 1.8819 |  -15.419 | -15.3464 | -15.3058 | -15.2119 |
| 1.8904 | -15.4358 | -15.3626 | -15.3211 | -15.2265 |
| 1.8989 | -15.4525 | -15.3788 | -15.3363 |  -15.241 |
| 1.9075 | -15.4691 |  -15.395 | -15.3515 | -15.2555 |
| 1.9162 | -15.4856 |  -15.411 | -15.3666 | -15.2699 |
| 1.9248 | -15.5019 |  -15.427 | -15.3817 | -15.2841 |
| 1.9335 | -15.5182 | -15.4429 | -15.3966 | -15.2983 |
| 1.9423 | -15.5343 | -15.4587 | -15.4115 | -15.3124 |
| 1.9511 | -15.5503 | -15.4745 | -15.4263 | -15.3264 |
| 1.9599 | -15.5662 | -15.4901 |  -15.441 | -15.3404 |
| 1.9688 | -15.5821 | -15.5057 | -15.4556 | -15.3543 |
| 1.9777 | -15.5979 | -15.5212 | -15.4702 |  -15.368 |
| 1.9866 | -15.6137 | -15.5367 | -15.4847 | -15.3818 |
| 1.9956 | -15.6294 |  -15.552 | -15.4991 | -15.3954 |
| 2.0046 | -15.6451 | -15.5673 | -15.5135 |  -15.409 |
| 2.0137 | -15.6607 | -15.5826 | -15.5277 | -15.4225 |
| 2.0228 | -15.6763 | -15.5977 |  -15.542 |  -15.436 |
|  2.032 | -15.6919 | -15.6129 | -15.5562 | -15.4495 |
| 2.0412 | -15.7075 |  -15.628 | -15.5703 |  -15.463 |
| 2.0504 | -15.7231 | -15.6431 | -15.5845 | -15.4764 |
| 2.0597 | -15.7387 | -15.6582 | -15.5987 | -15.4899 |
|  2.069 | -15.7543 | -15.6733 | -15.6128 | -15.5034 |
| 2.0784 |   -15.77 | -15.6884 |  -15.627 | -15.5168 |
| 2.0878 |  -15.778 | -15.6996 | -15.6366 | -15.5259 |
| 2.0972 | -15.7907 | -15.7132 | -15.6489 | -15.5377 |
| 2.1067 | -15.8063 | -15.7283 | -15.6631 | -15.5512 |
| 2.1162 |  -15.822 | -15.7434 | -15.6773 | -15.5647 |
| 2.1258 | -15.8377 | -15.7586 | -15.6915 | -15.5783 |
| 2.1354 | -15.8535 | -15.7737 | -15.7057 | -15.5918 |
| 2.1451 | -15.8693 | -15.7889 | -15.7199 | -15.6054 |
| 2.1548 | -15.8851 | -15.8041 | -15.7341 |  -15.619 |
| 2.1645 | -15.9009 | -15.8192 | -15.7484 | -15.6327 |
| 2.1743 | -15.9167 | -15.8344 | -15.7626 | -15.6463 |
| 2.1842 | -15.9324 | -15.8496 | -15.7769 | -15.6599 |
| 2.1941 | -15.9482 | -15.8648 | -15.7911 | -15.6736 |
|  2.204 | -15.9639 |   -15.88 | -15.8054 | -15.6872 |
|  2.214 | -15.9795 | -15.8951 | -15.8196 | -15.7007 |
|  2.224 |  -15.995 | -15.9102 | -15.8337 | -15.7142 |
|  2.234 | -16.0104 | -15.9252 | -15.8478 | -15.7275 |
| 2.2442 | -16.0255 |   -15.94 | -15.8617 | -15.7407 |
| 2.2543 | -16.0405 | -15.9547 | -15.8755 | -15.7537 |
| 2.2645 | -16.0552 | -15.9693 | -15.8891 | -15.7665 |
| 2.2748 | -16.0697 | -15.9837 | -15.9026 | -15.7792 |
|  2.285 | -16.0841 | -15.9979 | -15.9159 | -15.7917 |
| 2.2954 | -16.0983 |  -16.012 | -15.9291 |  -15.804 |
| 2.3058 | -16.1123 | -16.0259 | -15.9421 | -15.8162 |
| 2.3162 | -16.1262 | -16.0397 | -15.9549 | -15.8283 |
| 2.3267 | -16.1401 | -16.0533 | -15.9677 | -15.8402 |
| 2.3372 | -16.1539 | -16.0669 | -15.9804 | -15.8522 |
| 2.3478 | -16.1677 | -16.0805 |  -15.993 | -15.8641 |
| 2.3584 | -16.1814 | -16.0939 | -16.0055 | -15.8759 |
| 2.3691 | -16.1952 | -16.1074 | -16.0181 | -15.8878 |
| 2.3798 |  -16.209 | -16.1208 | -16.0305 | -15.8996 |
| 2.3906 | -16.2229 | -16.1342 |  -16.043 | -15.9115 |
| 2.4014 | -16.2368 | -16.1476 | -16.0556 | -15.9235 |
| 2.4122 | -16.2508 | -16.1611 | -16.0681 | -15.9355 |
| 2.4232 | -16.2648 | -16.1747 | -16.0807 | -15.9476 |
| 2.4341 | -16.2789 | -16.1883 | -16.0933 | -15.9597 |
| 2.4451 | -16.2931 | -16.2019 |  -16.106 | -15.9719 |
| 2.4562 | -16.3072 | -16.2155 | -16.1187 |  -15.984 |
| 2.4673 | -16.3212 |  -16.229 | -16.1313 | -15.9962 |
| 2.4785 | -16.3352 | -16.2425 | -16.1439 | -16.0083 |
| 2.4897 | -16.3491 |  -16.256 | -16.1565 | -16.0203 |
|  2.501 |  -16.363 | -16.2694 |  -16.169 | -16.0323 |
| 2.5123 | -16.3768 | -16.2828 | -16.1815 | -16.0443 |
| 2.5236 | -16.3902 |  -16.296 | -16.1937 | -16.0561 |
| 2.5351 | -16.3988 | -16.3065 | -16.2034 | -16.0655 |
| 2.5465 | -16.4126 | -16.3199 | -16.2159 | -16.0775 |
|  2.558 | -16.4265 | -16.3333 | -16.2284 | -16.0896 |
| 2.5696 | -16.4405 | -16.3467 |  -16.241 | -16.1017 |
| 2.5812 | -16.4544 | -16.3602 | -16.2536 | -16.1138 |
| 2.5929 | -16.4685 | -16.3737 | -16.2661 | -16.1259 |
| 2.6047 | -16.4825 | -16.3871 | -16.2787 |  -16.138 |
| 2.6164 | -16.4965 | -16.4005 | -16.2913 | -16.1502 |
| 2.6283 | -16.5105 |  -16.414 | -16.3039 | -16.1623 |
| 2.6402 | -16.5244 | -16.4274 | -16.3164 | -16.1745 |
| 2.6521 | -16.5383 | -16.4409 |  -16.329 | -16.1866 |
| 2.6641 | -16.5522 | -16.4543 | -16.3415 | -16.1987 |
| 2.6762 |  -16.566 | -16.4677 |  -16.354 | -16.2108 |
| 2.6883 | -16.5796 |  -16.481 | -16.3665 | -16.2227 |
| 2.7004 | -16.5931 | -16.4941 | -16.3788 | -16.2345 |
| 2.7127 | -16.6064 | -16.5072 |  -16.391 | -16.2462 |
| 2.7249 | -16.6195 | -16.5201 |  -16.403 | -16.2577 |
| 2.7373 | -16.6325 | -16.5328 | -16.4149 |  -16.269 |
| 2.7497 | -16.6452 | -16.5454 | -16.4266 | -16.2802 |
| 2.7621 | -16.6579 | -16.5579 | -16.4382 | -16.2912 |
| 2.7746 | -16.6703 | -16.5702 | -16.4497 | -16.3021 |
| 2.7871 | -16.6826 | -16.5824 |  -16.461 | -16.3129 |
| 2.7998 | -16.6948 | -16.5944 | -16.4723 | -16.3235 |
| 2.8124 | -16.7068 | -16.6063 | -16.4833 |  -16.334 |
| 2.8251 | -16.7187 | -16.6181 | -16.4943 | -16.3444 |
| 2.8379 | -16.7306 | -16.6298 | -16.5051 | -16.3547 |
| 2.8508 | -16.7424 | -16.6415 |  -16.516 |  -16.365 |
| 2.8637 | -16.7543 | -16.6531 | -16.5268 | -16.3753 |
| 2.8766 | -16.7663 | -16.6648 | -16.5376 | -16.3857 |
| 2.8896 | -16.7783 | -16.6764 | -16.5485 | -16.3961 |
| 2.9027 | -16.7903 | -16.6881 | -16.5593 | -16.4065 |
| 2.9158 | -16.8024 | -16.6997 | -16.5702 | -16.4169 |
|  2.929 | -16.8146 | -16.7115 | -16.5811 | -16.4274 |
| 2.9423 | -16.8269 | -16.7232 | -16.5921 |  -16.438 |
| 2.9556 | -16.8392 | -16.7351 | -16.6031 | -16.4487 |
|  2.969 | -16.8516 |  -16.747 | -16.6141 | -16.4594 |
| 2.9824 |  -16.864 | -16.7589 | -16.6252 | -16.4702 |
| 2.9959 | -16.8765 | -16.7708 | -16.6364 |  -16.481 |
| 3.0095 | -16.8889 | -16.7828 | -16.6475 | -16.4918 |
| 3.0231 | -16.9012 | -16.7947 | -16.6586 | -16.5026 |
| 3.0368 | -16.9112 | -16.8058 | -16.6692 | -16.5127 |
| 3.0505 | -16.9232 | -16.8175 | -16.6802 | -16.5233 |
| 3.0643 | -16.9356 | -16.8295 | -16.6913 | -16.5341 |
| 3.0782 |  -16.948 | -16.8414 | -16.7025 | -16.5449 |
| 3.0921 | -16.9605 | -16.8534 | -16.7136 | -16.5557 |
| 3.1061 | -16.9731 | -16.8654 | -16.7248 | -16.5666 |
| 3.1201 | -16.9856 | -16.8775 | -16.7361 | -16.5775 |
| 3.1343 | -16.9981 | -16.8895 | -16.7473 | -16.5884 |
| 3.1484 | -17.0105 | -16.9015 | -16.7585 | -16.5993 |
| 3.1627 |  -17.023 | -16.9136 | -16.7697 | -16.6102 |
|  3.177 | -17.0354 | -16.9256 | -16.7809 | -16.6211 |
| 3.1914 | -17.0476 | -16.9375 |  -16.792 | -16.6319 |
| 3.2058 | -17.0598 | -16.9494 | -16.8031 | -16.6426 |
| 3.2203 | -17.0719 | -16.9612 | -16.8141 | -16.6532 |
| 3.2349 | -17.0837 | -16.9729 |  -16.825 | -16.6637 |
| 3.2495 | -17.0954 | -16.9844 | -16.8357 | -16.6739 |
| 3.2642 | -17.1069 | -16.9958 | -16.8462 |  -16.684 |
|  3.279 | -17.1183 |  -17.007 | -16.8566 |  -16.694 |
| 3.2938 | -17.1294 | -17.0181 | -16.8669 | -16.7037 |
| 3.3087 | -17.1404 |  -17.029 |  -16.877 | -16.7134 |
| 3.3237 | -17.1513 | -17.0398 |  -16.887 | -16.7228 |
| 3.3387 |  -17.162 | -17.0504 | -16.8969 | -16.7322 |
| 3.3538 | -17.1726 |  -17.061 | -16.9066 | -16.7414 |
|  3.369 | -17.1831 | -17.0714 | -16.9163 | -16.7505 |
| 3.3843 | -17.1935 | -17.0817 | -16.9258 | -16.7595 |
| 3.3996 | -17.2038 | -17.0919 | -16.9353 | -16.7685 |
|  3.415 | -17.2142 | -17.1021 | -16.9447 | -16.7775 |
| 3.4304 | -17.2247 | -17.1124 | -16.9543 | -16.7865 |
| 3.4459 | -17.2352 | -17.1228 | -16.9638 | -16.7957 |
| 3.4615 | -17.2459 | -17.1331 | -16.9735 | -16.8049 |
| 3.4772 | -17.2567 | -17.1436 | -16.9832 | -16.8141 |
| 3.4929 | -17.2675 |  -17.154 | -16.9929 | -16.8235 |
| 3.5087 | -17.2785 | -17.1646 | -17.0027 | -16.8329 |
| 3.5246 | -17.2895 | -17.1752 | -17.0126 | -16.8425 |
| 3.5405 | -17.3004 | -17.1865 | -17.0233 | -16.8523 |
| 3.5566 | -17.3112 | -17.1983 | -17.0344 | -16.8625 |
| 3.5727 | -17.3225 | -17.2092 | -17.0446 | -16.8723 |
| 3.5888 | -17.3339 | -17.2202 | -17.0549 | -16.8823 |
| 3.6051 | -17.3453 | -17.2313 | -17.0652 | -16.8923 |
| 3.6214 | -17.3568 | -17.2424 | -17.0756 | -16.9023 |
| 3.6377 | -17.3683 | -17.2534 | -17.0859 | -16.9124 |
| 3.6542 | -17.3797 | -17.2645 | -17.0963 | -16.9224 |
| 3.6707 | -17.3911 | -17.2755 | -17.1066 | -16.9324 |
| 3.6874 | -17.4024 | -17.2865 | -17.1168 | -16.9423 |
|  3.704 | -17.4136 | -17.2975 |  -17.127 | -16.9522 |
| 3.7208 | -17.4247 | -17.3084 | -17.1372 | -16.9619 |
| 3.7376 | -17.4357 | -17.3191 | -17.1472 | -16.9716 |
| 3.7545 | -17.4465 | -17.3298 | -17.1572 | -16.9812 |
| 3.7715 | -17.4571 | -17.3404 | -17.1669 | -16.9905 |
| 3.7886 | -17.4676 | -17.3507 | -17.1766 | -16.9997 |
| 3.8057 |  -17.478 |  -17.361 |  -17.186 | -17.0088 |
|  3.823 | -17.4882 |  -17.371 | -17.1954 | -17.0177 |
| 3.8403 | -17.4982 |  -17.381 | -17.2045 | -17.0264 |
| 3.8576 | -17.5081 | -17.3908 | -17.2136 |  -17.035 |
| 3.8751 | -17.5179 | -17.4004 | -17.2225 | -17.0435 |
| 3.8926 | -17.5276 |   -17.41 | -17.2314 | -17.0518 |
| 3.9102 | -17.5372 | -17.4195 | -17.2401 | -17.0601 |
| 3.9279 | -17.5467 | -17.4289 | -17.2488 | -17.0682 |
| 3.9457 |  -17.556 | -17.4381 | -17.2573 | -17.0763 |
| 3.9635 | -17.5654 | -17.4473 | -17.2658 | -17.0843 |
| 3.9815 | -17.5747 | -17.4565 | -17.2743 | -17.0923 |
| 3.9995 | -17.5841 | -17.4657 | -17.2829 | -17.1003 |
| 4.0176 | -17.5936 | -17.4751 | -17.2915 | -17.1085 |
| 4.0358 | -17.6033 | -17.4845 | -17.3003 | -17.1168 |
|  4.054 |  -17.613 |  -17.494 | -17.3092 | -17.1252 |
| 4.0724 | -17.6229 | -17.5036 | -17.3182 | -17.1337 |
| 4.0908 | -17.6329 | -17.5133 | -17.3272 | -17.1423 |
| 4.1093 | -17.6429 |  -17.523 | -17.3364 | -17.1509 |
| 4.1279 |  -17.653 | -17.5329 | -17.3456 | -17.1597 |
| 4.1466 | -17.6631 | -17.5427 | -17.3549 | -17.1685 |
| 4.1653 | -17.6733 | -17.5526 | -17.3642 | -17.1774 |
| 4.1842 | -17.6834 | -17.5626 | -17.3735 | -17.1863 |
| 4.2031 | -17.6935 | -17.5725 | -17.3828 | -17.1952 |
| 4.2221 | -17.7041 | -17.5864 |  -17.396 | -17.2054 |
| 4.2412 | -17.7144 | -17.5983 | -17.4072 | -17.2149 |
| 4.2604 | -17.7245 | -17.6083 | -17.4167 | -17.2238 |
| 4.2797 | -17.7348 | -17.6184 | -17.4262 | -17.2329 |
| 4.2991 | -17.7451 | -17.6286 | -17.4358 |  -17.242 |
| 4.3185 | -17.7555 | -17.6389 | -17.4455 | -17.2511 |
| 4.3381 | -17.7659 | -17.6491 | -17.4552 | -17.2603 |
| 4.3577 | -17.7762 | -17.6594 | -17.4648 | -17.2694 |
| 4.3774 | -17.7865 | -17.6696 | -17.4744 | -17.2785 |
| 4.3972 | -17.7967 | -17.6797 | -17.4839 | -17.2874 |
| 4.4171 | -17.8067 | -17.6897 | -17.4933 | -17.2963 |
| 4.4371 | -17.8166 | -17.6996 | -17.5025 |  -17.305 |
| 4.4572 | -17.8264 | -17.7094 | -17.5115 | -17.3136 |
| 4.4773 |  -17.836 | -17.7189 | -17.5203 | -17.3219 |
| 4.4976 | -17.8454 | -17.7283 | -17.5289 | -17.3301 |
| 4.5179 | -17.8546 | -17.7374 | -17.5373 | -17.3381 |
| 4.5384 | -17.8637 | -17.7463 | -17.5454 | -17.3458 |
| 4.5589 | -17.8726 | -17.7551 | -17.5533 | -17.3534 |
| 4.5795 | -17.8813 | -17.7636 | -17.5611 | -17.3608 |
| 4.6003 | -17.8899 |  -17.772 | -17.5687 | -17.3681 |
| 4.6211 | -17.8984 | -17.7802 | -17.5761 | -17.3752 |
|  4.642 | -17.9067 | -17.7883 | -17.5834 | -17.3822 |
|  4.663 | -17.9149 | -17.7963 | -17.5906 | -17.3891 |
| 4.6841 |  -17.923 | -17.8042 | -17.5978 | -17.3958 |
| 4.7053 |  -17.931 |  -17.812 | -17.6049 | -17.4025 |
| 4.7266 |  -17.939 | -17.8197 | -17.6119 | -17.4092 |
|  4.748 | -17.9469 | -17.8276 | -17.6191 | -17.4159 |
| 4.7694 | -17.9551 | -17.8355 | -17.6265 | -17.4228 |
|  4.791 | -17.9634 | -17.8437 | -17.6341 | -17.4299 |
| 4.8127 | -17.9719 |  -17.852 |  -17.642 | -17.4371 |
| 4.8345 | -17.9805 | -17.8605 |   -17.65 | -17.4445 |
| 4.8563 | -17.9892 | -17.8692 | -17.6583 | -17.4521 |
| 4.8783 | -17.9981 |  -17.878 | -17.6667 | -17.4599 |
| 4.9004 | -18.0071 |  -17.887 | -17.6753 | -17.4678 |
| 4.9226 | -18.0161 | -17.8961 |  -17.684 | -17.4758 |
| 4.9448 | -18.0252 | -17.9053 | -17.6928 | -17.4839 |
| 4.9672 | -18.0343 | -17.9145 | -17.7017 |  -17.492 |
| 4.9897 | -18.0433 | -17.9237 | -17.7105 | -17.5001 |
| 5.0123 | -18.0523 | -17.9328 | -17.7193 | -17.5082 |
| 5.0349 | -18.0613 | -17.9419 | -17.7281 | -17.5163 |
| 5.0577 | -18.0702 |  -17.951 | -17.7367 | -17.5243 |
| 5.0806 | -18.0791 | -17.9599 | -17.7453 | -17.5322 |
| 5.1036 | -18.0879 | -17.9689 | -17.7538 | -17.5402 |
| 5.1267 | -18.0967 | -17.9778 | -17.7623 | -17.5481 |
| 5.1499 | -18.1055 | -17.9866 | -17.7708 | -17.5559 |
| 5.1732 | -18.1141 | -18.0021 | -17.7871 | -17.5662 |
| 5.1966 | -18.1228 | -18.0142 | -17.7994 | -17.5753 |
| 5.2201 | -18.1317 | -18.0234 | -17.8083 | -17.5834 |
| 5.2437 | -18.1409 | -18.0329 | -17.8175 | -17.5917 |
| 5.2674 | -18.1503 | -18.0426 |  -17.827 | -17.6001 |
| 5.2913 | -18.1597 | -18.0524 | -17.8365 | -17.6086 |
| 5.3152 | -18.1692 | -18.0622 |  -17.846 | -17.6171 |
| 5.3393 | -18.1786 |  -18.072 | -17.8554 | -17.6256 |
| 5.3634 | -18.1879 | -18.0816 | -17.8646 | -17.6339 |
| 5.3877 | -18.1969 | -18.0911 | -17.8735 |  -17.642 |
| 5.4121 | -18.2058 | -18.1003 | -17.8821 | -17.6499 |
| 5.4365 | -18.2143 | -18.1091 | -17.8902 | -17.6574 |
| 5.4611 | -18.2225 | -18.1174 | -17.8977 | -17.6646 |
| 5.4859 | -18.2303 | -18.1253 | -17.9046 | -17.6713 |
| 5.5107 | -18.2379 | -18.1327 |  -17.911 | -17.6777 |
| 5.5356 | -18.2451 | -18.1397 |  -17.917 | -17.6837 |
| 5.5607 | -18.2521 | -18.1463 | -17.9225 | -17.6895 |
| 5.5858 | -18.2588 | -18.1527 | -17.9277 | -17.6949 |
| 5.6111 | -18.2652 | -18.1586 | -17.9326 |    -17.7 |
| 5.6365 | -18.2714 | -18.1644 | -17.9372 | -17.7049 |
|  5.662 | -18.2773 | -18.1699 | -17.9418 | -17.7097 |
| 5.6876 | -18.2834 | -18.1756 | -17.9467 | -17.7145 |
| 5.7133 | -18.2897 | -18.1817 | -17.9521 | -17.7197 |
| 5.7392 | -18.2962 | -18.1881 |  -17.958 | -17.7251 |
| 5.7652 |  -18.303 | -18.1948 | -17.9645 | -17.7309 |
| 5.7912 | -18.3099 |  -18.202 | -17.9714 |  -17.737 |
| 5.8174 | -18.3171 | -18.2094 | -17.9789 | -17.7434 |
| 5.8438 | -18.3244 | -18.2173 | -17.9868 | -17.7501 |
| 5.8702 | -18.3319 | -18.2254 |  -17.995 | -17.7571 |
| 5.8968 | -18.3395 | -18.2337 | -18.0036 | -17.7642 |
| 5.9234 | -18.3472 | -18.2421 | -18.0122 | -17.7716 |
| 5.9502 |  -18.354 | -18.2538 | -18.0254 | -17.7811 |
| 5.9772 | -18.3609 | -18.2656 | -18.0387 | -17.7907 |
| 6.0042 | -18.3688 | -18.2743 | -18.0478 | -17.7985 |
| 6.0314 |  -18.377 | -18.2833 | -18.0572 | -17.8066 |
| 6.0587 | -18.3854 | -18.2925 | -18.0668 | -17.8148 |
| 6.0861 | -18.3938 | -18.3018 | -18.0764 | -17.8232 |
| 6.1136 | -18.4021 | -18.3111 | -18.0858 | -17.8315 |
| 6.1413 | -18.4103 | -18.3202 |  -18.095 | -17.8396 |
| 6.1691 | -18.4183 |  -18.329 | -18.1038 | -17.8475 |
|  6.197 | -18.4261 | -18.3376 | -18.1121 | -17.8551 |
|  6.225 | -18.4335 | -18.3458 | -18.1199 | -17.8623 |
| 6.2532 | -18.4407 | -18.3535 |  -18.127 | -17.8691 |
| 6.2815 | -18.4475 | -18.3607 | -18.1336 | -17.8754 |
| 6.3099 | -18.4541 | -18.3675 | -18.1396 | -17.8815 |
| 6.3384 | -18.4605 |  -18.374 | -18.1451 | -17.8871 |
| 6.3671 | -18.4667 | -18.3801 | -18.1503 | -17.8925 |
| 6.3959 | -18.4727 | -18.3859 | -18.1551 | -17.8976 |
| 6.4249 | -18.4786 | -18.3916 | -18.1599 | -17.9026 |
| 6.4539 | -18.4845 | -18.3974 |  -18.165 | -17.9076 |
| 6.4831 |  -18.489 | -18.4069 | -18.1754 | -17.9157 |
| 6.5125 | -18.4953 | -18.4134 | -18.1817 | -17.9213 |
| 6.5419 | -18.5019 | -18.4204 | -18.1887 | -17.9273 |
| 6.5715 | -18.5087 | -18.4279 | -18.1964 | -17.9337 |
| 6.6013 | -18.5156 | -18.4357 | -18.2045 | -17.9404 |
| 6.6311 | -18.5225 | -18.4436 | -18.2129 | -17.9472 |
| 6.6611 | -18.5293 | -18.4517 | -18.2213 | -17.9541 |
| 6.6913 | -18.5359 | -18.4595 | -18.2295 | -17.9609 |
| 6.7216 | -18.5423 | -18.4671 | -18.2374 | -17.9675 |
|  6.752 | -18.5485 | -18.4744 | -18.2447 |  -17.974 |
| 6.7825 | -18.5545 | -18.4812 | -18.2516 | -17.9802 |
| 6.8132 | -18.5604 | -18.4877 | -18.2579 | -17.9861 |
|  6.844 | -18.5663 | -18.4941 | -18.2641 | -17.9921 |
|  6.875 | -18.5725 | -18.5006 | -18.2706 | -17.9982 |
| 6.9061 | -18.5787 | -18.5072 | -18.2772 | -18.0045 |
| 6.9374 |  -18.585 | -18.5139 |  -18.284 | -18.0108 |
| 6.9687 | -18.5913 | -18.5206 | -18.2909 |  -18.017 |
| 7.0003 | -18.5974 | -18.5273 | -18.2978 | -18.0232 |
| 7.0319 | -18.6033 | -18.5339 | -18.3047 | -18.0292 |
| 7.0638 |  -18.609 | -18.5404 | -18.3116 | -18.0351 |
| 7.0957 | -18.6146 |  -18.547 | -18.3186 |  -18.041 |
| 7.1278 | -18.6201 | -18.5536 | -18.3256 | -18.0468 |
| 7.1601 | -18.6256 | -18.5602 | -18.3327 | -18.0527 |
| 7.1925 | -18.6311 | -18.5669 | -18.3399 | -18.0587 |
|  7.225 | -18.6367 | -18.5736 | -18.3472 | -18.0648 |
| 7.2577 | -18.6423 | -18.5804 | -18.3545 |  -18.071 |
| 7.2905 |  -18.648 | -18.5873 |  -18.362 | -18.0774 |
| 7.3235 | -18.6533 | -18.5952 | -18.3707 | -18.0847 |
| 7.3567 | -18.6571 | -18.6063 |  -18.383 | -18.0945 |
|   7.39 |  -18.663 | -18.6134 | -18.3907 | -18.1012 |
| 7.4234 |  -18.669 | -18.6206 | -18.3985 | -18.1081 |
|  7.457 | -18.6751 | -18.6278 | -18.4063 | -18.1149 |
| 7.4907 |  -18.681 | -18.6351 | -18.4141 | -18.1218 |
| 7.5246 |  -18.687 | -18.6423 | -18.4219 | -18.1286 |
| 7.5587 | -18.6929 | -18.6495 | -18.4297 | -18.1354 |
| 7.5929 | -18.6988 | -18.6567 | -18.4373 | -18.1421 |
| 7.6272 | -18.7047 | -18.6638 | -18.4449 | -18.1488 |
| 7.6617 | -18.7105 | -18.6708 | -18.4523 | -18.1554 |
| 7.6964 | -18.7163 | -18.6778 | -18.4596 |  -18.162 |
| 7.7312 |  -18.722 | -18.6847 | -18.4668 | -18.1685 |
| 7.7662 | -18.7277 | -18.6915 | -18.4739 | -18.1749 |
| 7.8013 | -18.7334 | -18.6982 | -18.4809 | -18.1812 |
| 7.8366 |  -18.739 | -18.7049 | -18.4878 | -18.1875 |
| 7.8721 | -18.7446 | -18.7114 | -18.4946 | -18.1937 |
| 7.9077 |   -18.75 | -18.7178 | -18.5013 | -18.1998 |
| 7.9435 | -18.7554 |  -18.724 | -18.5077 | -18.2058 |
| 7.9794 | -18.7605 |   -18.73 |  -18.514 | -18.2115 |
| 8.0155 | -18.7655 | -18.7359 | -18.5202 | -18.2171 |
| 8.0518 | -18.7702 | -18.7415 | -18.5261 | -18.2226 |
| 8.0882 | -18.7748 | -18.7469 | -18.5319 | -18.2279 |
| 8.1248 | -18.7793 | -18.7523 | -18.5377 | -18.2331 |
| 8.1616 | -18.7836 | -18.7575 | -18.5433 | -18.2382 |
| 8.1985 | -18.7879 | -18.7628 | -18.5491 | -18.2433 |
| 8.2356 | -18.7922 | -18.7681 | -18.5551 | -18.2485 |
| 8.2729 | -18.7964 | -18.7734 | -18.5612 | -18.2538 |
| 8.3103 | -18.8005 | -18.7788 | -18.5674 | -18.2591 |
| 8.3479 | -18.8047 | -18.7842 | -18.5738 | -18.2645 |
| 8.3857 | -18.8089 | -18.7897 | -18.5802 |   -18.27 |
| 8.4236 |  -18.813 | -18.7953 | -18.5868 | -18.2756 |
| 8.4617 | -18.8166 | -18.8018 | -18.5939 | -18.2817 |
|    8.5 | -18.8178 | -18.8126 | -18.6035 | -18.2902 |
| 8.5385 | -18.8219 | -18.8184 | -18.6104 | -18.2961 |
| 8.5771 | -18.8262 | -18.8245 | -18.6175 | -18.3022 |
| 8.6159 | -18.8307 | -18.8308 | -18.6248 | -18.3085 |
| 8.6549 | -18.8353 | -18.8372 | -18.6323 |  -18.315 |
| 8.6941 | -18.8399 | -18.8438 | -18.6398 | -18.3216 |
| 8.7334 | -18.8446 | -18.8503 | -18.6474 | -18.3282 |
| 8.7729 | -18.8492 | -18.8568 | -18.6548 | -18.3348 |
| 8.8126 | -18.8538 | -18.8632 | -18.6621 | -18.3414 |
| 8.8525 | -18.8583 | -18.8695 | -18.6692 | -18.3479 |
| 8.8925 | -18.8627 | -18.8756 | -18.6762 | -18.3543 |
| 8.9328 | -18.8672 | -18.8815 | -18.6831 | -18.3607 |
| 8.9732 | -18.8715 | -18.8873 | -18.6898 |  -18.367 |
| 9.0138 | -18.8758 | -18.8929 | -18.6964 | -18.3731 |
| 9.0546 | -18.8801 | -18.8984 | -18.7029 | -18.3792 |
| 9.0955 | -18.8842 | -18.9036 | -18.7091 |  -18.385 |
| 9.1367 | -18.8883 | -18.9086 | -18.7152 | -18.3906 |
|  9.178 | -18.8922 | -18.9133 | -18.7209 |  -18.396 |
| 9.2196 | -18.8958 | -18.9176 | -18.7263 |  -18.401 |
| 9.2613 | -18.8991 | -18.9217 | -18.7315 | -18.4058 |
| 9.3032 | -18.9022 | -18.9256 | -18.7365 | -18.4104 |
| 9.3453 | -18.9053 | -18.9296 | -18.7417 | -18.4149 |
| 9.3875 | -18.9083 | -18.9336 | -18.7469 | -18.4195 |
|   9.43 | -18.9086 | -18.9422 | -18.7534 | -18.4247 |
| 9.4727 | -18.9116 | -18.9465 | -18.7589 | -18.4294 |
| 9.5155 | -18.9144 |  -18.951 | -18.7647 | -18.4342 |
| 9.5586 | -18.9172 | -18.9557 | -18.7705 |  -18.439 |
| 9.6018 | -18.9199 | -18.9604 | -18.7764 |  -18.444 |
| 9.6453 | -18.9226 | -18.9653 | -18.7824 |  -18.449 |
| 9.6889 | -18.9252 | -18.9702 | -18.7885 | -18.4543 |
| 9.7328 | -18.9278 | -18.9751 | -18.7948 | -18.4597 |
| 9.7768 | -18.9305 | -18.9801 | -18.8011 | -18.4653 |
|  9.821 | -18.9332 | -18.9851 | -18.8076 |  -18.471 |
| 9.8655 | -18.9359 | -18.9901 | -18.8142 |  -18.477 |
| 9.9101 | -18.9386 |  -18.995 | -18.8208 |  -18.483 |
|  9.955 | -18.9414 | -18.9998 | -18.8275 | -18.4891 |
|   10.0 | -18.9442 | -19.0045 |  -18.834 | -18.4952 |
