wave flux
4003.515 7.320320290203536e-13
4007.844 7.313095152992321e-13
4012.172 7.304158995542775e-13
4016.501 7.293563038139986e-13
4020.83 7.281364510166115e-13
4025.159 7.267618772025419e-13
4029.488 7.252381184122161e-13
4033.817 7.235707106860597e-13
4038.146 7.217651900644979e-13
4042.475 7.198270925879579e-13
4046.805 7.177614629992471e-13
4051.134 7.155747925059563e-13
4055.464 7.132716096769676e-13
4059.794 7.1085794568769e-13
4064.124 7.083393404159157e-13
4068.454 7.057213337394361e-13
4072.784 7.03009465536044e-13
4077.114 7.002092756835309e-13
4081.445 6.973256291116975e-13
4085.775 6.943653983954007e-13
4090.106 6.913327588728375e-13
4094.437 6.882339292089308e-13
4098.768 6.850744531206109e-13
4103.099 6.818598743248094e-13
4107.43 6.785957365384569e-13
4111.761 6.752875834784847e-13
4116.092 6.719409588618243e-13
4120.424 6.685606227130404e-13
4124.755 6.651536804511291e-13
4129.087 6.617241052847741e-13
4133.419 6.582782284641846e-13
4137.75 6.54822396291011e-13
4142.082 6.513605593972063e-13
4146.415 6.478982636554352e-13
4150.747 6.444426557963363e-13
4155.079 6.409984840722193e-13
4159.412 6.375705072956812e-13
4163.744 6.341658563566234e-13
4168.077 6.307885097269573e-13
4172.41 6.274448075524581e-13
4176.743 6.241403012336533e-13
4181.076 6.208805421710742e-13
4185.409 6.176710817652489e-13
4189.742 6.145174714167058e-13
4194.076 6.114245563985884e-13
4198.409 6.083993164587918e-13
4202.743 6.054459094022003e-13
4207.076 6.025712505983257e-13
4211.41 5.997795673563849e-13
4215.744 5.97077087578223e-13
4220.078 5.94469366508829e-13
4224.413 5.919613928527741e-13
4228.747 5.895596332970897e-13
4233.081 5.872618350338959e-13
4237.416 5.850580593686173e-13
4241.751 5.82938992143389e-13
4246.085 5.808952410425108e-13
4250.42 5.7891600883361e-13
4254.755 5.769919193314533e-13
4259.09 5.751131165337421e-13
4263.426 5.732693225375719e-13
4267.761 5.714515299043863e-13
4272.096 5.696494536951646e-13
4276.432 5.678528234736123e-13
4280.768 5.660521935531731e-13
4285.104 5.642377011092122e-13
4289.439 5.623999107534887e-13
4293.775 5.605282394845668e-13
4298.112 5.586174917312583e-13
4302.448 5.566691266461979e-13
4306.784 5.546836524434166e-13
4311.121 5.526615431014654e-13
4315.457 5.506046756163907e-13
4319.794 5.485130460428685e-13
4324.131 5.463880697005458e-13
4328.468 5.442306915652787e-13
4332.805 5.420418566129216e-13
4337.142 5.398225098193307e-13
4341.48 5.375730742822424e-13
4345.817 5.352955322432494e-13
4350.155 5.329897788658256e-13
4354.492 5.306578223564506e-13
4358.83 5.282995327854595e-13
4363.168 5.259163904251689e-13
4367.506 5.235093409052452e-13
4371.844 5.210793298553563e-13
4376.182 5.186273029051686e-13
4380.521 5.161536332271185e-13
4384.859 5.136604068352008e-13
4389.198 5.11147420349495e-13
4393.536 5.08616777906516e-13
4397.875 5.060682588759736e-13
4402.214 5.035033908421255e-13
4406.553 5.009231200887523e-13
4410.892 4.983285537675468e-13
4415.232 4.957211371591304e-13
4419.571 4.931044601335034e-13
4423.911 4.904797060726719e-13
4428.25 4.878504733085079e-13
4432.59 4.852179394356295e-13
4436.93 4.825850998743031e-13
4441.27 4.799543445852709e-13
4445.61 4.77328063529276e-13
4449.95 4.747086466670599e-13
4454.29 4.720984839593657e-13
4458.631 4.694993681553541e-13
4462.971 4.669148871479942e-13
4467.312 4.643462410862901e-13
4471.653 4.617964187949937e-13
4475.994 4.592678118872753e-13
4480.335 4.567628119763037e-13
4484.676 4.542838106752494e-13
4489.017 4.518331995972824e-13
4493.358 4.4941337035557183e-13
4497.7 4.4702616877481383e-13
4502.041 4.446749379481553e-13
4506.383 4.4235905900477827e-13
4510.725 4.400783685885256e-13
4515.067 4.378321368062694e-13
4519.409 4.3561963376487974e-13
4523.751 4.334401295712269e-13
4528.093 4.312928943321825e-13
4532.436 4.2917671446820575e-13
4536.778 4.270918344705365e-13
4541.121 4.2503656375012654e-13
4545.463 4.2301111874887477e-13
4549.806 4.2101383625451564e-13
4554.149 4.1904445569936176e-13
4558.492 4.1710224668586674e-13
4562.836 4.1518604068896635e-13
4567.179 4.132959894020805e-13
4571.522 4.1143091829603256e-13
4575.866 4.09589675850275e-13
4580.21 4.077719634541919e-13
4584.553 4.059774608317015e-13
4588.897 4.0420461297096124e-13
4593.241 4.024532314821625e-13
4597.585 4.007229031713883e-13
4601.93 3.990128398052861e-13
4606.274 3.9732343143844105e-13
4610.618 3.956538851281044e-13
4614.963 3.9400342622176696e-13
4619.308 3.9237204404045343e-13
4623.652 3.907597103441975e-13
4627.997 3.891652855981612e-13
4632.342 3.875887458157371e-13
4636.688 3.860293368797939e-13
4641.033 3.844873790593655e-13
4645.378 3.829621142582673e-13
4649.724 3.8145279974876434e-13
4654.069 3.7995973274677224e-13
4658.415 3.7848182851233e-13
4662.761 3.770190349302387e-13
4667.107 3.7557095444184885e-13
4671.453 3.7413718948850993e-13
4675.799 3.7271734251157257e-13
4680.145 3.7131101595238605e-13
4684.492 3.6991749316041755e-13
4688.838 3.6853701764308377e-13
4693.185 3.6716855635794496e-13
4697.532 3.6581203056374144e-13
4701.879 3.6446704242732903e-13
4706.226 3.6313319411556376e-13
4710.573 3.6181008779530176e-13
4714.92 3.6049732563339947e-13
4719.267 3.591945097967127e-13
4723.615 3.579009460121031e-13
4727.963 3.566165370054473e-13
4732.31 3.553412602515233e-13
4736.658 3.540751691574184e-13
4741.006 3.5281980880672767e-13
4745.354 3.5157643983236535e-13
4749.702 3.5034632286724577e-13
4754.05 3.4913071854428356e-13
4758.399 3.479306134572391e-13
4762.747 3.4674782037997673e-13
4767.096 3.4558305651064845e-13
4771.445 3.4443785739132393e-13
4775.793 3.433137405703964e-13
4780.142 3.422114502360159e-13
4784.492 3.411322635625374e-13
4788.841 3.4007793847239213e-13
4793.19 3.3904948564683276e-13
4797.539 3.3804816658877523e-13
4801.889 3.3707502245111496e-13
4806.239 3.3613154900625855e-13
4810.588 3.352183793948344e-13
4814.938 3.3433240904603347e-13
4819.288 3.3347044214368987e-13
4823.638 3.326290694872286e-13
4827.989 3.3180469412207415e-13
4832.339 3.3099428513056303e-13
4836.689 3.301942419994863e-13
4841.04 3.2940097374800893e-13
4845.391 3.2861125380293537e-13
4849.742 3.278216706119776e-13
4854.092 3.270289954846738e-13
4858.443 3.2622945307377503e-13
4862.795 3.254196260409206e-13
4867.146 3.245964743435472e-13
4871.497 3.237564016388497e-13
4875.849 3.2289579602715907e-13
4880.2 3.220116408016557e-13
4884.552 3.211001162962103e-13
4888.904 3.201580089531216e-13
4893.256 3.1918190486730737e-13
4897.608 3.181683901336849e-13
4901.96 3.1711405084717165e-13
4906.313 3.160161339730654e-13
4910.665 3.1487657546114154e-13
4915.017 3.1369760896128277e-13
4919.37 3.124814319117097e-13
4923.723 3.1123079337058035e-13
4928.076 3.0994817592742695e-13
4932.429 3.086360621717822e-13
4936.782 3.0729693469317823e-13
4941.135 3.0593327608114774e-13
4945.488 3.0454756892522285e-13
4949.842 3.031419709285317e-13
4954.196 3.017192822876806e-13
4958.549 3.002823188994727e-13
4962.903 2.9883290437182357e-13
4967.257 2.9737385153206494e-13
4971.611 2.9590764468107246e-13
4975.965 2.9443676811972266e-13
4980.319 2.929637061488917e-13
4984.674 2.914906050388604e-13
4989.028 2.9002062607627746e-13
4993.383 2.8855557956697665e-13
4997.738 2.8709828955455945e-13
5002.092 2.856515729588154e-13
5006.447 2.842172507710923e-13
5010.802 2.827981425484313e-13
5015.158 2.8139641473385723e-13
5019.513 2.8001519740095505e-13
5023.868 2.786566526429746e-13
5028.224 2.7732296337877087e-13
5032.58 2.760169319836314e-13
5036.935 2.7474133543680916e-13
5041.291 2.7349807518050127e-13
5045.647 2.722899353999232e-13
5050.003 2.711194038209978e-13
5054.36 2.699887134512003e-13
5058.716 2.689008715148276e-13
5063.072 2.6785810152897984e-13
5067.429 2.668619094094434e-13
5071.786 2.659109374615922e-13
5076.142 2.650028725667119e-13
5080.499 2.6413478138137206e-13
5084.856 2.63304360274127e-13
5089.214 2.6250891366212423e-13
5093.571 2.61746289216407e-13
5097.928 2.6101378357481563e-13
5102.286 2.603087210277341e-13
5106.643 2.5962890776659743e-13
5111.001 2.589715135851636e-13
5115.359 2.583341786621139e-13
5119.717 2.5771438436528025e-13
5124.075 2.571096120624942e-13
5128.433 2.565173431215877e-13
5132.791 2.5593505891039247e-13
5137.15 2.55360109561302e-13
5141.508 2.5479023975925275e-13
5145.867 2.542226680915562e-13
5150.226 2.53655005427286e-13
5154.585 2.530847314000767e-13
5158.944 2.5250932564356324e-13
5163.303 2.519262679483328e-13
5167.662 2.513334655354057e-13
5172.021 2.5073018414706346e-13
5176.381 2.501158166149172e-13
5180.74 2.494901797025245e-13
5185.1 2.4885252115596895e-13
5189.46 2.4820251788852727e-13
5193.82 2.475397046126036e-13
5198.18 2.468636160406024e-13
5202.54 2.4617378688492837e-13
5206.9 2.4546975185798596e-13
5211.261 2.4475087911286796e-13
5215.621 2.4401703295556883e-13
5219.982 2.4326741124055774e-13
5224.342 2.4250189237562624e-13
5228.703 2.417196596864783e-13
5233.064 2.4092042128223294e-13
5237.425 2.4010371155506917e-13
5241.786 2.3926906489716584e-13
5246.148 2.3841581794609714e-13
5250.509 2.3754389622329224e-13
5254.871 2.3665243401718723e-13
5259.232 2.3574137437110716e-13
5263.594 2.3480983362442916e-13
5267.956 2.3385755247129106e-13
5272.318 2.3288406498349966e-13
5276.68 2.318889052328616e-13
5281.042 2.308716072911836e-13
5285.405 2.2983146420274506e-13
5289.767 2.28768486752118e-13
5294.13 2.2768172139887343e-13
5298.492 2.265712138947619e-13
5302.855 2.254372182971044e-13
5307.218 2.2428290931953537e-13
5311.581 2.231114320078291e-13
5315.944 2.2192593140775973e-13
5320.308 2.207292773483925e-13
5324.671 2.1952516389697478e-13
5329.034 2.1831646301536137e-13
5333.398 2.1710604245940716e-13
5337.762 2.1589732606657045e-13
5342.126 2.1469346104565477e-13
5346.49 2.134975946054648e-13
5350.854 2.1231287395480418e-13
5355.218 2.1114244630247762e-13
5359.582 2.0998945885728857e-13
5363.947 2.0885680194111873e-13
5368.311 2.0774814233602e-13
5372.676 2.0666612072027937e-13
5377.04 2.056143806753535e-13
5381.405 2.0459558896548726e-13
5385.77 2.0361313952887348e-13
5390.135 2.026701817383383e-13
5394.501 2.0176966383469658e-13
5398.866 2.0091514830598398e-13
5403.231 2.001095732633326e-13
5407.597 1.9935592166854052e-13
5411.963 1.9865702622066012e-13
5416.328 1.9801174166132897e-13
5420.694 1.9741665695107297e-13
5425.06 1.968687997778091e-13
5429.427 1.963649334241375e-13
5433.793 1.9590216190540034e-13
5438.159 1.95477238761194e-13
5442.526 1.9508695220866085e-13
5446.892 1.94728354245831e-13
5451.259 1.9439815290384488e-13
5455.626 1.9409330551937748e-13
5459.993 1.9381068379505958e-13
5464.36 1.935471594335222e-13
5468.727 1.9329960413739606e-13
5473.094 1.930648896093121e-13
5477.462 1.928398369020651e-13
5481.829 1.9262142016741225e-13
5486.197 1.92406409525085e-13
5490.565 1.9219172517801029e-13
5494.933 1.9197423667927884e-13
5499.301 1.9175081358198158e-13
5503.669 1.915183254392094e-13
5508.037 1.9127364180405292e-13
5512.405 1.9101363222960322e-13
5516.774 1.9073510016544658e-13
5521.142 1.904350420712214e-13
5525.511 1.9011018855773393e-13
5529.88 1.8975760356982283e-13
5534.249 1.8937667329980295e-13
5538.618 1.8896887499382806e-13
5542.987 1.8853575654781006e-13
5547.356 1.880788658576604e-13
5551.725 1.8759975081929083e-13
5556.095 1.8709984268500114e-13
5560.465 1.8658079759127392e-13
5564.834 1.8604428919025726e-13
5569.204 1.8549162054781113e-13
5573.574 1.8492446146855541e-13
5577.944 1.8434436091151716e-13
5582.314 1.837528678357234e-13
5586.685 1.8315139258623206e-13
5591.055 1.8254175962919722e-13
5595.426 1.8192523968353037e-13
5599.796 1.813036640992549e-13
5604.167 1.8067829812954892e-13
5608.538 1.8005083349845192e-13
5612.909 1.7942282022859238e-13
5617.28 1.787958083425995e-13
5621.651 1.781713478631021e-13
5626.022 1.7755098881272927e-13
5630.394 1.7693614134580164e-13
5634.765 1.763286370464702e-13
5639.137 1.7572974848020775e-13
5643.509 1.7514071467661287e-13
5647.881 1.7456125298434161e-13
5652.253 1.7399081741212449e-13
5656.625 1.7342886196869155e-13
5660.997 1.7287484066277323e-13
5665.37 1.7232808327613247e-13
5669.742 1.7178829377397233e-13
5674.115 1.7125467896416034e-13
5678.487 1.7072693680111651e-13
5682.86 1.7020427960384254e-13
5687.233 1.6968628235280564e-13
5691.606 1.6917239868199977e-13
5695.98 1.6866196589460977e-13
5700.353 1.681546709145573e-13
5704.726 1.6764985029177608e-13
5709.1 1.6714684283963303e-13
5713.473 1.6664533208683504e-13
5717.847 1.6614454202971584e-13
5722.221 1.6564404074798768e-13
5726.595 1.6514328150073609e-13
5730.969 1.6464171754704695e-13
5735.343 1.6413880311796696e-13
5739.718 1.636342767139346e-13
5744.092 1.6312923665668184e-13
5748.467 1.626244782557796e-13
5752.841 1.621212581829886e-13
5757.216 1.6162037258006304e-13
5761.591 1.6112296313011447e-13
5765.966 1.6063005626645453e-13
5770.341 1.6014267842239465e-13
5774.716 1.5966185603124643e-13
5779.092 1.591885083019939e-13
5783.467 1.5872387820155298e-13
5787.843 1.5826878026931313e-13
5792.219 1.5782434886691434e-13
5796.594 1.573917086065266e-13
5800.97 1.569716886514659e-13
5805.347 1.5656532521188924e-13
5809.723 1.5617383130197916e-13
5814.099 1.5579813960847241e-13
5818.475 1.5543927726868124e-13
5822.852 1.5509819561254473e-13
5827.229 1.5477550859916015e-13
5831.605 1.5446973533202045e-13
5835.982 1.541786448519759e-13
5840.359 1.5390021727005214e-13
5844.736 1.5363236097748532e-13
5849.113 1.5337298436551144e-13
5853.491 1.531199385963932e-13
5857.868 1.528712472619269e-13
5862.246 1.5262470408229434e-13
5866.623 1.523783296787165e-13
5871.001 1.5212991883005954e-13
5875.379 1.5187743471524506e-13
5879.757 1.5161878429159107e-13
5884.135 1.513518745164151e-13
5888.514 1.5107454767424664e-13
5892.892 1.5078483698616312e-13
5897.27 1.5048058734042944e-13
5901.649 1.501596303408993e-13
5906.028 1.4981993926492345e-13
5910.407 1.494594196352462e-13
5914.786 1.4907597697461208e-13
5919.165 1.4866751680576543e-13
5923.544 1.4823194465145075e-13
5927.923 1.4776716603441244e-13
5932.302 1.4727108647739485e-13
5936.682 1.4674148661734804e-13
5941.062 1.4617638017330927e-13
5945.441 1.4557381328856923e-13
5949.821 1.4493141568703098e-13
5954.201 1.4424911321713872e-13
5958.581 1.4353290284358636e-13
5962.962 1.427898819512053e-13
5967.342 1.420276605978468e-13
5971.722 1.4125334142013732e-13
5976.103 1.4047401600583173e-13
5980.484 1.396971344888333e-13
5984.864 1.3893014477181252e-13
5989.245 1.3817996970093666e-13
5993.626 1.374540602272094e-13
5998.007 1.3675969080406296e-13
6002.389 1.361039912335735e-13
6006.77 1.3549453662249287e-13
6011.152 1.3493832679621967e-13
6015.533 1.3444288012825156e-13
6019.915 1.3401192265455505e-13
6024.297 1.336416242704989e-13
6028.679 1.3332688153629965e-13
6033.061 1.3306259101217417e-13
6037.443 1.3284364925833878e-13
6041.825 1.3266495283501036e-13
6046.208 1.3252136916472708e-13
6050.59 1.3240785935557455e-13
6054.973 1.3231926563668344e-13
6059.355 1.322505240237591e-13
6063.738 1.3219649717870098e-13
6068.121 1.3215209592327519e-13
6072.504 1.3211221332298962e-13
6076.888 1.3207173275410274e-13
6081.271 1.3202556477851702e-13
6085.654 1.319685934894266e-13
6090.038 1.3189569312017654e-13
6094.422 1.3180176481132483e-13
6098.805 1.316817288884118e-13
6103.189 1.3153042120555377e-13
6107.573 1.3134417108454545e-13
6111.957 1.3112429020354903e-13
6116.342 1.3087313599203987e-13
6120.726 1.3059324154240088e-13
6125.111 1.3028689844201347e-13
6129.495 1.2995666495493183e-13
6133.88 1.2960480970364793e-13
6138.265 1.2923382511037364e-13
6142.65 1.2884613091139426e-13
6147.035 1.284441468429948e-13
6151.42 1.280302926414606e-13
6155.805 1.276069880430769e-13
6160.191 1.271765540282484e-13
6164.576 1.2674160706947276e-13
6168.962 1.2630436971938022e-13
6173.348 1.2586736212597796e-13
6177.733 1.2543310422774843e-13
6182.119 1.2500381889160268e-13
6186.505 1.2458202693645386e-13
6190.892 1.2417005716180251e-13
6195.278 1.2377051923375014e-13
6199.664 1.233857394151476e-13
6204.051 1.2301805742890093e-13
6208.438 1.2266998582763703e-13
6212.824 1.2234401928455023e-13
6217.211 1.220424317485595e-13
6221.598 1.2176772319139644e-13
6225.986 1.215215026673967e-13
6230.373 1.2130165971469357e-13
6234.76 1.2110467699040098e-13
6239.148 1.2092705747692399e-13
6243.535 1.2076542298661768e-13
6247.923 1.2061623963559384e-13
6252.311 1.2047608510067801e-13
6256.699 1.2034149852869204e-13
6261.087 1.202090190664579e-13
6265.475 1.2007518586079766e-13
6269.863 1.1993653805853315e-13
6274.252 1.197895801173497e-13
6278.64 1.1963091749326243e-13
6283.029 1.1945701530735348e-13
6287.417 1.192644912937173e-13
6291.806 1.190497951398035e-13
6296.195 1.1880950524274384e-13
6300.584 1.1854015838269533e-13
6304.974 1.1823821859302977e-13
6309.363 1.1790035955430817e-13
6313.752 1.1752305310400063e-13
6318.142 1.1710273512636834e-13
6322.532 1.1663602137377598e-13
6326.921 1.1611961469433971e-13
6331.311 1.1555300324748318e-13
6335.701 1.1494117512374853e-13
6340.091 1.142894843829572e-13
6344.482 1.136031252507144e-13
6348.872 1.1288776542409944e-13
6353.263 1.1214843570157625e-13
6357.653 1.1139082790711566e-13
6362.044 1.1061995359181582e-13
6366.435 1.0984134115306198e-13
6370.826 1.0906034831032019e-13
6375.217 1.0828233278305613e-13
6379.608 1.0751265229073532e-13
6383.999 1.0675666455282394e-13
6388.391 1.0601956203637546e-13
6392.782 1.0530703913458496e-13
6397.174 1.0462413167314e-13
6401.565 1.0397650936624883e-13
6405.957 1.0336923760033415e-13
6410.349 1.0280782846196203e-13
6414.741 1.0229579570782945e-13
6419.134 1.0183087291299438e-13
6423.526 1.0141001708979253e-13
6427.918 1.0102986311899927e-13
6432.311 1.0068708295258224e-13
6436.704 1.0037851139904243e-13
6441.096 1.001009521203601e-13
6445.489 9.985102308238097e-14
6449.882 9.962553462238607e-14
6454.275 9.942123048166494e-14
6458.669 9.923481376963854e-14
6463.062 9.906311246044446e-14
6467.455 9.890282595315516e-14
6471.849 9.875066404106255e-14
6476.243 9.860340590399435e-14
6480.637 9.845779305901986e-14
6485.031 9.83105670232084e-14
6489.425 9.815846931362927e-14
6493.819 9.799824144735178e-14
6498.213 9.782703126287055e-14
6502.607 9.764436786989629e-14
6507.002 9.745059987890778e-14
6511.397 9.724616299210307e-14
6515.791 9.703150262115804e-14
6520.186 9.68069164047977e-14
6524.581 9.657284746213574e-14
6528.976 9.63296912130005e-14
6533.371 9.607784307722028e-14
6537.767 9.58176383695204e-14
6542.162 9.554959096719532e-14
6546.558 9.527397450670002e-14
6550.953 9.499130987704545e-14
6555.349 9.470186406293344e-14
6559.745 9.440609627514567e-14
6564.141 9.410440220348295e-14
6568.537 9.379717753774621e-14
6572.934 9.348474635816753e-14
6577.33 9.316764654062711e-14
6581.726 9.284620328842668e-14
6586.123 9.25207378524734e-14
6590.52 9.219171883529077e-14
6594.916 9.185961807195109e-14
6599.313 9.152468035506145e-14
6603.71 9.118737684657915e-14
6608.108 9.084802615219342e-14
6612.505 9.050717862730893e-14
6616.902 9.016515328057303e-14
6621.3 8.98222680490944e-14
6625.697 8.947907489561612e-14
6630.095 8.913581387185637e-14
6634.493 8.879295923071739e-14
6638.891 8.845090720231388e-14
6643.289 8.81100540167603e-14
6647.687 8.777078055334624e-14
6652.086 8.74332898260958e-14
6656.484 8.709797371788688e-14
6660.883 8.676491814109468e-14
6665.281 8.643451284487625e-14
6669.68 8.610684597480922e-14
6674.079 8.578223140218526e-14
6678.478 8.546090757027191e-14
6682.877 8.514311292233685e-14
6687.276 8.482908590164782e-14
6691.676 8.451899494966475e-14
6696.075 8.421321950526022e-14
6700.475 8.391185910872824e-14
6704.874 8.3615289230507e-14
6709.274 8.332361359619e-14
6713.674 8.30371387750742e-14
6718.074 8.275610337307602e-14
6722.474 8.24807459961119e-14
6726.875 8.221124470414497e-14
6731.275 8.194796062103678e-14
6735.676 8.169101279563439e-14
6740.076 8.144075664697493e-14
6744.477 8.119731714569386e-14
6748.878 8.096099069973703e-14
6753.279 8.073201607774372e-14
6757.68 8.051063204835345e-14
6762.081 8.029707738020547e-14
6766.482 8.009159084193918e-14
6770.884 7.989436736087826e-14
6775.285 7.970573535718192e-14
6779.687 7.952584799471921e-14
6784.089 7.935498804624194e-14
6788.491 7.91933684164921e-14
6792.893 7.904076375991657e-14
6797.295 7.889658451495956e-14
6801.697 7.876023005934432e-14
6806.099 7.863109977079413e-14
6810.502 7.850856590424834e-14
6814.905 7.839205756046809e-14
6819.307 7.828099836650963e-14
6823.71 7.8174736945907e-14
6828.113 7.807269808947832e-14
6832.516 7.797428076552475e-14
6836.919 7.787888394234736e-14
6841.322 7.778590658824735e-14
6845.726 7.769472712873596e-14
6850.129 7.760478582592056e-14
6854.533 7.751544049773989e-14
6858.937 7.742611024567679e-14
6863.341 7.733619362842423e-14
6867.745 7.724508920467522e-14
6872.149 7.715219553312268e-14
6876.553 7.70569111724597e-14
6880.957 7.69586578024532e-14
6885.362 7.68571121928461e-14
6889.766 7.675220505665266e-14
6894.171 7.664377662022259e-14
6898.576 7.653173816276849e-14
6902.981 7.641597753117529e-14
6907.386 7.629638257232786e-14
6911.791 7.617284113311121e-14
6916.196 7.604524106041023e-14
6920.601 7.591347020110985e-14
6925.007 7.577738502112971e-14
6929.412 7.563693511880128e-14
6933.818 7.5491944517436e-14
6938.224 7.534233236848557e-14
6942.63 7.518798644243625e-14
6947.036 7.502879450977445e-14
6951.442 7.486464434098652e-14
6955.848 7.469542370655879e-14
6960.255 7.452095494328309e-14
6964.661 7.433997392689844e-14
6969.068 7.414934389564516e-14
6973.474 7.39459676240535e-14
6977.881 7.372656809290918e-14
6982.288 7.34880045855402e-14
6986.695 7.322709179831246e-14
6991.103 7.294057629060789e-14
6995.51 7.262540215440783e-14
6999.917 7.227832210466417e-14
7004.325 7.189605989538161e-14
7008.733 7.147550306942243e-14
7013.14 7.101357391778408e-14
7017.548 7.050687593627015e-14
7021.956 6.995232164376714e-14
7026.364 6.934716888045579e-14
7030.773 6.869615448091669e-14
7035.181 6.801087710899769e-14
7039.589 6.730269432909971e-14
7043.998 6.658294291913855e-14
7048.407 6.58632896502503e-14
7052.816 6.515524279896645e-14
7057.224 6.447046249998178e-14
7061.633 6.382014415591251e-14
7066.043 6.321582351605267e-14
7070.452 6.266928510049811e-14
7074.861 6.219189448520413e-14
7079.271 6.179507998300121e-14
7083.68 6.14905320068934e-14
7088.09 6.128962634136447e-14
7092.5 6.120395905895758e-14
7096.91 6.124504626851529e-14
7101.32 6.142438612413314e-14
7105.73 6.17469484345645e-14
7110.141 6.220161419455636e-14
7114.551 6.277446686508574e-14
7118.962 6.345205170973756e-14
7123.372 6.422035111531748e-14
7127.783 6.50659989833857e-14
7132.194 6.597511375700846e-14
7136.605 6.693397831129685e-14
7141.016 6.792887552136269e-14
7145.427 6.89460882623172e-14
7149.839 6.997213190471378e-14
7154.25 7.099282161710612e-14
7158.662 7.199489632863488e-14
7163.073 7.29641820731896e-14
7167.485 7.388739447273876e-14
7171.897 7.475058311834929e-14
7176.309 7.55400215537553e-14
7180.721 7.624198332269079e-14
7185.134 7.684286562450566e-14
7189.546 7.732866708645338e-14
7193.958 7.76858094019692e-14
7198.371 7.790091688196395e-14
7202.784 7.79716750295619e-14
7207.197 7.79097465915752e-14
7211.61 7.772765797989319e-14
7216.023 7.7437935606405e-14
7220.436 7.705310588300006e-14
7224.849 7.658569522156749e-14
7229.263 7.604810125006338e-14
7233.676 7.545309633177197e-14
7238.09 7.481294336962747e-14
7242.504 7.414030607695801e-14
7246.918 7.344771938315833e-14
7251.332 7.274771821762312e-14
7255.746 7.205283750974746e-14
7260.16 7.1375612188926e-14
7264.574 7.072857718455356e-14
7268.989 7.012413630627725e-14
7273.403 6.95751006625113e-14
7277.818 6.909374864231151e-14
7282.233 6.868766906987612e-14
7286.648 6.835172550474347e-14
7291.063 6.807885992081716e-14
7295.478 6.786201429200077e-14
7299.893 6.769413059219786e-14
7304.309 6.756812647445708e-14
7308.724 6.747699964749824e-14
7313.14 6.741364734039096e-14
7317.555 6.737103888694079e-14
7321.971 6.73420934950955e-14
7326.387 6.731976007395739e-14
7330.803 6.729697580040291e-14
7335.22 6.72666696061293e-14
7339.636 6.722179105766738e-14
7344.052 6.715527158804744e-14
7348.469 6.706002302690631e-14
7352.885 6.69290243464198e-14
7357.302 6.675514992850438e-14
7361.719 6.653135749807592e-14
7366.136 6.625057943281084e-14
7370.553 6.590574811038554e-14
7374.97 6.549005532622015e-14
7379.388 6.500461518395152e-14
7383.805 6.44602741481189e-14
7388.223 6.386794814519096e-14
7392.641 6.323891866095709e-14
7397.058 6.258450041018299e-14
7401.476 6.1915559476813e-14
7405.894 6.124340605818781e-14
7410.312 6.057920466200799e-14
7414.731 5.993397678971045e-14
7419.149 5.931918107934807e-14
7423.568 5.87457092007166e-14
7427.986 5.822498731574595e-14
7432.405 5.776794968084346e-14
7436.824 5.738589262744175e-14
7441.243 5.70899882461078e-14
7445.662 5.689140862740869e-14
7450.081 5.679826157708659e-14
7454.5 5.680398598178598e-14
7458.92 5.689766674725345e-14
7463.339 5.706831322145198e-14
7467.759 5.730505107138874e-14
7472.179 5.759689634833354e-14
7476.599 5.793289542115e-14
7481.019 5.83020946587017e-14
7485.439 5.869354042985222e-14
7489.859 5.909627910346517e-14
7494.279 5.949935704840412e-14
7498.7 5.989190739886181e-14
7503.12 6.026279687402872e-14
7507.541 6.060123429579225e-14
7511.962 6.08961718314134e-14
7516.383 6.113664841348223e-14
7520.804 6.131170297458907e-14
7525.225 6.141037444732396e-14
7529.646 6.142275000537601e-14
7534.068 6.13492933602387e-14
7538.489 6.119647973044238e-14
7542.911 6.097075396820001e-14
7547.333 6.06786571172762e-14
7551.754 6.032679025520869e-14
7556.176 5.992150818524768e-14
7560.598 5.946939918551699e-14
7565.021 5.897686304193016e-14
7569.443 5.845063890897196e-14
7573.865 5.789713495188162e-14
7578.288 5.732273465804514e-14
7582.711 5.673407999011605e-14
7587.133 5.613782580115603e-14
7591.556 5.55402208184591e-14
7595.979 5.4947918883179884e-14
7600.402 5.436743962716518e-14
7604.826 5.380517815371332e-14
7609.249 5.326790951000716e-14
7613.672 5.276202391513442e-14
7618.096 5.229393997147264e-14
7622.52 5.1870299904264226e-14
7626.943 5.1497705756685937e-14
7631.367 5.1182511874530636e-14
7635.791 5.093133255893634e-14
7640.215 5.075069186483753e-14
7644.64 5.064709963773216e-14
7649.064 5.0627127982869154e-14
7653.489 5.0697295122080525e-14
7657.913 5.0864094625308474e-14
7662.338 5.113412914980912e-14
7666.763 5.1513494317521186e-14
7671.188 5.199813208838066e-14
7675.613 5.2573317696462485e-14
7680.038 5.3223822678194126e-14
7684.463 5.393441857000348e-14
7688.889 5.469005155617243e-14
7693.314 5.5475148853245943e-14
7697.74 5.627482938622274e-14
7702.166 5.707367971696092e-14
7706.592 5.785646105517238e-14
7711.018 5.860793461056958e-14
7715.444 5.931286159286457e-14
7719.87 5.995600321176938e-14
7724.296 6.052212067699649e-14
7728.723 6.099607068657865e-14
7733.149 6.136239746300117e-14
7737.576 6.160602028895601e-14
7742.003 6.171159455445172e-14
7746.43 6.166397687021409e-14
7750.857 6.145798010748768e-14
7755.284 6.110638929245442e-14
7759.711 6.062387585733998e-14
7764.139 6.002496395377121e-14
7768.566 5.932459828708018e-14
7772.994 5.853714106467696e-14
7777.421 5.767762215238084e-14
7781.849 5.676033185642958e-14
7786.277 5.5800138099923256e-14
7790.705 5.481172225957366e-14
7795.133 5.3809765712092614e-14
7799.562 5.280872504874377e-14
7803.99 5.182373644847946e-14
7808.419 5.0869043581918984e-14
7812.847 4.995976169877703e-14
7817.276 4.9110168664215366e-14
7821.705 4.8335166808802014e-14
7826.134 4.764944745822744e-14
7830.563 4.70677019381822e-14
7834.992 4.6604451345911e-14
7839.422 4.6264899905722114e-14
7843.851 4.604064992535952e-14
7848.281 4.5921917171199184e-14
7852.71 4.589907519220698e-14
7857.14 4.596243070440948e-14
7861.57 4.6102314533442165e-14
7866.0 4.6309041888328966e-14
7870.43 4.6572927978093705e-14
7874.861 4.6884362926660196e-14
7879.291 4.723351955019696e-14
7883.721 4.7610778349500113e-14
7888.152 4.8006545201223144e-14
7892.583 4.841104640251537e-14
7897.014 4.8814590602371034e-14
7901.445 4.920748644978407e-14
7905.876 4.958004259374868e-14
7910.307 4.9922567683258824e-14
7914.738 5.022537036730869e-14
7919.17 5.04788101739104e-14
7923.601 5.06730795611902e-14
7928.033 5.0798570125008996e-14
7932.465 5.084553307235116e-14
7936.896 5.0804290479503497e-14
7941.328 5.0665127640372305e-14
7945.761 5.041827707554459e-14
7950.193 5.005415041700689e-14
7954.625 4.9563006572005845e-14
7959.058 4.8934989804871807e-14
7963.49 4.816068371519896e-14
7967.923 4.72300362311359e-14
7972.356 4.6133500694403877e-14
7976.789 4.486137262505178e-14
7981.222 4.3403947543128505e-14
7985.655 4.1751520968682976e-14
7990.088 3.9894388421764117e-14
7994.521 3.782284542242082e-14
7998.955 3.5526643620501743e-14
