band wavelength I_photo_sky mag_pxl mag magerr UL5_pxl UL5_pts SN
0 4000 0.4448 22.85 19.98 0.4372 20.81 20.46 2.017
1 4125 0.5133 22.77 21.45 0.3969 20.86 20.51 2.266
2 4250 0.5877 22.72 21.45 0.3594 20.93 20.59 2.549
3 4375 0.6499 22.66 21.18 0.3424 20.94 20.6 2.697
4 4500 0.7068 22.6 22.29 0.3332 20.91 20.57 2.784
5 4625 0.8244 22.44 21.4 0.2962 20.9 20.56 3.188
6 4750 0.9822 22.23 20.18 0.2548 20.89 20.54 3.78
7 4875 1.105 22.08 21.05 0.2294 20.87 20.53 4.25
8 5000 1.238 21.95 20.65 0.2067 20.87 20.52 4.769
9 5125 1.415 21.78 20.13 0.183 20.85 20.51 5.447
10 5250 1.548 21.65 20.53 0.1683 20.83 20.48 5.963
11 5375 1.55 21.6 19.99 0.1668 20.79 20.44 6.021
12 5500 1.55 21.55 19.87 0.18 20.64 20.29 5.545
13 5625 1.632 21.44 19.97 0.1712 20.59 20.25 5.855
14 5750 1.715 21.33 19.95 0.1502 20.65 20.31 6.742
15 5875 1.722 21.27 20.11 0.1517 20.58 20.23 6.67
16 6000 1.702 21.21 19.63 0.1501 20.54 20.19 6.746
17 6125 1.683 21.17 19.84 0.1465 20.53 20.18 6.924
18 6250 1.647 21.13 19.72 0.16 20.37 20.03 6.299
19 6375 1.586 21.11 19.42 0.1636 20.33 19.98 6.148
20 6500 1.483 21.12 19.86 0.1583 20.39 20.04 6.369
21 6625 1.433 21.09 19.54 0.1578 20.36 20.02 6.391
22 6750 1.441 21.01 19.8 0.154 20.32 19.97 6.564
23 6875 1.38 20.96 19.66 0.1591 20.22 19.88 6.336
24 7000 1.321 20.92 19.17 0.1596 20.18 19.84 6.315
25 7125 1.274 20.88 19.64 0.1606 20.14 19.79 6.273
26 7250 1.234 20.83 19.5 0.1782 19.95 19.6 5.606
27 7375 1.228 20.78 19.29 0.1816 19.87 19.52 5.492
28 7500 1.113 20.75 19.2 0.1806 19.86 19.51 5.524
29 7625 0.9946 20.71 19.42 0.1967 19.72 19.37 5.034
30 7750 1.004 20.69 19.24 0.2162 19.57 19.22 4.539
31 7875 0.991 20.69 18.93 0.2312 19.47 19.13 4.214
32 8000 0.9468 20.65 19.26 0.2238 19.49 19.14 4.368
33 8125 0.8956 20.62 19.13 0.2054 19.57 19.22 4.802
34 8250 0.9687 20.44 19.04 0.2055 19.38 19.04 4.799
35 8375 0.9651 20.38 18.92 0.2308 19.17 18.83 4.221
36 8500 0.7972 20.48 18.82 0.2524 19.16 18.82 3.821
37 8625 0.7114 20.49 19.22 0.2595 19.14 18.79 3.703
38 8750 0.6411 20.49 18.52 0.3161 18.88 18.53 2.959
39 8875 0.5689 20.46 18.88 0.3621 18.67 18.32 2.526
