band wavelength I_photo_sky mag_pxl mag magerr UL5_pxl UL5_pts SN
0 4000 0.455 22.85 21.43 0.4061 20.91 20.56 2.205
1 4125 0.5296 22.77 20.8 0.3828 20.91 20.56 2.365
2 4250 0.6046 22.72 21.2 0.3471 20.98 20.63 2.654
3 4375 0.6667 22.66 21.33 0.3309 20.99 20.64 2.806
4 4500 0.7233 22.6 20.85 0.3222 20.96 20.61 2.895
5 4625 0.8419 22.44 21.03 0.2865 20.95 20.6 3.312
6 4750 1.002 22.23 21.1 0.2465 20.93 20.58 3.923
7 4875 1.125 22.08 20.67 0.2221 20.91 20.57 4.406
8 5000 1.259 21.95 20.42 0.2002 20.91 20.56 4.939
9 5125 1.437 21.78 20.43 0.1773 20.9 20.55 5.636
10 5250 1.572 21.65 20.31 0.1632 20.87 20.52 6.165
11 5375 1.573 21.6 20.22 0.1618 20.83 20.48 6.224
12 5500 1.572 21.55 20.11 0.1745 20.68 20.34 5.736
13 5625 1.655 21.44 20.1 0.1659 20.63 20.29 6.057
14 5750 1.74 21.33 19.99 0.1458 20.69 20.35 6.958
15 5875 1.746 21.27 19.79 0.1472 20.62 20.27 6.886
16 6000 1.724 21.21 19.71 0.1457 20.58 20.23 6.963
17 6125 1.703 21.17 19.6 0.1425 20.56 20.22 7.132
18 6250 1.666 21.13 19.85 0.1556 20.41 20.07 6.492
19 6375 1.603 21.11 19.96 0.1591 20.36 20.02 6.337
20 6500 1.496 21.12 19.73 0.1541 20.42 20.08 6.558
21 6625 1.445 21.09 19.83 0.1538 20.4 20.05 6.569
22 6750 1.451 21.01 19.54 0.1504 20.35 20 6.733
23 6875 1.392 20.96 19.36 0.1553 20.26 19.91 6.503
24 7000 1.332 20.92 19.67 0.1558 20.22 19.87 6.482
25 7125 1.283 20.88 19.41 0.1573 20.17 19.82 6.416
26 7250 1.243 20.83 19.42 0.174 19.98 19.63 5.753
27 7375 1.236 20.78 19.69 0.177 19.9 19.56 5.648
28 7500 1.118 20.75 19.25 0.1766 19.89 19.54 5.663
29 7625 1.005 20.71 19.52 0.192 19.75 19.4 5.169
30 7750 1.015 20.69 19.41 0.2103 19.6 19.26 4.678
31 7875 0.9953 20.69 19.23 0.2253 19.51 19.16 4.336
32 8000 0.9508 20.65 19.1 0.2181 19.52 19.18 4.496
33 8125 0.9005 20.62 19.38 0.2007 19.6 19.25 4.925
34 8250 0.9747 20.44 18.74 0.2012 19.41 19.07 4.913
35 8375 0.9698 20.38 19.04 0.2251 19.21 18.86 4.34
36 8500 0.8001 20.48 19.86 0.2464 19.2 18.85 3.926
37 8625 0.7137 20.49 18.71 0.2542 19.16 18.82 3.79
38 8750 0.6431 20.49 19.16 0.309 18.91 18.56 3.038
39 8875 0.5708 20.46 19.18 0.3531 18.7 18.35 2.602
