# t        U        B        V        R       
  0.1100  18.8525  15.9526  13.6776  12.1267
  0.1105  18.8525  15.9526  13.6776  12.1267
  0.1110   0.3678  -0.7895  -1.7217  -2.3403
  0.1115  -3.8193  -4.7491  -5.5780  -6.0843
  0.1120  -5.4928  -6.2347  -6.7049  -7.0718
  0.1125  -6.7357  -7.2396  -7.4308  -7.7242
  0.1130  -7.6018  -7.9426  -7.9540  -8.1668
  0.1135  -8.0623  -8.2889  -8.2047  -8.3665
  0.1140  -8.3263  -8.4863  -8.3562  -8.4946
  0.1146  -8.5035  -8.6227  -8.4641  -8.5893
  0.1151  -8.6412  -8.7312  -8.5503  -8.6667
  0.1156  -8.7579  -8.8248  -8.6252  -8.7349
  0.1161  -8.8612  -8.9089  -8.6936  -8.7976
  0.1166  -8.9550  -8.9865  -8.7578  -8.8571
  0.1172  -9.0413  -9.0587  -8.8190  -8.9137
  0.1177  -9.1220  -9.1271  -8.8776  -8.9682
  0.1182  -9.2007  -9.1941  -8.9353  -9.0224
  0.1188  -9.2775  -9.2604  -8.9930  -9.0767
  0.1193  -9.3521  -9.3247  -9.0499  -9.1298
  0.1199  -9.4251  -9.3886  -9.1070  -9.1833
  0.1204  -9.4971  -9.4522  -9.1643  -9.2373
  0.1209  -9.5653  -9.5135  -9.2205  -9.2901
  0.1215  -9.6302  -9.5720  -9.2750  -9.3409
  0.1220  -9.6913  -9.6284  -9.3274  -9.3902
  0.1226  -9.7489  -9.6817  -9.3779  -9.4372
  0.1231  -9.8026  -9.7315  -9.4260  -9.4813
  0.1237  -9.8534  -9.7791  -9.4718  -9.5236
  0.1243  -9.9014  -9.8240  -9.5154  -9.5637
  0.1248  -9.9467  -9.8665  -9.5568  -9.6019
  0.1254  -9.9878  -9.9058  -9.5959  -9.6371
  0.1260 -10.0271  -9.9436  -9.6336  -9.6712
  0.1265 -10.0647  -9.9795  -9.6697  -9.7037
  0.1271 -10.1005 -10.0139  -9.7042  -9.7348
  0.1277 -10.1351 -10.0471  -9.7376  -9.7649
  0.1282 -10.1687 -10.0793  -9.7701  -9.7942
  0.1288 -10.2003 -10.1099  -9.8007  -9.8220
  0.1294 -10.2308 -10.1394  -9.8305  -9.8489
  0.1300 -10.2597 -10.1673  -9.8596  -9.8743
  0.1306 -10.2879 -10.1949  -9.8880  -9.8993
  0.1312 -10.3155 -10.2215  -9.9158  -9.9240
  0.1318 -10.3419 -10.2473  -9.9422  -9.9475
  0.1324 -10.3674 -10.2721  -9.9681  -9.9703
  0.1330 -10.3931 -10.2971  -9.9941  -9.9937
  0.1336 -10.4174 -10.3209 -10.0184 -10.0153
  0.1342 -10.4412 -10.3440 -10.0426 -10.0367
  0.1348 -10.4643 -10.3665 -10.0658 -10.0573
  0.1354 -10.4872 -10.3890 -10.0888 -10.0780
  0.1360 -10.5093 -10.4103 -10.1114 -10.0979
  0.1366 -10.5313 -10.4318 -10.1334 -10.1175
  0.1372 -10.5528 -10.4529 -10.1550 -10.1370
  0.1379 -10.5740 -10.4737 -10.1764 -10.1562
  0.1385 -10.5940 -10.4930 -10.1969 -10.1744
  0.1391 -10.6149 -10.5135 -10.2180 -10.1934
  0.1397 -10.6345 -10.5325 -10.2376 -10.2110
  0.1404 -10.6542 -10.5517 -10.2575 -10.2288
  0.1410 -10.6733 -10.5704 -10.2770 -10.2459
  0.1416 -10.6923 -10.5891 -10.2964 -10.2631
  0.1423 -10.7111 -10.6075 -10.3155 -10.2802
  0.1429 -10.7289 -10.6248 -10.3341 -10.2965
  0.1436 -10.7475 -10.6430 -10.3529 -10.3132
  0.1442 -10.7652 -10.6603 -10.3708 -10.3292
  0.1449 -10.7828 -10.6776 -10.3887 -10.3450
  0.1455 -10.8000 -10.6943 -10.4062 -10.3605
  0.1462 -10.8173 -10.7111 -10.4235 -10.3759
  0.1468 -10.8349 -10.7283 -10.4413 -10.3917
  0.1475 -10.8517 -10.7446 -10.4580 -10.4067
  0.1482 -10.8681 -10.7607 -10.4745 -10.4215
  0.1489 -10.8846 -10.7769 -10.4911 -10.4363
  0.1495 -10.9010 -10.7929 -10.5075 -10.4511
  0.1502 -10.9167 -10.8082 -10.5236 -10.4654
  0.1509 -10.9329 -10.8240 -10.5397 -10.4798
  0.1516 -10.9484 -10.8391 -10.5552 -10.4938
  0.1522 -10.9641 -10.8544 -10.5709 -10.5079
  0.1529 -10.9794 -10.8695 -10.5863 -10.5219
  0.1536 -10.9947 -10.8845 -10.6016 -10.5358
  0.1543 -11.0095 -10.8989 -10.6167 -10.5495
  0.1550 -11.0238 -10.9129 -10.6313 -10.5628
  0.1557 -11.0383 -10.9273 -10.6459 -10.5762
  0.1564 -11.0538 -10.9423 -10.6617 -10.5902
  0.1571 -11.0681 -10.9562 -10.6755 -10.6029
  0.1578 -11.0820 -10.9698 -10.6896 -10.6158
  0.1586 -11.0961 -10.9838 -10.7039 -10.6289
  0.1593 -11.1102 -10.9976 -10.7180 -10.6420
  0.1600 -11.1241 -11.0113 -10.7321 -10.6549
  0.1607 -11.1382 -11.0252 -10.7464 -10.6681
  0.1615 -11.1516 -11.0384 -10.7599 -10.6806
  0.1622 -11.1653 -11.0518 -10.7735 -10.6932
  0.1629 -11.1790 -11.0652 -10.7871 -10.7057
  0.1637 -11.1923 -11.0783 -10.8005 -10.7180
  0.1644 -11.2065 -11.0920 -10.8145 -10.7306
  0.1651 -11.2195 -11.1046 -10.8274 -10.7423
  0.1659 -11.2330 -11.1177 -10.8408 -10.7546
  0.1666 -11.2464 -11.1308 -10.8541 -10.7668
  0.1674 -11.2594 -11.1436 -10.8671 -10.7788
  0.1681 -11.2721 -11.1561 -10.8801 -10.7908
  0.1689 -11.2852 -11.1689 -10.8931 -10.8028
  0.1697 -11.2993 -11.1827 -10.9072 -10.8158
  0.1704 -11.3116 -11.1946 -10.9191 -10.8266
  0.1712 -11.3241 -11.2069 -10.9317 -10.8383
  0.1720 -11.3368 -11.2193 -10.9444 -10.8501
  0.1728 -11.3495 -11.2318 -10.9571 -10.8619
  0.1735 -11.3622 -11.2442 -10.9698 -10.8736
  0.1743 -11.3746 -11.2564 -10.9822 -10.8853
  0.1751 -11.3870 -11.2686 -10.9946 -10.8968
  0.1759 -11.3994 -11.2808 -11.0070 -10.9083
  0.1767 -11.4120 -11.2930 -11.0193 -10.9198
  0.1775 -11.4239 -11.3048 -11.0315 -10.9310
  0.1783 -11.4360 -11.3167 -11.0435 -10.9423
  0.1791 -11.4484 -11.3287 -11.0557 -10.9536
  0.1799 -11.4606 -11.3407 -11.0678 -10.9649
  0.1807 -11.4729 -11.3526 -11.0799 -10.9761
  0.1816 -11.4851 -11.3646 -11.0920 -10.9874
  0.1824 -11.4971 -11.3763 -11.1039 -10.9985
  0.1832 -11.5090 -11.3880 -11.1157 -11.0097
  0.1840 -11.5209 -11.3997 -11.1275 -11.0208
  0.1849 -11.5329 -11.4115 -11.1394 -11.0319
  0.1857 -11.5448 -11.4232 -11.1513 -11.0430
  0.1865 -11.5568 -11.4349 -11.1631 -11.0541
  0.1874 -11.5686 -11.4465 -11.1749 -11.0651
  0.1882 -11.5833 -11.4614 -11.1904 -11.0799
  0.1891 -11.5926 -11.4701 -11.1986 -11.0873
  0.1899 -11.6036 -11.4810 -11.2096 -11.0978
  0.1908 -11.6150 -11.4922 -11.2210 -11.1086
  0.1917 -11.6265 -11.5035 -11.2324 -11.1194
  0.1925 -11.6378 -11.5146 -11.2437 -11.1300
  0.1934 -11.6491 -11.5258 -11.2550 -11.1406
  0.1943 -11.6605 -11.5370 -11.2663 -11.1513
  0.1952 -11.6720 -11.5482 -11.2775 -11.1619
  0.1960 -11.6832 -11.5592 -11.2887 -11.1725
  0.1969 -11.6943 -11.5702 -11.2997 -11.1830
  0.1978 -11.7056 -11.5812 -11.3109 -11.1936
  0.1987 -11.7169 -11.5923 -11.3220 -11.2041
  0.1996 -11.7282 -11.6034 -11.3332 -11.2147
  0.2005 -11.7395 -11.6144 -11.3444 -11.2253
  0.2014 -11.7504 -11.6253 -11.3553 -11.2357
  0.2023 -11.7611 -11.6361 -11.3663 -11.2462
  0.2032 -11.7722 -11.6470 -11.3772 -11.2566
  0.2042 -11.7833 -11.6579 -11.3882 -11.2671
  0.2051 -11.7943 -11.6688 -11.3992 -11.2775
  0.2060 -11.8054 -11.6797 -11.4102 -11.2879
  0.2070 -11.8164 -11.6905 -11.4212 -11.2984
  0.2079 -11.8274 -11.7013 -11.4321 -11.3088
  0.2088 -11.8383 -11.7121 -11.4430 -11.3192
  0.2098 -11.8493 -11.7230 -11.4539 -11.3296
  0.2107 -11.8604 -11.7338 -11.4649 -11.3400
  0.2117 -11.8714 -11.7446 -11.4759 -11.3503
  0.2126 -11.8824 -11.7554 -11.4868 -11.3606
  0.2136 -11.8951 -11.7680 -11.4992 -11.3724
  0.2146 -11.9047 -11.7772 -11.5084 -11.3810
  0.2155 -11.9151 -11.7874 -11.5188 -11.3910
  0.2165 -11.9257 -11.7978 -11.5293 -11.4010
  0.2175 -11.9361 -11.8082 -11.5398 -11.4110
  0.2185 -11.9467 -11.8186 -11.5503 -11.4211
  0.2195 -11.9574 -11.8291 -11.5609 -11.4311
  0.2205 -11.9678 -11.8394 -11.5713 -11.4411
  0.2215 -11.9784 -11.8498 -11.5818 -11.4511
  0.2225 -11.9889 -11.8602 -11.5923 -11.4611
  0.2235 -11.9995 -11.8706 -11.6028 -11.4711
  0.2245 -12.0101 -11.8810 -11.6133 -11.4811
  0.2255 -12.0205 -11.8912 -11.6236 -11.4911
  0.2265 -12.0309 -11.9015 -11.6340 -11.5010
  0.2275 -12.0413 -11.9118 -11.6444 -11.5110
  0.2286 -12.0516 -11.9221 -11.6548 -11.5209
  0.2296 -12.0618 -11.9323 -11.6651 -11.5310
  0.2306 -12.0721 -11.9425 -11.6755 -11.5409
  0.2317 -12.0825 -11.9527 -11.6857 -11.5507
  0.2327 -12.0931 -11.9631 -11.6962 -11.5605
  0.2338 -12.1038 -11.9734 -11.7066 -11.5704
  0.2348 -12.1144 -11.9837 -11.7169 -11.5802
  0.2359 -12.1249 -11.9939 -11.7272 -11.5900
  0.2370 -12.1353 -12.0041 -11.7375 -11.5998
  0.2380 -12.1457 -12.0143 -11.7477 -11.6096
  0.2391 -12.1561 -12.0244 -11.7580 -11.6193
  0.2402 -12.1683 -12.0366 -11.7699 -11.6307
  0.2413 -12.1774 -12.0453 -11.7786 -11.6389
  0.2424 -12.1874 -12.0551 -11.7885 -11.6485
  0.2435 -12.1974 -12.0650 -11.7985 -11.6580
  0.2446 -12.2076 -12.0750 -11.8086 -11.6677
  0.2457 -12.2177 -12.0849 -11.8186 -11.6773
  0.2468 -12.2279 -12.0949 -11.8286 -11.6869
  0.2479 -12.2379 -12.1047 -11.8385 -11.6964
  0.2490 -12.2477 -12.1144 -11.8483 -11.7058
  0.2502 -12.2576 -12.1242 -11.8582 -11.7154
  0.2513 -12.2675 -12.1341 -11.8681 -11.7250
  0.2524 -12.2775 -12.1438 -11.8780 -11.7344
  0.2536 -12.2875 -12.1536 -11.8878 -11.7439
  0.2547 -12.2975 -12.1634 -11.8977 -11.7534
  0.2559 -12.3076 -12.1733 -11.9076 -11.7630
  0.2570 -12.3176 -12.1831 -11.9175 -11.7725
  0.2582 -12.3276 -12.1929 -11.9273 -11.7820
  0.2594 -12.3390 -12.2042 -11.9385 -11.7928
  0.2605 -12.3480 -12.2130 -11.9473 -11.8013
  0.2617 -12.3577 -12.2225 -11.9568 -11.8106
  0.2629 -12.3675 -12.2320 -11.9665 -11.8199
  0.2641 -12.3773 -12.2417 -11.9761 -11.8292
  0.2653 -12.3871 -12.2514 -11.9859 -11.8387
  0.2665 -12.3968 -12.2609 -11.9955 -11.8479
  0.2677 -12.4066 -12.2705 -12.0051 -11.8572
  0.2689 -12.4164 -12.2801 -12.0147 -11.8666
  0.2701 -12.4261 -12.2896 -12.0243 -11.8758
  0.2713 -12.4358 -12.2991 -12.0339 -11.8851
  0.2726 -12.4455 -12.3086 -12.0435 -11.8944
  0.2738 -12.4552 -12.3182 -12.0531 -11.9037
  0.2750 -12.4650 -12.3277 -12.0627 -11.9129
  0.2763 -12.4748 -12.3373 -12.0723 -11.9222
  0.2775 -12.4846 -12.3470 -12.0820 -11.9316
  0.2788 -12.4942 -12.3567 -12.0917 -11.9410
  0.2800 -12.5038 -12.3660 -12.1011 -11.9502
  0.2813 -12.5133 -12.3754 -12.1105 -11.9593
  0.2826 -12.5228 -12.3847 -12.1199 -11.9685
  0.2839 -12.5323 -12.3940 -12.1293 -11.9776
  0.2851 -12.5418 -12.4033 -12.1387 -11.9868
  0.2864 -12.5513 -12.4126 -12.1481 -11.9959
  0.2877 -12.5606 -12.4218 -12.1573 -12.0049
  0.2890 -12.5699 -12.4310 -12.1666 -12.0140
  0.2903 -12.5815 -12.4427 -12.1780 -12.0253
  0.2917 -12.5896 -12.4504 -12.1857 -12.0326
  0.2930 -12.5986 -12.4593 -12.1947 -12.0415
  0.2943 -12.6077 -12.4684 -12.2039 -12.0505
  0.2956 -12.6169 -12.4774 -12.2130 -12.0594
  0.2970 -12.6261 -12.4865 -12.2222 -12.0684
  0.2983 -12.6353 -12.4956 -12.2314 -12.0774
  0.2997 -12.6444 -12.5046 -12.2405 -12.0863
  0.3010 -12.6536 -12.5136 -12.2496 -12.0953
  0.3024 -12.6627 -12.5227 -12.2587 -12.1042
  0.3038 -12.6720 -12.5317 -12.2679 -12.1132
  0.3051 -12.6812 -12.5408 -12.2770 -12.1222
  0.3065 -12.6902 -12.5499 -12.2862 -12.1312
  0.3079 -12.6993 -12.5590 -12.2953 -12.1402
  0.3093 -12.7084 -12.5680 -12.3044 -12.1491
  0.3107 -12.7175 -12.5770 -12.3134 -12.1580
  0.3121 -12.7267 -12.5860 -12.3225 -12.1669
  0.3135 -12.7359 -12.5950 -12.3316 -12.1758
  0.3149 -12.7451 -12.6041 -12.3407 -12.1847
  0.3163 -12.7544 -12.6132 -12.3498 -12.1936
  0.3178 -12.7636 -12.6222 -12.3589 -12.2025
  0.3192 -12.7728 -12.6312 -12.3679 -12.2114
  0.3207 -12.7820 -12.6402 -12.3769 -12.2203
  0.3221 -12.7911 -12.6492 -12.3860 -12.2292
  0.3236 -12.8003 -12.6582 -12.3950 -12.2381
  0.3250 -12.8095 -12.6672 -12.4040 -12.2470
  0.3265 -12.8182 -12.6760 -12.4126 -12.2555
  0.3280 -12.8273 -12.6850 -12.4216 -12.2642
  0.3295 -12.8385 -12.6962 -12.4327 -12.2754
  0.3310 -12.8464 -12.7037 -12.4402 -12.2826
  0.3325 -12.8550 -12.7122 -12.4487 -12.2911
  0.3340 -12.8638 -12.7209 -12.4575 -12.2998
  0.3355 -12.8727 -12.7297 -12.4663 -12.3086
  0.3370 -12.8814 -12.7384 -12.4750 -12.3172
  0.3385 -12.8902 -12.7470 -12.4837 -12.3258
  0.3400 -12.8991 -12.7558 -12.4925 -12.3345
  0.3416 -12.9080 -12.7645 -12.5012 -12.3432
  0.3431 -12.9167 -12.7731 -12.5099 -12.3518
  0.3447 -12.9255 -12.7818 -12.5187 -12.3605
  0.3462 -12.9344 -12.7906 -12.5275 -12.3692
  0.3478 -12.9434 -12.7996 -12.5365 -12.3780
  0.3494 -12.9524 -12.8084 -12.5454 -12.3867
  0.3510 -12.9615 -12.8173 -12.5542 -12.3954
  0.3525 -12.9705 -12.8261 -12.5630 -12.4041
  0.3541 -12.9793 -12.8348 -12.5717 -12.4127
  0.3557 -12.9882 -12.8435 -12.5804 -12.4213
  0.3574 -12.9970 -12.8522 -12.5892 -12.4299
  0.3590 -13.0058 -12.8608 -12.5978 -12.4385
  0.3606 -13.0145 -12.8694 -12.6064 -12.4470
  0.3622 -13.0233 -12.8782 -12.6152 -12.4557
  0.3639 -13.0320 -12.8868 -12.6238 -12.4643
  0.3655 -13.0399 -12.8944 -12.6313 -12.4717
  0.3672 -13.0514 -12.9057 -12.6427 -12.4829
  0.3688 -13.0592 -12.9133 -12.6502 -12.4902
  0.3705 -13.0676 -12.9216 -12.6584 -12.4985
  0.3722 -13.0762 -12.9301 -12.6669 -12.5071
  0.3739 -13.0848 -12.9386 -12.6754 -12.5155
  0.3755 -13.0934 -12.9470 -12.6839 -12.5239
  0.3772 -13.1021 -12.9556 -12.6924 -12.5324
  0.3790 -13.1109 -12.9642 -12.7010 -12.5409
  0.3807 -13.1196 -12.9727 -12.7095 -12.5493
  0.3824 -13.1283 -12.9813 -12.7180 -12.5578
  0.3841 -13.1371 -12.9900 -12.7267 -12.5663
  0.3859 -13.1459 -12.9986 -12.7352 -12.5748
  0.3876 -13.1545 -13.0070 -12.7436 -12.5832
  0.3894 -13.1631 -13.0155 -12.7521 -12.5915
  0.3911 -13.1717 -13.0239 -12.7605 -12.5999
  0.3929 -13.1818 -13.0339 -12.7705 -12.6101
  0.3947 -13.1895 -13.0412 -12.7778 -12.6172
  0.3965 -13.1978 -13.0495 -12.7860 -12.6255
  0.3982 -13.2061 -13.0577 -12.7943 -12.6338
  0.4001 -13.2145 -13.0660 -12.8025 -12.6420
  0.4019 -13.2230 -13.0743 -12.8109 -12.6503
  0.4037 -13.2314 -13.0825 -12.8191 -12.6585
  0.4055 -13.2399 -13.0909 -12.8275 -12.6668
  0.4073 -13.2483 -13.0993 -12.8358 -12.6751
  0.4092 -13.2567 -13.1076 -12.8441 -12.6834
  0.4110 -13.2646 -13.1152 -12.8517 -12.6908
  0.4129 -13.2746 -13.1250 -12.8614 -12.7006
  0.4148 -13.2827 -13.1329 -12.8692 -12.7082
  0.4166 -13.2911 -13.1412 -12.8775 -12.7164
  0.4185 -13.2996 -13.1494 -12.8857 -12.7246
  0.4204 -13.3080 -13.1577 -12.8939 -12.7328
  0.4223 -13.3164 -13.1659 -12.9021 -12.7409
  0.4242 -13.3248 -13.1741 -12.9103 -12.7491
  0.4262 -13.3333 -13.1825 -12.9185 -12.7573
  0.4281 -13.3417 -13.1908 -12.9268 -12.7655
  0.4300 -13.3501 -13.1990 -12.9349 -12.7736
  0.4320 -13.3585 -13.2072 -12.9430 -12.7817
  0.4339 -13.3669 -13.2154 -12.9512 -12.7898
  0.4359 -13.3753 -13.2236 -12.9594 -12.7980
  0.4379 -13.3830 -13.2311 -12.9668 -12.8053
  0.4398 -13.3931 -13.2411 -12.9766 -12.8152
  0.4418 -13.4010 -13.2487 -12.9842 -12.8226
  0.4438 -13.4093 -13.2568 -12.9922 -12.8307
  0.4458 -13.4175 -13.2649 -13.0003 -12.8388
  0.4478 -13.4259 -13.2731 -13.0085 -12.8469
  0.4499 -13.4343 -13.2814 -13.0167 -12.8551
  0.4519 -13.4425 -13.2895 -13.0248 -12.8631
  0.4540 -13.4507 -13.2976 -13.0329 -12.8711
  0.4560 -13.4590 -13.3057 -13.0410 -12.8792
  0.4581 -13.4674 -13.3139 -13.0491 -12.8873
  0.4601 -13.4759 -13.3222 -13.0573 -12.8954
  0.4622 -13.4786 -13.3262 -13.0610 -12.8984
  0.4643 -13.4882 -13.3342 -13.0683 -12.9044
  0.4664 -13.4969 -13.3422 -13.0759 -12.9110
  0.4685 -13.5053 -13.3501 -13.0835 -12.9181
  0.4706 -13.5140 -13.3585 -13.0917 -12.9262
  0.4728 -13.5223 -13.3665 -13.0996 -12.9340
  0.4749 -13.5307 -13.3747 -13.1078 -12.9421
  0.4771 -13.5391 -13.3829 -13.1159 -12.9502
  0.4792 -13.5474 -13.3910 -13.1240 -12.9583
  0.4814 -13.5560 -13.3995 -13.1324 -12.9667
  0.4836 -13.5641 -13.4075 -13.1403 -12.9746
  0.4858 -13.5723 -13.4155 -13.1482 -12.9825
  0.4880 -13.5838 -13.4269 -13.1597 -12.9941
  0.4902 -13.5902 -13.4330 -13.1655 -12.9996
  0.4924 -13.5982 -13.4408 -13.1732 -13.0071
  0.4946 -13.6064 -13.4487 -13.1810 -13.0149
  0.4968 -13.6147 -13.4569 -13.1890 -13.0228
  0.4991 -13.6231 -13.4651 -13.1971 -13.0308
  0.5014 -13.6315 -13.4733 -13.2053 -13.0389
  0.5036 -13.6401 -13.4818 -13.2137 -13.0472
  0.5059 -13.6484 -13.4899 -13.2217 -13.0551
  0.5082 -13.6566 -13.4980 -13.2297 -13.0631
  0.5105 -13.6649 -13.5062 -13.2378 -13.0711
  0.5128 -13.6693 -13.5096 -13.2407 -13.0735
  0.5151 -13.6731 -13.5124 -13.2430 -13.0753
  0.5174 -13.6814 -13.5205 -13.2511 -13.0833
  0.5198 -13.6907 -13.5297 -13.2604 -13.0925
  0.5221 -13.7006 -13.5396 -13.2705 -13.1028
  0.5245 -13.7122 -13.5516 -13.2826 -13.1156
  0.5269 -13.7200 -13.5594 -13.2905 -13.1236
  0.5293 -13.7288 -13.5681 -13.2992 -13.1325
  0.5317 -13.7369 -13.5761 -13.3072 -13.1404
  0.5341 -13.7466 -13.5856 -13.3167 -13.1499
  0.5365 -13.7571 -13.5964 -13.3276 -13.1614
  0.5389 -13.7657 -13.6048 -13.3360 -13.1697
  0.5413 -13.7741 -13.6132 -13.3443 -13.1782
  0.5438 -13.7842 -13.6233 -13.3544 -13.1885
  0.5463 -13.7923 -13.6313 -13.3624 -13.1966
  0.5487 -13.8013 -13.6403 -13.3714 -13.2058
  0.5512 -13.8094 -13.6483 -13.3793 -13.2136
  0.5537 -13.8185 -13.6573 -13.3884 -13.2229
  0.5562 -13.8265 -13.6651 -13.3961 -13.2305
  0.5587 -13.8352 -13.6738 -13.4047 -13.2392
  0.5613 -13.8434 -13.6818 -13.4126 -13.2470
  0.5638 -13.8519 -13.6901 -13.4208 -13.2551
  0.5663 -13.8605 -13.6986 -13.4292 -13.2635
  0.5689 -13.8686 -13.7066 -13.4370 -13.2712
  0.5715 -13.8770 -13.7147 -13.4451 -13.2792
  0.5741 -13.8854 -13.7230 -13.4533 -13.2873
  0.5767 -13.8936 -13.7311 -13.4612 -13.2953
  0.5793 -13.9016 -13.7390 -13.4690 -13.3030
  0.5819 -13.9098 -13.7469 -13.4769 -13.3109
  0.5845 -13.9180 -13.7549 -13.4848 -13.3187
  0.5872 -13.9262 -13.7630 -13.4927 -13.3266
  0.5898 -13.9344 -13.7710 -13.5007 -13.3346
  0.5925 -13.9426 -13.7791 -13.5087 -13.3425
  0.5952 -13.9509 -13.7872 -13.5167 -13.3504
  0.5979 -13.9594 -13.7956 -13.5249 -13.3586
  0.6006 -13.9678 -13.8038 -13.5330 -13.3666
  0.6033 -13.9735 -13.8120 -13.5416 -13.3764
  0.6060 -13.9804 -13.8162 -13.5444 -13.3768
  0.6088 -13.9887 -13.8241 -13.5518 -13.3835
  0.6115 -13.9963 -13.8310 -13.5583 -13.3890
  0.6143 -14.0049 -13.8392 -13.5662 -13.3968
  0.6171 -14.0129 -13.8468 -13.5737 -13.4041
  0.6199 -14.0211 -13.8548 -13.5815 -13.4118
  0.6227 -14.0294 -13.8629 -13.5895 -13.4198
  0.6255 -14.0377 -13.8710 -13.5975 -13.4277
  0.6283 -14.0463 -13.8794 -13.6057 -13.4359
  0.6311 -14.0547 -13.8876 -13.6137 -13.4439
  0.6340 -14.0630 -13.8956 -13.6216 -13.4517
  0.6369 -14.0713 -13.9037 -13.6296 -13.4595
  0.6398 -14.0797 -13.9119 -13.6376 -13.4675
  0.6427 -14.0880 -13.9200 -13.6456 -13.4754
  0.6456 -14.0963 -13.9281 -13.6535 -13.4833
  0.6485 -14.1046 -13.9362 -13.6614 -13.4912
  0.6514 -14.1133 -13.9448 -13.6699 -13.4997
  0.6544 -14.1216 -13.9529 -13.6779 -13.5076
  0.6573 -14.1298 -13.9608 -13.6857 -13.5154
  0.6603 -14.1380 -13.9689 -13.6936 -13.5233
  0.6633 -14.1463 -13.9769 -13.7016 -13.5312
  0.6663 -14.1546 -13.9850 -13.7096 -13.5391
  0.6693 -14.1629 -13.9932 -13.7176 -13.5471
  0.6723 -14.1713 -14.0014 -13.7257 -13.5550
  0.6754 -14.1796 -14.0095 -13.7336 -13.5628
  0.6784 -14.1886 -14.0183 -13.7422 -13.5715
  0.6815 -14.1967 -14.0262 -13.7499 -13.5792
  0.6846 -14.2049 -14.0341 -13.7577 -13.5869
  0.6877 -14.2132 -14.0422 -13.7656 -13.5947
  0.6908 -14.2215 -14.0503 -13.7735 -13.6026
  0.6939 -14.2298 -14.0584 -13.7814 -13.6105
  0.6971 -14.2380 -14.0663 -13.7893 -13.6184
  0.7002 -14.2461 -14.0743 -13.7972 -13.6262
  0.7034 -14.2549 -14.0830 -13.8058 -13.6351
  0.7066 -14.2632 -14.0911 -13.8137 -13.6431
  0.7098 -14.2713 -14.0991 -13.8215 -13.6507
  0.7130 -14.2796 -14.1071 -13.8294 -13.6585
  0.7162 -14.2879 -14.1152 -13.8373 -13.6664
  0.7194 -14.2962 -14.1233 -13.8453 -13.6743
  0.7227 -14.3045 -14.1314 -13.8532 -13.6821
  0.7260 -14.3128 -14.1394 -13.8611 -13.6900
  0.7292 -14.3213 -14.1477 -13.8691 -13.6980
  0.7325 -14.3300 -14.1562 -13.8774 -13.7062
  0.7359 -14.3379 -14.1639 -13.8849 -13.7136
  0.7392 -14.3460 -14.1718 -13.8926 -13.7212
  0.7425 -14.3544 -14.1798 -13.9005 -13.7290
  0.7459 -14.3626 -14.1879 -13.9084 -13.7368
  0.7493 -14.3772 -14.2029 -13.9237 -13.7530
  0.7527 -14.3818 -14.2071 -13.9275 -13.7557
  0.7561 -14.3887 -14.2133 -13.9332 -13.7606
  0.7595 -14.3966 -14.2209 -13.9404 -13.7676
  0.7629 -14.4045 -14.2285 -13.9478 -13.7749
  0.7664 -14.4126 -14.2363 -13.9554 -13.7824
  0.7698 -14.4207 -14.2442 -13.9632 -13.7901
  0.7733 -14.4292 -14.2525 -13.9713 -13.7982
  0.7768 -14.4372 -14.2603 -13.9789 -13.8058
  0.7803 -14.4453 -14.2681 -13.9866 -13.8134
  0.7839 -14.4534 -14.2761 -13.9943 -13.8211
  0.7874 -14.4616 -14.2840 -14.0022 -13.8288
  0.7910 -14.4697 -14.2919 -14.0100 -13.8366
  0.7946 -14.4778 -14.2998 -14.0177 -13.8443
  0.7981 -14.4859 -14.3077 -14.0255 -13.8521
  0.8018 -14.4940 -14.3157 -14.0333 -13.8599
  0.8054 -14.5028 -14.3243 -14.0417 -13.8683
  0.8090 -14.5111 -14.3324 -14.0497 -13.8762
  0.8127 -14.5193 -14.3404 -14.0574 -13.8838
  0.8164 -14.5276 -14.3485 -14.0653 -13.8916
  0.8201 -14.5360 -14.3565 -14.0732 -13.8993
  0.8238 -14.5442 -14.3646 -14.0810 -13.9071
  0.8275 -14.5525 -14.3726 -14.0888 -13.9148
  0.8312 -14.5606 -14.3805 -14.0966 -13.9226
  0.8350 -14.5688 -14.3884 -14.1044 -13.9303
  0.8388 -14.5769 -14.3964 -14.1121 -13.9380
  0.8426 -14.5853 -14.4046 -14.1202 -13.9461
  0.8464 -14.5940 -14.4131 -14.1284 -13.9545
  0.8502 -14.6020 -14.4209 -14.1361 -13.9621
  0.8541 -14.6100 -14.4287 -14.1438 -13.9697
  0.8579 -14.6181 -14.4366 -14.1515 -13.9774
  0.8618 -14.6262 -14.4445 -14.1592 -13.9851
  0.8657 -14.6344 -14.4524 -14.1670 -13.9928
  0.8696 -14.6427 -14.4605 -14.1749 -14.0005
  0.8736 -14.6509 -14.4685 -14.1827 -14.0083
  0.8775 -14.6592 -14.4765 -14.1905 -14.0160
  0.8815 -14.6674 -14.4845 -14.1984 -14.0237
  0.8855 -14.6757 -14.4925 -14.2062 -14.0315
  0.8895 -14.6839 -14.5005 -14.2140 -14.0392
  0.8935 -14.6922 -14.5085 -14.2218 -14.0469
  0.8975 -14.7015 -14.5177 -14.2307 -14.0560
  0.9016 -14.7097 -14.5257 -14.2385 -14.0636
  0.9057 -14.7179 -14.5336 -14.2462 -14.0712
  0.9098 -14.7262 -14.5416 -14.2540 -14.0789
  0.9139 -14.7345 -14.5497 -14.2618 -14.0867
  0.9180 -14.7428 -14.5577 -14.2696 -14.0945
  0.9222 -14.7510 -14.5657 -14.2774 -14.1022
  0.9264 -14.7592 -14.5736 -14.2852 -14.1099
  0.9306 -14.7676 -14.5818 -14.2932 -14.1179
  0.9348 -14.7763 -14.5904 -14.3015 -14.1262
  0.9390 -14.7841 -14.5979 -14.3089 -14.1335
  0.9432 -14.7920 -14.6056 -14.3163 -14.1408
  0.9475 -14.8000 -14.6133 -14.3239 -14.1483
  0.9518 -14.8082 -14.6213 -14.3316 -14.1559
  0.9561 -14.8165 -14.6293 -14.3394 -14.1636
  0.9604 -14.8248 -14.6374 -14.3473 -14.1713
  0.9648 -14.8331 -14.6453 -14.3551 -14.1790
  0.9691 -14.8413 -14.6533 -14.3628 -14.1867
  0.9735 -14.8499 -14.6616 -14.3710 -14.1949
  0.9779 -14.8588 -14.6704 -14.3796 -14.2037
  0.9824 -14.8668 -14.6781 -14.3871 -14.2109
  0.9868 -14.8748 -14.6858 -14.3946 -14.2183
  0.9913 -14.8830 -14.6938 -14.4024 -14.2259
  0.9957 -14.8911 -14.7016 -14.4101 -14.2334
  1.0003 -14.8991 -14.7094 -14.4178 -14.2410
  1.0048 -14.9077 -14.7178 -14.4259 -14.2491
  1.0093 -14.9157 -14.7255 -14.4334 -14.2565
  1.0139 -14.9238 -14.7333 -14.4411 -14.2640
  1.0185 -14.9322 -14.7414 -14.4490 -14.2718
  1.0231 -14.9404 -14.7494 -14.4569 -14.2795
  1.0277 -14.9491 -14.7578 -14.4651 -14.2876
  1.0324 -14.9565 -14.7650 -14.4721 -14.2943
  1.0370 -14.9645 -14.7726 -14.4795 -14.3015
  1.0417 -14.9728 -14.7807 -14.4874 -14.3092
  1.0464 -14.9809 -14.7886 -14.4951 -14.3168
  1.0512 -14.9888 -14.7962 -14.5026 -14.3241
  1.0559 -14.9976 -14.8048 -14.5110 -14.3324
  1.0607 -14.9970 -14.8030 -14.5092 -14.3249
  1.0655 -15.0191 -14.8275 -14.5338 -14.3568
  1.0703 -15.0243 -14.8318 -14.5376 -14.3585
  1.0752 -15.0312 -14.8379 -14.5433 -14.3628
  1.0800 -15.0389 -14.8450 -14.5501 -14.3693
  1.0849 -15.0468 -14.8526 -14.5575 -14.3767
  1.0898 -15.0548 -14.8604 -14.5651 -14.3841
  1.0948 -15.0628 -14.8681 -14.5727 -14.3916
  1.0997 -15.0705 -14.8756 -14.5800 -14.3988
  1.1047 -15.0784 -14.8832 -14.5875 -14.4060
  1.1097 -15.0864 -14.8910 -14.5951 -14.4135
  1.1147 -15.0944 -14.8988 -14.6028 -14.4209
  1.1198 -15.1029 -14.9072 -14.6109 -14.4292
  1.1248 -15.1109 -14.9149 -14.6185 -14.4366
  1.1299 -15.1189 -14.9227 -14.6261 -14.4440
  1.1350 -15.1269 -14.9304 -14.6337 -14.4514
  1.1402 -15.1350 -14.9383 -14.6415 -14.4589
  1.1453 -15.1432 -14.9462 -14.6492 -14.4664
  1.1505 -15.1513 -14.9541 -14.6569 -14.4739
  1.1557 -15.1594 -14.9620 -14.6646 -14.4815
  1.1609 -15.1679 -14.9704 -14.6729 -14.4899
  1.1662 -15.1759 -14.9781 -14.6804 -14.4972
  1.1715 -15.1839 -14.9859 -14.6880 -14.5046
  1.1768 -15.1919 -14.9937 -14.6957 -14.5120
  1.1821 -15.2000 -15.0015 -14.7034 -14.5195
  1.1874 -15.2081 -15.0094 -14.7111 -14.5270
  1.1928 -15.2162 -15.0172 -14.7188 -14.5345
  1.1982 -15.2243 -15.0251 -14.7265 -14.5420
  1.2036 -15.2325 -15.0330 -14.7343 -14.5495
  1.2091 -15.2413 -15.0417 -14.7428 -14.5583
  1.2145 -15.2493 -15.0496 -14.7505 -14.5657
  1.2200 -15.2573 -15.0572 -14.7580 -14.5730
  1.2256 -15.2653 -15.0650 -14.7656 -14.5803
  1.2311 -15.2734 -15.0729 -14.7734 -14.5878
  1.2367 -15.2816 -15.0809 -14.7811 -14.5953
  1.2423 -15.2897 -15.0888 -14.7889 -14.6028
  1.2479 -15.2980 -15.0969 -14.7968 -14.6107
  1.2535 -15.3065 -15.1054 -14.8052 -14.6194
  1.2592 -15.3145 -15.1130 -14.8127 -14.6267
  1.2649 -15.3223 -15.1207 -14.8202 -14.6340
  1.2706 -15.3303 -15.1284 -14.8278 -14.6413
  1.2764 -15.3383 -15.1362 -14.8355 -14.6488
  1.2822 -15.3464 -15.1441 -14.8432 -14.6562
  1.2880 -15.3545 -15.1520 -14.8510 -14.6637
  1.2938 -15.3626 -15.1599 -14.8588 -14.6711
  1.2996 -15.3707 -15.1677 -14.8665 -14.6785
  1.3055 -15.3795 -15.1763 -14.8749 -14.6871
  1.3114 -15.3875 -15.1842 -14.8826 -14.6944
  1.3174 -15.3953 -15.1917 -14.8900 -14.7015
  1.3233 -15.4032 -15.1994 -14.8976 -14.7087
  1.3293 -15.4113 -15.2073 -14.9053 -14.7161
  1.3353 -15.4196 -15.2153 -14.9131 -14.7236
  1.3414 -15.4277 -15.2232 -14.9209 -14.7310
  1.3474 -15.4365 -15.2318 -14.9293 -14.7394
  1.3535 -15.4445 -15.2395 -14.9369 -14.7466
  1.3597 -15.4523 -15.2472 -14.9444 -14.7538
  1.3658 -15.4603 -15.2549 -14.9520 -14.7611
  1.3720 -15.4683 -15.2627 -14.9597 -14.7685
  1.3782 -15.4764 -15.2706 -14.9674 -14.7759
  1.3844 -15.4845 -15.2785 -14.9753 -14.7834
  1.3907 -15.4926 -15.2864 -14.9831 -14.7909
  1.3970 -15.5007 -15.2943 -14.9908 -14.7983
  1.4033 -15.5087 -15.3021 -14.9985 -14.8056
  1.4097 -15.5174 -15.3107 -15.0069 -14.8140
  1.4160 -15.5255 -15.3186 -15.0147 -14.8216
  1.4224 -15.5333 -15.3261 -15.0221 -14.8286
  1.4289 -15.5411 -15.3337 -15.0296 -14.8357
  1.4353 -15.5491 -15.3416 -15.0373 -14.8430
  1.4418 -15.5573 -15.3496 -15.0452 -14.8505
  1.4484 -15.5655 -15.3576 -15.0531 -14.8580
  1.4549 -15.5736 -15.3655 -15.0608 -14.8654
  1.4615 -15.5822 -15.3738 -15.0691 -14.8736
  1.4681 -15.5903 -15.3817 -15.0769 -14.8811
  1.4748 -15.5981 -15.3894 -15.0844 -14.8883
  1.4814 -15.6060 -15.3971 -15.0920 -14.8955
  1.4881 -15.6140 -15.4049 -15.0997 -14.9029
  1.4949 -15.6220 -15.4128 -15.1075 -14.9104
  1.5016 -15.6301 -15.4207 -15.1154 -14.9178
  1.5084 -15.6381 -15.4286 -15.1232 -14.9252
  1.5152 -15.6462 -15.4365 -15.1310 -14.9327
  1.5221 -15.6543 -15.4444 -15.1389 -14.9400
  1.5290 -15.6629 -15.4528 -15.1472 -14.9482
  1.5359 -15.6714 -15.4611 -15.1554 -14.9563
  1.5429 -15.6791 -15.4687 -15.1628 -14.9633
  1.5498 -15.6869 -15.4763 -15.1703 -14.9703
  1.5568 -15.6948 -15.4841 -15.1780 -14.9776
  1.5639 -15.7030 -15.4921 -15.1859 -14.9851
  1.5710 -15.7111 -15.5000 -15.1938 -14.9925
  1.5781 -15.7194 -15.5081 -15.2019 -15.0003
  1.5852 -15.7282 -15.5167 -15.2104 -15.0090
  1.5924 -15.7359 -15.5243 -15.2180 -15.0161
  1.5996 -15.7437 -15.5319 -15.2255 -15.0232
  1.6068 -15.7515 -15.5397 -15.2332 -15.0305
  1.6141 -15.7595 -15.5475 -15.2410 -15.0379
  1.6214 -15.7676 -15.5555 -15.2489 -15.0453
  1.6287 -15.7757 -15.5634 -15.2568 -15.0528
  1.6361 -15.7838 -15.5714 -15.2647 -15.0602
  1.6435 -15.7919 -15.5793 -15.2725 -15.0676
  1.6509 -15.8000 -15.5872 -15.2804 -15.0750
  1.6584 -15.8090 -15.5960 -15.2891 -15.0836
  1.6659 -15.8168 -15.6037 -15.2968 -15.0908
  1.6735 -15.8244 -15.6111 -15.3042 -15.0977
  1.6810 -15.8320 -15.6187 -15.3117 -15.1047
  1.6886 -15.8399 -15.6264 -15.3194 -15.1120
  1.6963 -15.8480 -15.6344 -15.3273 -15.1194
  1.7040 -15.8559 -15.6423 -15.3352 -15.1267
  1.7117 -15.8638 -15.6500 -15.3429 -15.1340
  1.7194 -15.8725 -15.6585 -15.3514 -15.1424
  1.7272 -15.8803 -15.6661 -15.3590 -15.1495
  1.7350 -15.8883 -15.6740 -15.3668 -15.1568
  1.7429 -15.8965 -15.6820 -15.3748 -15.1644
  1.7507 -15.9046 -15.6901 -15.3828 -15.1720
  1.7587 -15.9527 -15.7359 -15.4337 -15.2180
  1.7666 -15.9112 -15.6946 -15.3882 -15.1722
  1.7746 -15.9147 -15.6994 -15.3934 -15.1781
  1.7826 -15.9270 -15.7107 -15.4053 -15.1878
  1.7907 -15.9352 -15.7191 -15.4137 -15.1965
  1.7988 -15.9423 -15.7261 -15.4207 -15.2025
  1.8069 -15.9497 -15.7333 -15.4278 -15.2088
  1.8151 -15.9576 -15.7411 -15.4357 -15.2159
  1.8233 -15.9653 -15.7487 -15.4432 -15.2229
  1.8316 -15.9731 -15.7564 -15.4508 -15.2299
  1.8399 -15.9814 -15.7645 -15.4591 -15.2376
  1.8482 -15.9893 -15.7723 -15.4669 -15.2448
  1.8566 -15.9970 -15.7800 -15.4745 -15.2520
  1.8650 -16.0048 -15.7877 -15.4822 -15.2592
  1.8734 -16.0127 -15.7955 -15.4900 -15.2665
  1.8819 -16.0206 -15.8034 -15.4978 -15.2739
  1.8904 -16.0285 -15.8112 -15.5056 -15.2812
  1.8989 -16.0368 -15.8194 -15.5141 -15.2890
  1.9075 -16.0447 -15.8273 -15.5222 -15.2965
  1.9162 -16.0524 -15.8350 -15.5298 -15.3037
  1.9248 -16.0602 -15.8427 -15.5375 -15.3110
  1.9335 -16.0681 -15.8506 -15.5454 -15.3183
  1.9423 -16.0761 -15.8585 -15.5533 -15.3257
  1.9511 -16.0840 -15.8663 -15.5611 -15.3330
  1.9599 -16.0918 -15.8741 -15.5689 -15.3404
  1.9688 -16.0999 -15.8822 -15.5772 -15.3480
  1.9777 -16.1081 -15.8903 -15.5856 -15.3558
  1.9866 -16.1158 -15.8980 -15.5933 -15.3630
  1.9956 -16.1235 -15.9057 -15.6011 -15.3702
  2.0046 -16.1312 -15.9134 -15.6089 -15.3775
  2.0137 -16.1390 -15.9212 -15.6168 -15.3848
  2.0228 -16.1468 -15.9290 -15.6246 -15.3922
  2.0320 -16.1546 -15.9368 -15.6324 -15.3995
  2.0412 -16.1625 -15.9446 -15.6402 -15.4069
  2.0504 -16.1703 -15.9524 -15.6481 -15.4142
  2.0597 -16.1790 -15.9611 -15.6573 -15.4225
  2.0690 -16.1865 -15.9686 -15.6649 -15.4296
  2.0784 -16.1941 -15.9762 -15.6725 -15.4367
  2.0878 -16.2018 -15.9839 -15.6803 -15.4439
  2.0972 -16.2095 -15.9916 -15.6881 -15.4512
  2.1067 -16.2172 -15.9994 -15.6960 -15.4585
  2.1162 -16.2250 -16.0072 -15.7038 -15.4658
  2.1258 -16.2327 -16.0150 -15.7116 -15.4732
  2.1354 -16.2404 -16.0227 -15.7194 -15.4805
  2.1451 -16.2481 -16.0304 -15.7272 -15.4878
  2.1548 -16.2564 -16.0387 -15.7360 -15.4958
  2.1645 -16.2641 -16.0465 -15.7439 -15.5031
  2.1743 -16.2716 -16.0540 -15.7515 -15.5101
  2.1842 -16.2791 -16.0615 -15.7592 -15.5172
  2.1941 -16.2868 -16.0693 -15.7671 -15.5245
  2.2040 -16.2946 -16.0772 -15.7750 -15.5318
  2.2140 -16.3025 -16.0850 -15.7830 -15.5392
  2.2240 -16.3103 -16.0929 -15.7909 -15.5466
  2.2340 -16.3184 -16.1010 -15.7994 -15.5544
  2.2442 -16.3259 -16.1086 -15.8071 -15.5615
  2.2543 -16.3335 -16.1163 -15.8149 -15.5688
  2.2645 -16.3413 -16.1241 -15.8228 -15.5762
  2.2748 -16.3490 -16.1319 -15.8307 -15.5836
  2.2850 -16.3568 -16.1397 -15.8386 -15.5910
  2.2954 -16.3645 -16.1475 -15.8464 -15.5984
  2.3058 -16.3723 -16.1553 -15.8544 -15.6057
  2.3162 -16.3803 -16.1634 -15.8630 -15.6136
  2.3267 -16.3873 -16.1705 -15.8701 -15.6203
  2.3372 -16.3946 -16.1779 -15.8776 -15.6271
  2.3478 -16.4021 -16.1855 -15.8854 -15.6342
  2.3584 -16.4099 -16.1934 -15.8934 -15.6415
  2.3691 -16.4177 -16.2012 -15.9015 -15.6490
  2.3798 -16.4252 -16.2089 -15.9093 -15.6562
  2.3906 -16.4331 -16.2167 -15.9173 -15.6636
  2.4014 -16.4410 -16.2247 -15.9254 -15.6712
  2.4122 -16.4490 -16.2328 -15.9338 -15.6790
  2.4232 -16.4560 -16.2399 -15.9410 -15.6858
  2.4341 -16.4634 -16.2474 -15.9487 -15.6928
  2.4451 -16.4715 -16.2556 -15.9571 -15.7004
  2.4562 -16.4798 -16.2639 -15.9655 -15.7084
  2.4673 -16.4881 -16.2722 -15.9741 -15.7166
  2.4785 -16.4985 -16.2823 -15.9844 -15.7266
  2.4897 -16.5037 -16.2877 -15.9897 -15.7336
  2.5010 -16.5072 -16.2916 -15.9937 -15.7363
  2.5123 -16.5142 -16.2985 -16.0013 -15.7417
  2.5236 -16.5211 -16.3055 -16.0085 -15.7480
  2.5351 -16.5279 -16.3124 -16.0157 -15.7543
  2.5465 -16.5351 -16.3197 -16.0233 -15.7610
  2.5580 -16.5422 -16.3269 -16.0306 -15.7677
  2.5696 -16.5494 -16.3342 -16.0381 -15.7746
  2.5812 -16.5568 -16.3417 -16.0458 -15.7816
  2.5929 -16.5642 -16.3493 -16.0536 -15.7887
  2.6047 -16.5720 -16.3571 -16.0618 -15.7962
  2.6164 -16.5793 -16.3646 -16.0695 -15.8033
  2.6283 -16.5867 -16.3721 -16.0773 -15.8104
  2.6402 -16.5941 -16.3797 -16.0851 -15.8176
  2.6521 -16.6015 -16.3873 -16.0930 -15.8249
  2.6641 -16.6089 -16.3948 -16.1008 -15.8321
  2.6762 -16.6163 -16.4024 -16.1086 -15.8393
  2.6883 -16.6239 -16.4101 -16.1167 -15.8467
  2.7004 -16.6312 -16.4175 -16.1244 -15.8539
  2.7127 -16.6383 -16.4249 -16.1320 -15.8609
  2.7249 -16.6455 -16.4323 -16.1397 -15.8679
  2.7373 -16.6527 -16.4397 -16.1474 -15.8750
  2.7497 -16.6601 -16.4473 -16.1553 -15.8822
  2.7621 -16.6675 -16.4549 -16.1631 -15.8894
  2.7746 -16.6749 -16.4624 -16.1710 -15.8966
  2.7871 -16.6822 -16.4700 -16.1788 -15.9038
  2.7998 -16.6897 -16.4776 -16.1868 -15.9111
  2.8124 -16.6971 -16.4852 -16.1948 -15.9184
  2.8251 -16.7044 -16.4927 -16.2025 -15.9255
  2.8379 -16.7117 -16.5002 -16.2104 -15.9327
  2.8508 -16.7191 -16.5078 -16.2183 -15.9399
  2.8637 -16.7265 -16.5154 -16.2262 -15.9472
  2.8766 -16.7337 -16.5229 -16.2340 -15.9544
  2.8896 -16.7410 -16.5303 -16.2419 -15.9617
  2.9027 -16.7480 -16.5375 -16.2495 -15.9686
  2.9158 -16.7548 -16.5446 -16.2568 -15.9754
  2.9290 -16.7617 -16.5518 -16.2643 -15.9822
  2.9423 -16.7689 -16.5592 -16.2721 -15.9893
  2.9556 -16.7761 -16.5666 -16.2799 -15.9964
  2.9690 -16.7833 -16.5740 -16.2878 -16.0037
  2.9824 -16.7903 -16.5813 -16.2955 -16.0107
  2.9959 -16.7975 -16.5887 -16.3032 -16.0177
  3.0095 -16.8047 -16.5962 -16.3113 -16.0250
  3.0231 -16.8118 -16.6036 -16.3190 -16.0321
  3.0368 -16.8189 -16.6110 -16.3267 -16.0392
  3.0505 -16.8260 -16.6183 -16.3345 -16.0464
  3.0643 -16.8331 -16.6257 -16.3422 -16.0536
  3.0782 -16.8399 -16.6327 -16.3497 -16.0604
  3.0921 -16.8471 -16.6402 -16.3576 -16.0676
  3.1061 -16.8539 -16.6473 -16.3651 -16.0745
  3.1201 -16.8611 -16.6548 -16.3731 -16.0817
  3.1343 -16.8677 -16.6617 -16.3804 -16.0884
  3.1484 -16.8749 -16.6691 -16.3883 -16.0955
  3.1627 -16.8813 -16.6759 -16.3955 -16.1021
  3.1770 -16.8884 -16.6833 -16.4032 -16.1091
  3.1914 -16.8948 -16.6901 -16.4104 -16.1157
  3.2058 -16.9016 -16.6972 -16.4179 -16.1224
  3.2203 -16.9085 -16.7044 -16.4256 -16.1293
  3.2349 -16.9154 -16.7116 -16.4333 -16.1363
  3.2495 -16.9221 -16.7187 -16.4407 -16.1430
  3.2642 -16.9288 -16.7257 -16.4481 -16.1498
  3.2790 -16.9359 -16.7330 -16.4560 -16.1568
  3.2938 -16.9427 -16.7402 -16.4636 -16.1638
  3.3087 -16.9495 -16.7473 -16.4711 -16.1706
  3.3237 -16.9563 -16.7545 -16.4787 -16.1775
  3.3387 -16.9632 -16.7618 -16.4865 -16.1846
  3.3538 -16.9701 -16.7691 -16.4943 -16.1917
  3.3690 -16.9772 -16.7766 -16.5023 -16.1990
  3.3843 -16.9842 -16.7839 -16.5101 -16.2062
  3.3996 -16.9908 -16.7910 -16.5176 -16.2131
  3.4150 -16.9976 -16.7981 -16.5252 -16.2199
  3.4304 -17.0047 -16.8056 -16.5332 -16.2272
  3.4459 -17.0119 -16.8132 -16.5414 -16.2346
  3.4615 -17.0190 -16.8206 -16.5494 -16.2421
  3.4772 -17.0254 -16.8274 -16.5566 -16.2488
  3.4929 -17.0317 -16.8342 -16.5636 -16.2552
  3.5087 -17.0385 -16.8414 -16.5715 -16.2621
  3.5246 -17.0457 -16.8490 -16.5797 -16.2695
  3.5405 -17.0526 -16.8563 -16.5876 -16.2768
  3.5566 -17.0588 -16.8630 -16.5946 -16.2834
  3.5727 -17.0649 -16.8695 -16.6014 -16.2897
  3.5888 -17.0715 -16.8765 -16.6090 -16.2964
  3.6051 -17.0782 -16.8836 -16.6167 -16.3032
  3.6214 -17.0849 -16.8908 -16.6243 -16.3102
  3.6377 -17.0916 -16.8980 -16.6320 -16.3172
  3.6542 -17.0985 -16.9053 -16.6401 -16.3245
  3.6707 -17.1050 -16.9123 -16.6476 -16.3314
  3.6874 -17.1113 -16.9191 -16.6548 -16.3380
  3.7040 -17.1177 -16.9260 -16.6621 -16.3447
  3.7208 -17.1243 -16.9331 -16.6697 -16.3516
  3.7376 -17.1312 -16.9404 -16.6777 -16.3588
  3.7545 -17.1378 -16.9475 -16.6854 -16.3658
  3.7715 -17.1443 -16.9545 -16.6929 -16.3727
  3.7886 -17.1508 -16.9616 -16.7004 -16.3796
  3.8057 -17.1575 -16.9688 -16.7082 -16.3866
  3.8230 -17.1641 -16.9760 -16.7160 -16.3937
  3.8403 -17.1709 -16.9832 -16.7239 -16.4011
  3.8576 -17.1773 -16.9901 -16.7313 -16.4079
  3.8751 -17.1835 -16.9969 -16.7385 -16.4145
  3.8926 -17.1898 -17.0038 -16.7459 -16.4212
  3.9102 -17.1964 -17.0109 -16.7537 -16.4282
  3.9279 -17.2031 -17.0181 -16.7616 -16.4354
  3.9457 -17.2094 -17.0250 -16.7690 -16.4422
  3.9635 -17.2157 -17.0318 -16.7764 -16.4490
  3.9815 -17.2221 -17.0388 -16.7839 -16.4559
  3.9995 -17.2287 -17.0460 -16.7916 -16.4629
  4.0176 -17.2353 -17.0532 -16.7996 -16.4702
  4.0358 -17.2417 -17.0601 -16.8071 -16.4772
  4.0540 -17.2478 -17.0668 -16.8143 -16.4838
  4.0724 -17.2539 -17.0735 -16.8215 -16.4904
  4.0908 -17.2602 -17.0805 -16.8291 -16.4973
  4.1093 -17.2666 -17.0875 -16.8368 -16.5044
  4.1279 -17.2728 -17.0943 -16.8441 -16.5112
  4.1466 -17.2789 -17.1010 -16.8513 -16.5178
  4.1653 -17.2851 -17.1078 -16.8587 -16.5246
  4.1842 -17.2915 -17.1148 -16.8664 -16.5315
  4.2031 -17.2980 -17.1219 -16.8741 -16.5386
  4.2221 -17.3042 -17.1288 -16.8818 -16.5459
  4.2412 -17.3102 -17.1355 -16.8890 -16.5526
  4.2604 -17.3161 -17.1420 -16.8960 -16.5591
  4.2797 -17.3221 -17.1488 -16.9033 -16.5658
  4.2991 -17.3285 -17.1558 -16.9113 -16.5732
  4.3185 -17.3347 -17.1627 -16.9188 -16.5800
  4.3381 -17.3408 -17.1695 -16.9261 -16.5867
  4.3577 -17.3468 -17.1762 -16.9334 -16.5934
  4.3774 -17.3529 -17.1830 -16.9408 -16.6002
  4.3972 -17.3592 -17.1899 -16.9484 -16.6072
  4.4171 -17.3655 -17.1970 -16.9563 -16.6146
  4.4371 -17.3717 -17.2038 -16.9637 -16.6215
  4.4572 -17.3776 -17.2104 -16.9709 -16.6282
  4.4773 -17.3835 -17.2170 -16.9780 -16.6348
  4.4976 -17.3895 -17.2237 -16.9854 -16.6415
  4.5179 -17.3958 -17.2308 -16.9934 -16.6489
  4.5384 -17.4018 -17.2375 -17.0008 -16.6557
  4.5589 -17.4077 -17.2442 -17.0079 -16.6624
  4.5795 -17.4135 -17.2507 -17.0151 -16.6690
  4.6003 -17.4194 -17.2575 -17.0225 -16.6758
  4.6211 -17.4255 -17.2643 -17.0301 -16.6827
  4.6420 -17.4318 -17.2713 -17.0377 -16.6898
  4.6630 -17.4380 -17.2783 -17.0457 -16.6973
  4.6841 -17.4439 -17.2849 -17.0528 -16.7039
  4.7053 -17.4495 -17.2913 -17.0598 -16.7104
  4.7266 -17.4551 -17.2977 -17.0667 -16.7169
  4.7480 -17.4609 -17.3043 -17.0740 -16.7236
  4.7694 -17.4670 -17.3112 -17.0817 -16.7307
  4.7910 -17.4730 -17.3181 -17.0894 -16.7378
  4.8127 -17.4787 -17.3246 -17.0966 -16.7444
  4.8345 -17.4844 -17.3311 -17.1037 -16.7511
  4.8563 -17.4901 -17.3377 -17.1109 -16.7578
  4.8783 -17.4960 -17.3445 -17.1184 -16.7647
  4.9004 -17.5021 -17.3513 -17.1259 -16.7717
  4.9226 -17.5081 -17.3582 -17.1335 -16.7787
  4.9448 -17.5141 -17.3650 -17.1413 -16.7860
  4.9672 -17.5197 -17.3714 -17.1483 -16.7926
  4.9897 -17.5251 -17.3777 -17.1551 -16.7990
  5.0123 -17.5306 -17.3841 -17.1621 -16.8056
  5.0349 -17.5363 -17.3907 -17.1694 -16.8123
  5.0577 -17.5423 -17.3976 -17.1773 -16.8196
  5.0806 -17.5480 -17.4042 -17.1846 -16.8263
  5.1036 -17.5535 -17.4106 -17.1916 -16.8329
  5.1267 -17.5590 -17.4170 -17.1986 -16.8395
  5.1499 -17.5647 -17.4235 -17.2058 -16.8463
  5.1732 -17.5705 -17.4302 -17.2133 -16.8533
  5.1966 -17.5764 -17.4371 -17.2209 -16.8604
  5.2201 -17.5822 -17.4438 -17.2286 -16.8676
  5.2437 -17.5876 -17.4501 -17.2355 -16.8741
  5.2674 -17.5928 -17.4562 -17.2422 -16.8804
  5.2913 -17.5980 -17.4624 -17.2490 -16.8869
  5.3152 -17.6034 -17.4689 -17.2562 -16.8936
  5.3393 -17.6091 -17.4756 -17.2639 -16.9007
  5.3634 -17.6146 -17.4820 -17.2710 -16.9074
  5.3877 -17.6200 -17.4884 -17.2780 -16.9140
  5.4121 -17.6254 -17.4948 -17.2852 -16.9207
  5.4365 -17.6311 -17.5013 -17.2925 -16.9276
  5.4611 -17.6368 -17.5080 -17.3000 -16.9346
  5.4859 -17.6426 -17.5149 -17.3078 -16.9420
  5.5107 -17.6479 -17.5211 -17.3147 -16.9486
  5.5356 -17.6529 -17.5272 -17.3213 -16.9549
  5.5607 -17.6579 -17.5332 -17.3280 -16.9612
  5.5858 -17.6631 -17.5395 -17.3351 -16.9679
  5.6111 -17.6687 -17.5461 -17.3426 -16.9749
  5.6365 -17.6740 -17.5524 -17.3497 -16.9815
  5.6620 -17.6791 -17.5586 -17.3565 -16.9881
  5.6876 -17.6843 -17.5648 -17.3634 -16.9947
  5.7133 -17.6898 -17.5713 -17.3707 -17.0016
  5.7392 -17.6954 -17.5780 -17.3784 -17.0088
  5.7652 -17.7008 -17.5845 -17.3858 -17.0157
  5.7912 -17.7058 -17.5905 -17.3925 -17.0222
  5.8174 -17.7106 -17.5963 -17.3988 -17.0284
  5.8438 -17.7154 -17.6023 -17.4055 -17.0347
  5.8702 -17.7205 -17.6087 -17.4129 -17.0416
  5.8968 -17.7257 -17.6149 -17.4200 -17.0483
  5.9234 -17.7308 -17.6211 -17.4268 -17.0549
  5.9502 -17.7357 -17.6272 -17.4336 -17.0615
  5.9772 -17.7408 -17.6334 -17.4406 -17.0682
  6.0042 -17.7462 -17.6398 -17.4479 -17.0751
  6.0314 -17.7515 -17.6464 -17.4555 -17.0822
  6.0587 -17.7565 -17.6525 -17.4623 -17.0888
  6.0861 -17.7612 -17.6583 -17.4688 -17.0951
  6.1136 -17.7657 -17.6640 -17.4751 -17.1013
  6.1413 -17.7707 -17.6702 -17.4822 -17.1080
  6.1691 -17.7757 -17.6764 -17.4893 -17.1148
  6.1970 -17.7808 -17.6825 -17.4962 -17.1214
  6.2250 -17.7855 -17.6885 -17.5029 -17.1280
  6.2532 -17.7902 -17.6944 -17.5097 -17.1345
  6.2815 -17.7952 -17.7005 -17.5167 -17.1412
  6.3099 -17.8003 -17.7070 -17.5244 -17.1485
  6.3384 -17.8053 -17.7131 -17.5312 -17.1551
  6.3671 -17.8100 -17.7189 -17.5377 -17.1615
  6.3959 -17.8144 -17.7245 -17.5440 -17.1677
  6.4249 -17.8189 -17.7304 -17.5507 -17.1742
  6.4539 -17.8236 -17.7364 -17.5577 -17.1809
  6.4831 -17.8284 -17.7424 -17.5646 -17.1875
  6.5125 -17.8330 -17.7482 -17.5713 -17.1941
  6.5419 -17.8375 -17.7540 -17.5779 -17.2006
  6.5715 -17.8421 -17.7599 -17.5848 -17.2073
  6.6013 -17.8470 -17.7662 -17.5922 -17.2144
  6.6311 -17.8518 -17.7724 -17.5993 -17.2212
  6.6611 -17.8565 -17.7782 -17.6059 -17.2277
  6.6913 -17.8608 -17.7838 -17.6121 -17.2340
  6.7216 -17.8649 -17.7893 -17.6184 -17.2402
  6.7520 -17.8693 -17.7952 -17.6254 -17.2469
  6.7825 -17.8739 -17.8010 -17.6322 -17.2535
  6.8132 -17.8784 -17.8069 -17.6390 -17.2601
  6.8440 -17.8827 -17.8126 -17.6455 -17.2667
  6.8750 -17.8870 -17.8183 -17.6522 -17.2733
  6.9061 -17.8916 -17.8244 -17.6595 -17.2803
  6.9374 -17.8963 -17.8304 -17.6666 -17.2872
  6.9687 -17.9009 -17.8362 -17.6731 -17.2937
  7.0003 -17.9051 -17.8417 -17.6793 -17.2999
  7.0319 -17.9089 -17.8472 -17.6857 -17.3062
  7.0638 -17.9130 -17.8527 -17.6922 -17.3126
  7.0957 -17.9172 -17.8584 -17.6988 -17.3192
  7.1278 -17.9214 -17.8640 -17.7054 -17.3257
  7.1601 -17.9254 -17.8695 -17.7119 -17.3322
  7.1925 -17.9296 -17.8751 -17.7186 -17.3389
  7.2250 -17.9340 -17.8812 -17.7259 -17.3459
  7.2577 -17.9384 -17.8869 -17.7325 -17.3525
  7.2905 -17.9425 -17.8924 -17.7388 -17.3588
  7.3235 -17.9462 -17.8976 -17.7448 -17.3649
  7.3567 -17.9498 -17.9030 -17.7513 -17.3713
  7.3900 -17.9538 -17.9084 -17.7577 -17.3778
  7.4234 -17.9578 -17.9140 -17.7643 -17.3843
  7.4570 -17.9616 -17.9194 -17.7708 -17.3909
  7.4907 -17.9655 -17.9248 -17.7773 -17.3975
  7.5246 -17.9695 -17.9307 -17.7845 -17.4044
  7.5587 -17.9737 -17.9362 -17.7911 -17.4110
  7.5929 -17.9778 -17.9417 -17.7974 -17.4174
  7.6272 -17.9813 -17.9469 -17.8034 -17.4235
  7.6617 -17.9846 -17.9520 -17.8094 -17.4297
  7.6964 -17.9882 -17.9571 -17.8157 -17.4360
  7.7312 -17.9919 -17.9624 -17.8222 -17.4426
  7.7662 -17.9956 -17.9678 -17.8288 -17.4493
  7.8013 -17.9993 -17.9734 -17.8357 -17.4561
  7.8366 -18.0034 -17.9789 -17.8423 -17.4627
  7.8721 -18.0073 -17.9843 -17.8486 -17.4692
  7.9077 -18.0106 -17.9895 -17.8547 -17.4754
  7.9435 -18.0138 -17.9943 -17.8605 -17.4814
  7.9794 -18.0171 -17.9994 -17.8668 -17.4878
  8.0155 -18.0205 -18.0046 -17.8733 -17.4943
  8.0518 -18.0241 -18.0098 -17.8796 -17.5008
  8.0882 -18.0276 -18.0151 -17.8860 -17.5072
  8.1248 -18.0308 -18.0200 -17.8920 -17.5134
  8.1616 -18.0338 -18.0251 -17.8983 -17.5199
  8.1985 -18.0372 -18.0300 -17.9046 -17.5264
  8.2356 -18.0407 -18.0354 -17.9112 -17.5330
  8.2729 -18.0441 -18.0404 -17.9173 -17.5393
  8.3103 -18.0470 -18.0453 -17.9233 -17.5455
  8.3479 -18.0500 -18.0500 -17.9293 -17.5518
  8.3857 -18.0533 -18.0550 -17.9356 -17.5582
  8.4236 -18.0565 -18.0601 -17.9419 -17.5646
  8.4617 -18.0594 -18.0649 -17.9478 -17.5708
  8.5000 -18.0622 -18.0696 -17.9538 -17.5771
  8.5385 -18.0652 -18.0744 -17.9599 -17.5834
  8.5771 -18.0682 -18.0794 -17.9661 -17.5898
  8.6159 -18.0710 -18.0840 -17.9720 -17.5960
  8.6549 -18.0735 -18.0887 -17.9780 -17.6022
  8.6941 -18.0763 -18.0933 -17.9839 -17.6084
  8.7334 -18.0794 -18.0983 -17.9903 -17.6150
  8.7729 -18.0818 -18.1031 -17.9967 -17.6217
  8.8126 -18.0845 -18.1074 -18.0027 -17.6281
  8.8525 -18.0878 -18.1128 -18.0098 -17.6352
  8.8925 -18.0907 -18.1175 -18.0163 -17.6420
  8.9328 -18.0930 -18.1214 -18.0222 -17.6481
  8.9732 -18.0967 -18.1266 -18.0287 -17.6547
  9.0138 -18.1003 -18.1318 -18.0347 -17.6609
  9.0546 -18.1030 -18.1362 -18.0396 -17.6662
  9.0955 -18.1048 -18.1400 -18.0442 -17.6712
  9.1367 -18.1064 -18.1437 -18.0489 -17.6764
  9.1780 -18.1077 -18.1476 -18.0540 -17.6819
  9.2196 -18.1091 -18.1513 -18.0593 -17.6876
  9.2613 -18.1108 -18.1552 -18.0646 -17.6934
  9.3032 -18.1128 -18.1593 -18.0702 -17.6993
  9.3453 -18.1144 -18.1636 -18.0759 -17.7054
  9.3875 -18.1163 -18.1676 -18.0814 -17.7113
  9.4300 -18.1181 -18.1716 -18.0869 -17.7173
  9.4727 -18.1199 -18.1756 -18.0925 -17.7234
  9.5155 -18.1214 -18.1799 -18.0984 -17.7296
  9.5586 -18.1233 -18.1839 -18.1041 -17.7358
  9.6018 -18.1254 -18.1881 -18.1098 -17.7420
  9.6453 -18.1274 -18.1922 -18.1154 -17.7481
  9.6889 -18.1288 -18.1964 -18.1212 -17.7543
  9.7328 -18.1305 -18.2002 -18.1266 -17.7603
  9.7768 -18.1321 -18.2041 -18.1322 -17.7664
  9.8210 -18.1338 -18.2080 -18.1379 -17.7726
  9.8655 -18.1353 -18.2119 -18.1435 -17.7788
  9.9101 -18.1366 -18.2159 -18.1493 -17.7850
  9.9550 -18.1384 -18.2198 -18.1549 -17.7912
 10.0000 -18.1402 -18.2238 -18.1605 -17.7973
