# t        U        B        V        R       
  0.1100  18.9687  16.0191  13.7390  12.1813
  0.1105  18.9687  16.0191  13.7390  12.1813
  0.1110   7.5925   5.2397   3.0036   1.4526
  0.1115  -5.3827  -6.1687  -6.6784  -7.1241
  0.1120  -7.9430  -8.2531  -8.2448  -8.4678
  0.1125  -8.6710  -8.7845  -8.6331  -8.7638
  0.1130  -8.9802  -9.0161  -8.8196  -8.9263
  0.1135  -9.1808  -9.1761  -8.9543  -9.0462
  0.1140  -9.3330  -9.3010  -9.0620  -9.1423
  0.1146  -9.4642  -9.4098  -9.1565  -9.2273
  0.1151  -9.5806  -9.5093  -9.2456  -9.3072
  0.1156  -9.6831  -9.5995  -9.3286  -9.3805
  0.1161  -9.7753  -9.6817  -9.4059  -9.4486
  0.1166  -9.8579  -9.7567  -9.4775  -9.5120
  0.1172  -9.9310  -9.8240  -9.5431  -9.5694
  0.1177  -9.9957  -9.8850  -9.6043  -9.6212
  0.1182 -10.0555  -9.9420  -9.6616  -9.6704
  0.1188 -10.1102  -9.9940  -9.7149  -9.7160
  0.1193 -10.1613 -10.0433  -9.7648  -9.7591
  0.1199 -10.2087 -10.0889  -9.8115  -9.7992
  0.1204 -10.2531 -10.1318  -9.8556  -9.8372
  0.1209 -10.2950 -10.1724  -9.8975  -9.8733
  0.1215 -10.3348 -10.2109  -9.9374  -9.9080
  0.1220 -10.3730 -10.2484  -9.9759  -9.9419
  0.1226 -10.4093 -10.2838 -10.0120  -9.9736
  0.1231 -10.4434 -10.3168 -10.0461 -10.0034
  0.1237 -10.4768 -10.3494 -10.0793 -10.0328
  0.1243 -10.5079 -10.3795 -10.1104 -10.0602
  0.1248 -10.5384 -10.4092 -10.1407 -10.0870
  0.1254 -10.5680 -10.4383 -10.1705 -10.1131
  0.1260 -10.5962 -10.4658 -10.1990 -10.1379
  0.1265 -10.6241 -10.4931 -10.2268 -10.1625
  0.1271 -10.6505 -10.5191 -10.2536 -10.1861
  0.1277 -10.6764 -10.5444 -10.2793 -10.2089
  0.1282 -10.7012 -10.5686 -10.3040 -10.2308
  0.1288 -10.7253 -10.5921 -10.3281 -10.2521
  0.1294 -10.7491 -10.6154 -10.3517 -10.2733
  0.1300 -10.7721 -10.6379 -10.3746 -10.2937
  0.1306 -10.7947 -10.6599 -10.3970 -10.3139
  0.1312 -10.8161 -10.6810 -10.4185 -10.3332
  0.1318 -10.8372 -10.7016 -10.4396 -10.3522
  0.1324 -10.8583 -10.7223 -10.4605 -10.3711
  0.1330 -10.8789 -10.7425 -10.4809 -10.3898
  0.1336 -10.8981 -10.7614 -10.5004 -10.4075
  0.1342 -10.9176 -10.7806 -10.5198 -10.4253
  0.1348 -10.9369 -10.7995 -10.5390 -10.4427
  0.1354 -10.9557 -10.8180 -10.5578 -10.4601
  0.1360 -10.9742 -10.8363 -10.5764 -10.4773
  0.1366 -10.9915 -10.8535 -10.5940 -10.4935
  0.1372 -11.0091 -10.8709 -10.6116 -10.5100
  0.1379 -11.0267 -10.8882 -10.6291 -10.5260
  0.1385 -11.0448 -10.9060 -10.6469 -10.5420
  0.1391 -11.0616 -10.9225 -10.6636 -10.5573
  0.1397 -11.0788 -10.9394 -10.6806 -10.5730
  0.1404 -11.0955 -10.9563 -10.6975 -10.5887
  0.1410 -11.1119 -10.9725 -10.7137 -10.6038
  0.1416 -11.1279 -10.9884 -10.7298 -10.6187
  0.1423 -11.1442 -11.0044 -10.7459 -10.6337
  0.1429 -11.1602 -11.0203 -10.7619 -10.6485
  0.1436 -11.1758 -11.0358 -10.7775 -10.6632
  0.1442 -11.1916 -11.0514 -10.7932 -10.6778
  0.1449 -11.2072 -11.0668 -10.8088 -10.6923
  0.1455 -11.2225 -11.0820 -10.8241 -10.7067
  0.1462 -11.2369 -11.0965 -10.8388 -10.7203
  0.1468 -11.2522 -11.1116 -10.8538 -10.7339
  0.1475 -11.2666 -11.1259 -10.8681 -10.7472
  0.1482 -11.2813 -11.1403 -10.8825 -10.7606
  0.1489 -11.2960 -11.1547 -10.8968 -10.7738
  0.1495 -11.3101 -11.1686 -10.9107 -10.7867
  0.1502 -11.3237 -11.1824 -10.9245 -10.7995
  0.1509 -11.3379 -11.1964 -10.9384 -10.8123
  0.1516 -11.3520 -11.2102 -10.9521 -10.8251
  0.1522 -11.3660 -11.2239 -10.9658 -10.8378
  0.1529 -11.3798 -11.2375 -10.9793 -10.8504
  0.1536 -11.3934 -11.2509 -10.9927 -10.8629
  0.1543 -11.4068 -11.2641 -11.0059 -10.8753
  0.1550 -11.4200 -11.2772 -11.0189 -10.8875
  0.1557 -11.4331 -11.2902 -11.0319 -10.8997
  0.1564 -11.4462 -11.3030 -11.0447 -10.9116
  0.1571 -11.4589 -11.3157 -11.0573 -10.9235
  0.1578 -11.4710 -11.3283 -11.0698 -10.9352
  0.1586 -11.4841 -11.3409 -11.0821 -10.9465
  0.1593 -11.4964 -11.3530 -11.0942 -10.9580
  0.1600 -11.5090 -11.3658 -11.1069 -10.9700
  0.1607 -11.5211 -11.3778 -11.1188 -10.9814
  0.1615 -11.5330 -11.3897 -11.1306 -10.9926
  0.1622 -11.5452 -11.4017 -11.1426 -11.0039
  0.1629 -11.5572 -11.4136 -11.1545 -11.0151
  0.1637 -11.5690 -11.4254 -11.1663 -11.0263
  0.1644 -11.5814 -11.4377 -11.1785 -11.0378
  0.1651 -11.5929 -11.4491 -11.1899 -11.0486
  0.1659 -11.6045 -11.4607 -11.2015 -11.0596
  0.1666 -11.6162 -11.4723 -11.2131 -11.0707
  0.1674 -11.6279 -11.4839 -11.2247 -11.0817
  0.1681 -11.6390 -11.4952 -11.2360 -11.0925
  0.1689 -11.6502 -11.5063 -11.2471 -11.1032
  0.1697 -11.6616 -11.5176 -11.2584 -11.1138
  0.1704 -11.6730 -11.5288 -11.2695 -11.1244
  0.1712 -11.6843 -11.5400 -11.2807 -11.1350
  0.1720 -11.6955 -11.5511 -11.2917 -11.1455
  0.1728 -11.7067 -11.5622 -11.3028 -11.1560
  0.1735 -11.7179 -11.5733 -11.3138 -11.1665
  0.1743 -11.7291 -11.5843 -11.3248 -11.1770
  0.1751 -11.7401 -11.5952 -11.3357 -11.1874
  0.1759 -11.7511 -11.6061 -11.3466 -11.1978
  0.1767 -11.7619 -11.6169 -11.3574 -11.2081
  0.1775 -11.7725 -11.6278 -11.3682 -11.2186
  0.1783 -11.7831 -11.6388 -11.3792 -11.2292
  0.1791 -11.7937 -11.6494 -11.3898 -11.2393
  0.1799 -11.8044 -11.6600 -11.4003 -11.2495
  0.1807 -11.8149 -11.6704 -11.4108 -11.2595
  0.1816 -11.8256 -11.6810 -11.4213 -11.2695
  0.1824 -11.8373 -11.6929 -11.4328 -11.2806
  0.1832 -11.8469 -11.7022 -11.4421 -11.2896
  0.1840 -11.8568 -11.7122 -11.4521 -11.2993
  0.1849 -11.8671 -11.7224 -11.4623 -11.3091
  0.1857 -11.8773 -11.7326 -11.4724 -11.3189
  0.1865 -11.8875 -11.7428 -11.4826 -11.3286
  0.1874 -11.8977 -11.7529 -11.4926 -11.3384
  0.1882 -11.9079 -11.7630 -11.5028 -11.3481
  0.1891 -11.9181 -11.7732 -11.5129 -11.3579
  0.1899 -11.9281 -11.7833 -11.5230 -11.3678
  0.1908 -11.9379 -11.7934 -11.5331 -11.3776
  0.1917 -11.9479 -11.8034 -11.5431 -11.3873
  0.1925 -11.9579 -11.8133 -11.5530 -11.3969
  0.1934 -11.9679 -11.8233 -11.5630 -11.4065
  0.1943 -11.9778 -11.8332 -11.5728 -11.4161
  0.1952 -11.9880 -11.8432 -11.5828 -11.4257
  0.1960 -11.9979 -11.8530 -11.5926 -11.4352
  0.1969 -12.0077 -11.8628 -11.6024 -11.4446
  0.1978 -12.0174 -11.8725 -11.6120 -11.4540
  0.1987 -12.0271 -11.8821 -11.6216 -11.4633
  0.1996 -12.0368 -11.8919 -11.6313 -11.4728
  0.2005 -12.0464 -11.9018 -11.6412 -11.4826
  0.2014 -12.0560 -11.9114 -11.6508 -11.4918
  0.2023 -12.0676 -11.9232 -11.6626 -11.5036
  0.2032 -12.0756 -11.9309 -11.6700 -11.5106
  0.2042 -12.0847 -11.9401 -11.6792 -11.5196
  0.2051 -12.0940 -11.9496 -11.6886 -11.5289
  0.2060 -12.1035 -11.9590 -11.6981 -11.5381
  0.2070 -12.1129 -11.9684 -11.7075 -11.5474
  0.2079 -12.1222 -11.9778 -11.7169 -11.5566
  0.2088 -12.1316 -11.9872 -11.7262 -11.5657
  0.2098 -12.1411 -11.9965 -11.7356 -11.5748
  0.2107 -12.1503 -12.0058 -11.7448 -11.5839
  0.2117 -12.1596 -12.0152 -11.7542 -11.5931
  0.2126 -12.1689 -12.0247 -11.7636 -11.6024
  0.2136 -12.1782 -12.0339 -11.7728 -11.6114
  0.2146 -12.1875 -12.0432 -11.7820 -11.6205
  0.2155 -12.1969 -12.0525 -11.7913 -11.6295
  0.2165 -12.2062 -12.0618 -11.8006 -11.6386
  0.2175 -12.2155 -12.0711 -11.8098 -11.6477
  0.2185 -12.2246 -12.0802 -11.8189 -11.6567
  0.2195 -12.2337 -12.0893 -11.8281 -11.6657
  0.2205 -12.2429 -12.0985 -11.8373 -11.6748
  0.2215 -12.2521 -12.1078 -11.8465 -11.6838
  0.2225 -12.2613 -12.1172 -11.8559 -11.6932
  0.2235 -12.2706 -12.1266 -11.8652 -11.7023
  0.2245 -12.2811 -12.1372 -11.8757 -11.7129
  0.2255 -12.2890 -12.1450 -11.8832 -11.7201
  0.2265 -12.2975 -12.1534 -11.8917 -11.7286
  0.2275 -12.3063 -12.1623 -11.9005 -11.7373
  0.2286 -12.3152 -12.1712 -11.9094 -11.7461
  0.2296 -12.3241 -12.1801 -11.9183 -11.7549
  0.2306 -12.3331 -12.1892 -11.9274 -11.7639
  0.2317 -12.3422 -12.1982 -11.9363 -11.7728
  0.2327 -12.3512 -12.2072 -11.9453 -11.7816
  0.2338 -12.3602 -12.2162 -11.9542 -11.7904
  0.2348 -12.3690 -12.2250 -11.9631 -11.7992
  0.2359 -12.3777 -12.2338 -11.9719 -11.8080
  0.2370 -12.3866 -12.2427 -11.9808 -11.8168
  0.2380 -12.3956 -12.2517 -11.9897 -11.8256
  0.2391 -12.4045 -12.2606 -11.9986 -11.8344
  0.2402 -12.4135 -12.2695 -12.0075 -11.8431
  0.2413 -12.4224 -12.2784 -12.0163 -11.8519
  0.2424 -12.4318 -12.2879 -12.0257 -11.8612
  0.2435 -12.4407 -12.2968 -12.0345 -11.8699
  0.2446 -12.4495 -12.3055 -12.0432 -11.8785
  0.2457 -12.4583 -12.3143 -12.0519 -11.8872
  0.2468 -12.4671 -12.3231 -12.0607 -11.8959
  0.2479 -12.4759 -12.3319 -12.0694 -11.9045
  0.2490 -12.4847 -12.3407 -12.0782 -11.9132
  0.2502 -12.4942 -12.3502 -12.0876 -11.9225
  0.2513 -12.5029 -12.3589 -12.0961 -11.9310
  0.2524 -12.5111 -12.3671 -12.1042 -11.9392
  0.2536 -12.5194 -12.3754 -12.1125 -11.9476
  0.2547 -12.5281 -12.3840 -12.1211 -11.9561
  0.2559 -12.5369 -12.3927 -12.1298 -11.9646
  0.2570 -12.5458 -12.4014 -12.1385 -11.9732
  0.2582 -12.5546 -12.4102 -12.1471 -11.9818
  0.2594 -12.5633 -12.4188 -12.1557 -11.9903
  0.2605 -12.5721 -12.4277 -12.1645 -11.9991
  0.2617 -12.5810 -12.4365 -12.1733 -12.0078
  0.2629 -12.5898 -12.4452 -12.1819 -12.0163
  0.2641 -12.5986 -12.4539 -12.1906 -12.0249
  0.2653 -12.6075 -12.4627 -12.1993 -12.0335
  0.2665 -12.6163 -12.4714 -12.2079 -12.0420
  0.2677 -12.6250 -12.4799 -12.2164 -12.0505
  0.2689 -12.6336 -12.4885 -12.2249 -12.0589
  0.2701 -12.6422 -12.4970 -12.2335 -12.0674
  0.2713 -12.6510 -12.5059 -12.2422 -12.0761
  0.2726 -12.6597 -12.5145 -12.2508 -12.0847
  0.2738 -12.6682 -12.5230 -12.2592 -12.0931
  0.2750 -12.6767 -12.5315 -12.2676 -12.1015
  0.2763 -12.6853 -12.5400 -12.2761 -12.1100
  0.2775 -12.6952 -12.5497 -12.2857 -12.1195
  0.2788 -12.7035 -12.5579 -12.2937 -12.1273
  0.2800 -12.7116 -12.5660 -12.3017 -12.1354
  0.2813 -12.7199 -12.5743 -12.3100 -12.1437
  0.2826 -12.7284 -12.5827 -12.3184 -12.1521
  0.2839 -12.7368 -12.5911 -12.3267 -12.1605
  0.2851 -12.7454 -12.5998 -12.3353 -12.1690
  0.2864 -12.7540 -12.6082 -12.3437 -12.1774
  0.2877 -12.7625 -12.6167 -12.3521 -12.1858
  0.2890 -12.7710 -12.6251 -12.3605 -12.1942
  0.2903 -12.7794 -12.6335 -12.3689 -12.2026
  0.2917 -12.7878 -12.6418 -12.3772 -12.2109
  0.2930 -12.7962 -12.6503 -12.3855 -12.2193
  0.2943 -12.8047 -12.6587 -12.3940 -12.2277
  0.2956 -12.8134 -12.6673 -12.4025 -12.2362
  0.2970 -12.8222 -12.6760 -12.4111 -12.2448
  0.2983 -12.8312 -12.6850 -12.4200 -12.2535
  0.2997 -12.8398 -12.6935 -12.4284 -12.2619
  0.3010 -12.8483 -12.7019 -12.4367 -12.2702
  0.3024 -12.8568 -12.7103 -12.4451 -12.2785
  0.3038 -12.8653 -12.7188 -12.4535 -12.2869
  0.3051 -12.8739 -12.7272 -12.4619 -12.2953
  0.3065 -12.8822 -12.7355 -12.4702 -12.3036
  0.3079 -12.9003 -12.7579 -12.4938 -12.3314
  0.3093 -12.8942 -12.7468 -12.4811 -12.3123
  0.3107 -12.9043 -12.7568 -12.4908 -12.3217
  0.3121 -12.9137 -12.7659 -12.4997 -12.3303
  0.3135 -12.9226 -12.7747 -12.5082 -12.3388
  0.3149 -12.9314 -12.7832 -12.5166 -12.3471
  0.3163 -12.9400 -12.7917 -12.5250 -12.3555
  0.3178 -12.9485 -12.8001 -12.5333 -12.3638
  0.3192 -12.9573 -12.8088 -12.5419 -12.3723
  0.3207 -12.9658 -12.8172 -12.5501 -12.3805
  0.3221 -12.9744 -12.8256 -12.5585 -12.3888
  0.3236 -12.9830 -12.8341 -12.5669 -12.3972
  0.3250 -12.9916 -12.8425 -12.5752 -12.4055
  0.3265 -13.0001 -12.8509 -12.5835 -12.4139
  0.3280 -13.0087 -12.8594 -12.5919 -12.4222
  0.3295 -13.0173 -12.8679 -12.6003 -12.4306
  0.3310 -13.0258 -12.8763 -12.6087 -12.4389
  0.3325 -13.0347 -12.8850 -12.6172 -12.4474
  0.3340 -13.0438 -12.8941 -12.6261 -12.4562
  0.3355 -13.0523 -12.9025 -12.6344 -12.4645
  0.3370 -13.0610 -12.9110 -12.6428 -12.4728
  0.3385 -13.0697 -12.9194 -12.6511 -12.4811
  0.3400 -13.0781 -12.9278 -12.6594 -12.4893
  0.3416 -13.0866 -12.9362 -12.6677 -12.4976
  0.3431 -13.0952 -12.9446 -12.6760 -12.5059
  0.3447 -13.1094 -12.9589 -12.6901 -12.5203
  0.3462 -13.1142 -12.9633 -12.6941 -12.5237
  0.3478 -13.1219 -12.9707 -12.7012 -12.5306
  0.3494 -13.1299 -12.9785 -12.7090 -12.5383
  0.3510 -13.1383 -12.9868 -12.7172 -12.5465
  0.3525 -13.1466 -12.9950 -12.7252 -12.5546
  0.3541 -13.1548 -13.0031 -12.7333 -12.5626
  0.3557 -13.1632 -13.0114 -12.7415 -12.5708
  0.3574 -13.1715 -13.0196 -12.7497 -12.5790
  0.3590 -13.1799 -13.0279 -12.7579 -12.5872
  0.3606 -13.1883 -13.0361 -12.7661 -12.5954
  0.3622 -13.1967 -13.0444 -12.7743 -12.6036
  0.3639 -13.2051 -13.0527 -12.7825 -12.6118
  0.3655 -13.2141 -13.0616 -12.7912 -12.6205
  0.3672 -13.2225 -13.0699 -12.7993 -12.6286
  0.3688 -13.2309 -13.0781 -12.8074 -12.6367
  0.3705 -13.2394 -13.0864 -12.8156 -12.6448
  0.3722 -13.2478 -13.0946 -12.8237 -12.6530
  0.3739 -13.2562 -13.1029 -12.8319 -12.6611
  0.3755 -13.2647 -13.1111 -12.8401 -12.6693
  0.3772 -13.2732 -13.1195 -12.8483 -12.6776
  0.3790 -13.2818 -13.1281 -12.8567 -12.6859
  0.3807 -13.2900 -13.1361 -12.8646 -12.6939
  0.3824 -13.2982 -13.1442 -12.8727 -12.7020
  0.3841 -13.3065 -13.1524 -12.8807 -12.7101
  0.3859 -13.3197 -13.1663 -12.8949 -12.7253
  0.3876 -13.3250 -13.1704 -12.8983 -12.7273
  0.3894 -13.3326 -13.1778 -12.9054 -12.7342
  0.3911 -13.3405 -13.1854 -12.9129 -12.7416
  0.3929 -13.3486 -13.1934 -12.9207 -12.7495
  0.3947 -13.3568 -13.2014 -12.9287 -12.7575
  0.3965 -13.3649 -13.2094 -12.9366 -12.7655
  0.3982 -13.3734 -13.2179 -12.9450 -12.7738
  0.4001 -13.3815 -13.2259 -12.9528 -12.7816
  0.4019 -13.3897 -13.2339 -12.9607 -12.7895
  0.4037 -13.3980 -13.2420 -12.9687 -12.7975
  0.4055 -13.4062 -13.2500 -12.9767 -12.8055
  0.4073 -13.4143 -13.2581 -12.9846 -12.8134
  0.4092 -13.4224 -13.2660 -12.9925 -12.8214
  0.4110 -13.4306 -13.2740 -13.0004 -12.8293
  0.4129 -13.4392 -13.2826 -13.0088 -12.8377
  0.4148 -13.4472 -13.2905 -13.0166 -12.8455
  0.4166 -13.4553 -13.2984 -13.0244 -12.8534
  0.4185 -13.4635 -13.3064 -13.0323 -12.8613
  0.4204 -13.4717 -13.3145 -13.0402 -12.8692
  0.4223 -13.4799 -13.3225 -13.0482 -12.8772
  0.4242 -13.4881 -13.3305 -13.0561 -12.8851
  0.4262 -13.4967 -13.3391 -13.0644 -12.8934
  0.4281 -13.5045 -13.3467 -13.0719 -12.9010
  0.4300 -13.5124 -13.3545 -13.0796 -12.9086
  0.4320 -13.5203 -13.3623 -13.0873 -12.9164
  0.4339 -13.5284 -13.3702 -13.0951 -12.9242
  0.4359 -13.5430 -13.3849 -13.1097 -12.9394
  0.4379 -13.5481 -13.3897 -13.1140 -12.9430
  0.4398 -13.5552 -13.3964 -13.1205 -12.9492
  0.4418 -13.5627 -13.4036 -13.1276 -12.9563
  0.4438 -13.5705 -13.4112 -13.1351 -12.9638
  0.4458 -13.5784 -13.4190 -13.1428 -12.9715
  0.4478 -13.5866 -13.4272 -13.1508 -12.9795
  0.4499 -13.5946 -13.4350 -13.1584 -12.9872
  0.4519 -13.6027 -13.4428 -13.1661 -12.9949
  0.4540 -13.6107 -13.4507 -13.1738 -13.0027
  0.4560 -13.6188 -13.4586 -13.1816 -13.0105
  0.4581 -13.6269 -13.4665 -13.1894 -13.0183
  0.4601 -13.6350 -13.4744 -13.1972 -13.0260
  0.4622 -13.6436 -13.4829 -13.2054 -13.0343
  0.4643 -13.6516 -13.4907 -13.2131 -13.0419
  0.4664 -13.6596 -13.4985 -13.2208 -13.0497
  0.4685 -13.6676 -13.5064 -13.2285 -13.0574
  0.4706 -13.6755 -13.5141 -13.2362 -13.0652
  0.4728 -13.6835 -13.5219 -13.2439 -13.0729
  0.4749 -13.6915 -13.5298 -13.2517 -13.0807
  0.4771 -13.6995 -13.5377 -13.2594 -13.0884
  0.4792 -13.7082 -13.5462 -13.2677 -13.0966
  0.4814 -13.7162 -13.5540 -13.2754 -13.1042
  0.4836 -13.7242 -13.5618 -13.2830 -13.1117
  0.4858 -13.7322 -13.5696 -13.2907 -13.1194
  0.4880 -13.7403 -13.5775 -13.2985 -13.1272
  0.4902 -13.7535 -13.5909 -13.3118 -13.1412
  0.4924 -13.7580 -13.5949 -13.3153 -13.1438
  0.4946 -13.7653 -13.6017 -13.3218 -13.1501
  0.4968 -13.7730 -13.6092 -13.3290 -13.1572
  0.4991 -13.7807 -13.6166 -13.3362 -13.1644
  0.5014 -13.7885 -13.6242 -13.3437 -13.1719
  0.5036 -13.7963 -13.6318 -13.3512 -13.1795
  0.5059 -13.8042 -13.6396 -13.3588 -13.1872
  0.5082 -13.8123 -13.6475 -13.3666 -13.1949
  0.5105 -13.8201 -13.6552 -13.3741 -13.2024
  0.5128 -13.8281 -13.6629 -13.3817 -13.2100
  0.5151 -13.8361 -13.6707 -13.3893 -13.2176
  0.5174 -13.8440 -13.6785 -13.3970 -13.2252
  0.5198 -13.8520 -13.6862 -13.4046 -13.2328
  0.5221 -13.8600 -13.6940 -13.4122 -13.2405
  0.5245 -13.8680 -13.7019 -13.4199 -13.2481
  0.5269 -13.8762 -13.7100 -13.4279 -13.2560
  0.5293 -13.8842 -13.7178 -13.4355 -13.2636
  0.5317 -13.8921 -13.7255 -13.4430 -13.2711
  0.5341 -13.9001 -13.7333 -13.4507 -13.2787
  0.5365 -13.9080 -13.7410 -13.4583 -13.2862
  0.5389 -13.9161 -13.7488 -13.4659 -13.2938
  0.5413 -13.9242 -13.7566 -13.4736 -13.3014
  0.5438 -13.9323 -13.7645 -13.4812 -13.3090
  0.5463 -13.9403 -13.7723 -13.4889 -13.3166
  0.5487 -13.9483 -13.7800 -13.4964 -13.3241
  0.5512 -13.9562 -13.7877 -13.5040 -13.3317
  0.5537 -13.9702 -13.8020 -13.5181 -13.3464
  0.5562 -13.9750 -13.8063 -13.5220 -13.3495
  0.5587 -13.9821 -13.8129 -13.5282 -13.3553
  0.5613 -13.9895 -13.8199 -13.5349 -13.3619
  0.5638 -13.9971 -13.8273 -13.5421 -13.3690
  0.5663 -14.0051 -13.8350 -13.5496 -13.3766
  0.5689 -14.0127 -13.8425 -13.5569 -13.3838
  0.5715 -14.0205 -13.8500 -13.5643 -13.3911
  0.5741 -14.0285 -13.8577 -13.5718 -13.3985
  0.5767 -14.0364 -13.8655 -13.5793 -13.4060
  0.5793 -14.0444 -13.8732 -13.5869 -13.4135
  0.5819 -14.0524 -13.8809 -13.5944 -13.4210
  0.5845 -14.0605 -13.8889 -13.6021 -13.4287
  0.5872 -14.0688 -13.8969 -13.6099 -13.4364
  0.5898 -14.0767 -13.9046 -13.6173 -13.4438
  0.5925 -14.0846 -13.9123 -13.6248 -13.4513
  0.5952 -14.0926 -13.9200 -13.6324 -13.4588
  0.5979 -14.1004 -13.9276 -13.6398 -13.4662
  0.6006 -14.1082 -13.9352 -13.6472 -13.4737
  0.6033 -14.1160 -13.9428 -13.6547 -13.4811
  0.6060 -14.1244 -13.9511 -13.6626 -13.4890
  0.6088 -14.1324 -13.9588 -13.6701 -13.4963
  0.6115 -14.1403 -13.9664 -13.6774 -13.5036
  0.6143 -14.1482 -13.9741 -13.6848 -13.5109
  0.6171 -14.1562 -13.9818 -13.6923 -13.5183
  0.6199 -14.1641 -13.9895 -13.6998 -13.5258
  0.6227 -14.1720 -13.9971 -13.7073 -13.5332
  0.6255 -14.1841 -14.0098 -13.7201 -13.5470
  0.6283 -14.1899 -14.0146 -13.7241 -13.5497
  0.6311 -14.1974 -14.0215 -13.7306 -13.5560
  0.6340 -14.2048 -14.0286 -13.7374 -13.5627
  0.6369 -14.2125 -14.0359 -13.7445 -13.5698
  0.6398 -14.2202 -14.0435 -13.7518 -13.5771
  0.6427 -14.2284 -14.0514 -13.7594 -13.5847
  0.6456 -14.2362 -14.0589 -13.7667 -13.5919
  0.6485 -14.2441 -14.0665 -13.7741 -13.5992
  0.6514 -14.2520 -14.0741 -13.7814 -13.6065
  0.6544 -14.2598 -14.0818 -13.7888 -13.6139
  0.6573 -14.2677 -14.0894 -13.7962 -13.6212
  0.6603 -14.2759 -14.0973 -13.8038 -13.6288
  0.6633 -14.2840 -14.1052 -13.8115 -13.6363
  0.6663 -14.2919 -14.1128 -13.8187 -13.6435
  0.6693 -14.2998 -14.1204 -13.8261 -13.6508
  0.6723 -14.3078 -14.1280 -13.8335 -13.6581
  0.6754 -14.3158 -14.1357 -13.8409 -13.6654
  0.6784 -14.3237 -14.1434 -13.8482 -13.6728
  0.6815 -14.3317 -14.1510 -13.8556 -13.6801
  0.6846 -14.3402 -14.1593 -13.8636 -13.6879
  0.6877 -14.3481 -14.1669 -13.8708 -13.6951
  0.6908 -14.3561 -14.1744 -13.8781 -13.7022
  0.6939 -14.3640 -14.1820 -13.8854 -13.7094
  0.6971 -14.3719 -14.1896 -13.8927 -13.7167
  0.7002 -14.3842 -14.2014 -13.9044 -13.7282
  0.7034 -14.3903 -14.2080 -13.9109 -13.7353
  0.7066 -14.3974 -14.2143 -13.9166 -13.7403
  0.7098 -14.4046 -14.2212 -13.9230 -13.7466
  0.7130 -14.4125 -14.2286 -13.9302 -13.7536
  0.7162 -14.4202 -14.2360 -13.9371 -13.7605
  0.7194 -14.4279 -14.2433 -13.9442 -13.7674
  0.7227 -14.4358 -14.2508 -13.9513 -13.7745
  0.7260 -14.4436 -14.2584 -13.9586 -13.7817
  0.7292 -14.4515 -14.2659 -13.9659 -13.7889
  0.7325 -14.4598 -14.2740 -13.9736 -13.7966
  0.7359 -14.4677 -14.2815 -13.9808 -13.8038
  0.7392 -14.4755 -14.2890 -13.9880 -13.8109
  0.7425 -14.4834 -14.2966 -13.9953 -13.8181
  0.7459 -14.4913 -14.3041 -14.0026 -13.8253
  0.7493 -14.4992 -14.3117 -14.0099 -13.8325
  0.7527 -14.5074 -14.3197 -14.0175 -13.8400
  0.7561 -14.5154 -14.3274 -14.0249 -13.8473
  0.7595 -14.5232 -14.3348 -14.0320 -13.8543
  0.7629 -14.5309 -14.3423 -14.0391 -13.8614
  0.7664 -14.5388 -14.3498 -14.0462 -13.8685
  0.7698 -14.5466 -14.3573 -14.0535 -13.8756
  0.7733 -14.5545 -14.3649 -14.0607 -13.8828
  0.7768 -14.5625 -14.3725 -14.0680 -13.8900
  0.7803 -14.5705 -14.3801 -14.0753 -13.8972
  0.7839 -14.5785 -14.3877 -14.0826 -13.9043
  0.7874 -14.5871 -14.3961 -14.0905 -13.9121
  0.7910 -14.5999 -14.4088 -14.1031 -13.9253
  0.7946 -14.6046 -14.4133 -14.1073 -13.9289
  0.7981 -14.6119 -14.4199 -14.1132 -13.9343
  0.8018 -14.6194 -14.4269 -14.1197 -13.9406
  0.8054 -14.6273 -14.4344 -14.1268 -13.9475
  0.8090 -14.6349 -14.4416 -14.1336 -13.9542
  0.8127 -14.6427 -14.4490 -14.1406 -13.9611
  0.8164 -14.6509 -14.4568 -14.1480 -13.9684
  0.8201 -14.6587 -14.4643 -14.1551 -13.9754
  0.8238 -14.6665 -14.4718 -14.1622 -13.9824
  0.8275 -14.6744 -14.4793 -14.1694 -13.9895
  0.8312 -14.6824 -14.4869 -14.1767 -13.9966
  0.8350 -14.6903 -14.4945 -14.1840 -14.0038
  0.8388 -14.6983 -14.5022 -14.1913 -14.0109
  0.8426 -14.7068 -14.5104 -14.1990 -14.0185
  0.8464 -14.7147 -14.5179 -14.2061 -14.0255
  0.8502 -14.7227 -14.5255 -14.2132 -14.0324
  0.8541 -14.7306 -14.5331 -14.2204 -14.0395
  0.8579 -14.7386 -14.5406 -14.2276 -14.0466
  0.8618 -14.7470 -14.5488 -14.2353 -14.0542
  0.8657 -14.7547 -14.5561 -14.2423 -14.0610
  0.8696 -14.7624 -14.5635 -14.2492 -14.0679
  0.8736 -14.7703 -14.5710 -14.2563 -14.0749
  0.8775 -14.7782 -14.5786 -14.2635 -14.0819
  0.8815 -14.7862 -14.5862 -14.2707 -14.0889
  0.8855 -14.7942 -14.5938 -14.2779 -14.0960
  0.8895 -14.8021 -14.6015 -14.2852 -14.1031
  0.8935 -14.8101 -14.6091 -14.2924 -14.1101
  0.8975 -14.8189 -14.6176 -14.3004 -14.1181
  0.9016 -14.8269 -14.6251 -14.3075 -14.1250
  0.9057 -14.8348 -14.6326 -14.3145 -14.1319
  0.9098 -14.8480 -14.6451 -14.3268 -14.1440
  0.9139 -14.8535 -14.6516 -14.3334 -14.1516
  0.9180 -14.8603 -14.6574 -14.3381 -14.1551
  0.9222 -14.8678 -14.6642 -14.3443 -14.1608
  0.9264 -14.8754 -14.6713 -14.3509 -14.1672
  0.9306 -14.8835 -14.6791 -14.3582 -14.1743
  0.9348 -14.8912 -14.6864 -14.3650 -14.1810
  0.9390 -14.8990 -14.6938 -14.3720 -14.1877
  0.9432 -14.9069 -14.7013 -14.3790 -14.1946
  0.9475 -14.9148 -14.7088 -14.3861 -14.2015
  0.9518 -14.9229 -14.7167 -14.3935 -14.2088
  0.9561 -14.9312 -14.7245 -14.4009 -14.2161
  0.9604 -14.9390 -14.7320 -14.4079 -14.2229
  0.9648 -14.9470 -14.7395 -14.4150 -14.2298
  0.9691 -14.9550 -14.7471 -14.4221 -14.2367
  0.9735 -14.9631 -14.7548 -14.4294 -14.2437
  0.9779 -14.9712 -14.7625 -14.4366 -14.2507
  0.9824 -14.9792 -14.7701 -14.4438 -14.2577
  0.9868 -14.9872 -14.7777 -14.4510 -14.2647
  0.9913 -14.9958 -14.7860 -14.4588 -14.2724
  0.9957 -15.0040 -14.7939 -14.4662 -14.2796
  1.0003 -15.0119 -14.8014 -14.4733 -14.2865
  1.0048 -15.0199 -14.8090 -14.4804 -14.2934
  1.0093 -15.0279 -14.8166 -14.4876 -14.3004
  1.0139 -15.0359 -14.8242 -14.4948 -14.3074
  1.0185 -15.0439 -14.8319 -14.5020 -14.3144
  1.0231 -15.0558 -14.8432 -14.5131 -14.3250
  1.0277 -15.0647 -14.8529 -14.5226 -14.3358
  1.0324 -15.0708 -14.8577 -14.5266 -14.3383
  1.0370 -15.0781 -14.8644 -14.5326 -14.3438
  1.0417 -15.0856 -14.8715 -14.5390 -14.3499
  1.0464 -15.0934 -14.8788 -14.5457 -14.3563
  1.0512 -15.1016 -14.8867 -14.5530 -14.3635
  1.0559 -15.1094 -14.8941 -14.5599 -14.3701
  1.0607 -15.1173 -14.9015 -14.5668 -14.3768
  1.0655 -15.1252 -14.9091 -14.5738 -14.3836
  1.0703 -15.1332 -14.9167 -14.5809 -14.3905
  1.0752 -15.1412 -14.9243 -14.5881 -14.3974
  1.0800 -15.1497 -14.9325 -14.5958 -14.4050
  1.0849 -15.1578 -14.9403 -14.6031 -14.4120
  1.0898 -15.1657 -14.9478 -14.6101 -14.4188
  1.0948 -15.1738 -14.9555 -14.6172 -14.4257
  1.0997 -15.1818 -14.9631 -14.6244 -14.4327
  1.1047 -15.1899 -14.9708 -14.6317 -14.4397
  1.1097 -15.1980 -14.9785 -14.6389 -14.4467
  1.1147 -15.2068 -14.9871 -14.6470 -14.4548
  1.1198 -15.2147 -14.9946 -14.6540 -14.4615
  1.1248 -15.2225 -15.0021 -14.6610 -14.4682
  1.1299 -15.2304 -15.0096 -14.6680 -14.4749
  1.1350 -15.2485 -15.0299 -14.6880 -14.5003
  1.1402 -15.2481 -15.0257 -14.6827 -14.4885
  1.1453 -15.2546 -15.0325 -14.6893 -14.4957
  1.1505 -15.2625 -15.0402 -14.6963 -14.5028
  1.1557 -15.2700 -15.0471 -14.7027 -14.5086
  1.1609 -15.2781 -15.0548 -14.7098 -14.5152
  1.1662 -15.2861 -15.0624 -14.7169 -14.5220
  1.1715 -15.2941 -15.0699 -14.7239 -14.5286
  1.1768 -15.3022 -15.0776 -14.7311 -14.5355
  1.1821 -15.3105 -15.0856 -14.7386 -14.5428
  1.1874 -15.3183 -15.0931 -14.7455 -14.5494
  1.1928 -15.3262 -15.1006 -14.7525 -14.5561
  1.1982 -15.3342 -15.1082 -14.7596 -14.5629
  1.2036 -15.3422 -15.1158 -14.7668 -14.5698
  1.2091 -15.3502 -15.1234 -14.7740 -14.5767
  1.2145 -15.3585 -15.1314 -14.7814 -14.5840
  1.2200 -15.3671 -15.1397 -14.7893 -14.5917
  1.2256 -15.3751 -15.1473 -14.7964 -14.5985
  1.2311 -15.3832 -15.1550 -14.8036 -14.6054
  1.2367 -15.3914 -15.1627 -14.8109 -14.6123
  1.2423 -15.3995 -15.1705 -14.8182 -14.6192
  1.2479 -15.4075 -15.1781 -14.8254 -14.6262
  1.2535 -15.4164 -15.1867 -14.8335 -14.6343
  1.2592 -15.4243 -15.1943 -14.8405 -14.6410
  1.2649 -15.4322 -15.2019 -14.8477 -14.6478
  1.2706 -15.4404 -15.2096 -14.8550 -14.6548
  1.2764 -15.4485 -15.2174 -14.8623 -14.6618
  1.2822 -15.4566 -15.2252 -14.8696 -14.6688
  1.2880 -15.4655 -15.2339 -14.8778 -14.6770
  1.2938 -15.4736 -15.2416 -14.8849 -14.6839
  1.2996 -15.4814 -15.2490 -14.8919 -14.6904
  1.3055 -15.4896 -15.2567 -14.8991 -14.6972
  1.3114 -15.4983 -15.2651 -14.9069 -14.7049
  1.3174 -15.5061 -15.2725 -14.9140 -14.7115
  1.3233 -15.5140 -15.2801 -14.9210 -14.7182
  1.3293 -15.5221 -15.2878 -14.9283 -14.7251
  1.3353 -15.5302 -15.2956 -14.9357 -14.7321
  1.3414 -15.5383 -15.3033 -14.9430 -14.7391
  1.3474 -15.5470 -15.3117 -14.9509 -14.7468
  1.3535 -15.5547 -15.3191 -14.9578 -14.7533
  1.3597 -15.5628 -15.3268 -14.9650 -14.7602
  1.3658 -15.5712 -15.3349 -14.9726 -14.7674
  1.3720 -15.5793 -15.3426 -14.9799 -14.7744
  1.3782 -15.5871 -15.3500 -14.9869 -14.7809
  1.3844 -15.5951 -15.3577 -14.9941 -14.7877
  1.3907 -15.6033 -15.3655 -15.0015 -14.7947
  1.3970 -15.6115 -15.3733 -15.0088 -14.8016
  1.4033 -15.6200 -15.3815 -15.0165 -14.8092
  1.4097 -15.6282 -15.3893 -15.0239 -14.8162
  1.4160 -15.6357 -15.3966 -15.0308 -14.8226
  1.4224 -15.6436 -15.4041 -15.0379 -14.8292
  1.4289 -15.6518 -15.4119 -15.0452 -14.8361
  1.4353 -15.6599 -15.4196 -15.0525 -14.8430
  1.4418 -15.6686 -15.4279 -15.0603 -14.8507
  1.4484 -15.6764 -15.4354 -15.0674 -14.8573
  1.4549 -15.6844 -15.4431 -15.0746 -14.8641
  1.4615 -15.6926 -15.4509 -15.0819 -14.8711
  1.4681 -15.7007 -15.4587 -15.0893 -14.8782
  1.4748 -15.7088 -15.4665 -15.0967 -14.8852
  1.4814 -15.7176 -15.4750 -15.1047 -14.8932
  1.4881 -15.7250 -15.4821 -15.1115 -14.8994
  1.4949 -15.7325 -15.4893 -15.1183 -14.9056
  1.5016 -15.7404 -15.4968 -15.1254 -14.9122
  1.5084 -15.7485 -15.5046 -15.1327 -14.9190
  1.5152 -15.7570 -15.5128 -15.1404 -14.9266
  1.5221 -15.7647 -15.5202 -15.1474 -14.9332
  1.5290 -15.7725 -15.5277 -15.1545 -14.9399
  1.5359 -15.7804 -15.5353 -15.1618 -14.9467
  1.5429 -15.7885 -15.5431 -15.1691 -14.9536
  1.5498 -15.7966 -15.5509 -15.1765 -14.9605
  1.5568 -15.8046 -15.5586 -15.1838 -14.9674
  1.5639 -15.8134 -15.5671 -15.1919 -14.9755
  1.5710 -15.8211 -15.5745 -15.1989 -14.9820
  1.5781 -15.8289 -15.5821 -15.2061 -14.9886
  1.5852 -15.8370 -15.5898 -15.2135 -14.9955
  1.5924 -15.8451 -15.5977 -15.2209 -15.0025
  1.5996 -15.8536 -15.6059 -15.2288 -15.0103
  1.6068 -15.8612 -15.6133 -15.2358 -15.0167
  1.6141 -15.8692 -15.6209 -15.2431 -15.0234
  1.6214 -15.8774 -15.6288 -15.2505 -15.0304
  1.6287 -15.8855 -15.6367 -15.2580 -15.0375
  1.6361 -15.8940 -15.6449 -15.2658 -15.0452
  1.6435 -15.9013 -15.6520 -15.2727 -15.0514
  1.6509 -15.9089 -15.6593 -15.2796 -15.0577
  1.6584 -15.9169 -15.6670 -15.2869 -15.0643
  1.6659 -15.9254 -15.6752 -15.2946 -15.0719
  1.6735 -15.9330 -15.6826 -15.3017 -15.0784
  1.6810 -15.9408 -15.6901 -15.3089 -15.0850
  1.6886 -15.9488 -15.6977 -15.3162 -15.0917
  1.6963 -15.9568 -15.7055 -15.3236 -15.0987
  1.7040 -15.9648 -15.7133 -15.3310 -15.1056
  1.7117 -15.9735 -15.7217 -15.3391 -15.1136
  1.7194 -15.9809 -15.7289 -15.3460 -15.1199
  1.7272 -15.9884 -15.7362 -15.3530 -15.1263
  1.7350 -15.9963 -15.7438 -15.3603 -15.1329
  1.7429 -16.0045 -15.7518 -15.3679 -15.1400
  1.7507 -16.0128 -15.7598 -15.3755 -15.1473
  1.7587 -16.0205 -15.7673 -15.3827 -15.1539
  1.7666 -16.0283 -15.7749 -15.3900 -15.1606
  1.7746 -16.0363 -15.7826 -15.3974 -15.1675
  1.7826 -16.0443 -15.7904 -15.4049 -15.1745
  1.7907 -16.0529 -15.7988 -15.4130 -15.1825
  1.7988 -16.0604 -15.8061 -15.4201 -15.1888
  1.8069 -16.0681 -15.8136 -15.4273 -15.1954
  1.8151 -16.0763 -15.8215 -15.4348 -15.2024
  1.8233 -16.0844 -15.8293 -15.4424 -15.2095
  1.8316 -16.0920 -15.8368 -15.4496 -15.2161
  1.8399 -16.1003 -15.8448 -15.4573 -15.2234
  1.8482 -16.1081 -15.8524 -15.4647 -15.2302
  1.8566 -16.1164 -15.8605 -15.4725 -15.2376
  1.8650 -16.1241 -15.8681 -15.4799 -15.2443
  1.8734 -16.1328 -15.8765 -15.4879 -15.2520
  1.8819 -16.1443 -15.8875 -15.4980 -15.2628
  1.8904 -16.1515 -15.8948 -15.5058 -15.2693
  1.8989 -16.1559 -15.8998 -15.5112 -15.2740
  1.9075 -16.1626 -15.9059 -15.5172 -15.2785
  1.9162 -16.1702 -15.9132 -15.5241 -15.2846
  1.9248 -16.1774 -15.9202 -15.5309 -15.2905
  1.9335 -16.1847 -15.9274 -15.5378 -15.2966
  1.9423 -16.1927 -15.9352 -15.5453 -15.3036
  1.9511 -16.2004 -15.9427 -15.5526 -15.3102
  1.9599 -16.2080 -15.9501 -15.5598 -15.3167
  1.9688 -16.2157 -15.9577 -15.5672 -15.3233
  1.9777 -16.2241 -15.9658 -15.5750 -15.3307
  1.9866 -16.2316 -15.9732 -15.5823 -15.3373
  1.9956 -16.2392 -15.9807 -15.5896 -15.3440
  2.0046 -16.2468 -15.9882 -15.5970 -15.3506
  2.0137 -16.2545 -15.9958 -15.6044 -15.3574
  2.0228 -16.2622 -16.0034 -15.6118 -15.3641
  2.0320 -16.2699 -16.0110 -15.6193 -15.3709
  2.0412 -16.2783 -16.0192 -15.6273 -15.3786
  2.0504 -16.2862 -16.0270 -15.6350 -15.3857
  2.0597 -16.2938 -16.0345 -15.6423 -15.3923
  2.0690 -16.3015 -16.0421 -15.6498 -15.3990
  2.0784 -16.3093 -16.0497 -15.6573 -15.4058
  2.0878 -16.3171 -16.0575 -15.6649 -15.4128
  2.0972 -16.3254 -16.0655 -15.6729 -15.4203
  2.1067 -16.3327 -16.0728 -15.6802 -15.4268
  2.1162 -16.3401 -16.0802 -15.6874 -15.4334
  2.1258 -16.3476 -16.0877 -15.6948 -15.4400
  2.1354 -16.3553 -16.0953 -15.7022 -15.4467
  2.1451 -16.3629 -16.1029 -15.7097 -15.4535
  2.1548 -16.3706 -16.1105 -15.7172 -15.4603
  2.1645 -16.3791 -16.1188 -15.7257 -15.4681
  2.1743 -16.3867 -16.1263 -15.7333 -15.4750
  2.1842 -16.3940 -16.1336 -15.7406 -15.4815
  2.1941 -16.4015 -16.1411 -15.7480 -15.4881
  2.2040 -16.4092 -16.1488 -15.7555 -15.4948
  2.2140 -16.4173 -16.1567 -15.7636 -15.5020
  2.2240 -16.4250 -16.1644 -15.7715 -15.5091
  2.2340 -16.4323 -16.1717 -15.7788 -15.5156
  2.2442 -16.4398 -16.1792 -15.7862 -15.5222
  2.2543 -16.4475 -16.1868 -15.7937 -15.5290
  2.2645 -16.4551 -16.1944 -15.8013 -15.5358
  2.2748 -16.4627 -16.2020 -15.8089 -15.5426
  2.2850 -16.4711 -16.2103 -15.8179 -15.5505
  2.2954 -16.4780 -16.2173 -15.8249 -15.5568
  2.3058 -16.4852 -16.2245 -15.8322 -15.5632
  2.3162 -16.4927 -16.2320 -15.8397 -15.5698
  2.3267 -16.5008 -16.2401 -15.8481 -15.5772
  2.3372 -16.5082 -16.2475 -15.8555 -15.5838
  2.3478 -16.5159 -16.2552 -15.8633 -15.5908
  2.3584 -16.5238 -16.2631 -15.8712 -15.5979
  2.3691 -16.5315 -16.2708 -15.8792 -15.6051
  2.3798 -16.5383 -16.2777 -15.8862 -15.6115
  2.3906 -16.5460 -16.2855 -15.8943 -15.6184
  2.4014 -16.5547 -16.2941 -15.9031 -15.6263
  2.4122 -16.5615 -16.3008 -15.9096 -15.6325
  2.4232 -16.5683 -16.3079 -15.9169 -15.6391
  2.4341 -16.5763 -16.3158 -15.9253 -15.6461
  2.4451 -16.5828 -16.3223 -15.9315 -15.6519
  2.4562 -16.5896 -16.3293 -15.9390 -15.6583
  2.4673 -16.5968 -16.3365 -15.9465 -15.6645
  2.4785 -16.6037 -16.3434 -15.9534 -15.6708
  2.4897 -16.6107 -16.3505 -15.9609 -15.6771
  2.5010 -16.6185 -16.3583 -15.9692 -15.6841
  2.5123 -16.6254 -16.3652 -15.9760 -15.6903
  2.5236 -16.6326 -16.3725 -15.9837 -15.6970
  2.5351 -16.6395 -16.3796 -15.9910 -15.7032
  2.5465 -16.6467 -16.3869 -15.9985 -15.7098
  2.5580 -16.6540 -16.3942 -16.0060 -15.7164
  2.5696 -16.6615 -16.4018 -16.0141 -15.7234
  2.5812 -16.6685 -16.4090 -16.0214 -15.7299
  2.5929 -16.6758 -16.4164 -16.0290 -15.7366
  2.6047 -16.6832 -16.4239 -16.0370 -15.7436
  2.6164 -16.6902 -16.4310 -16.0442 -15.7500
  2.6283 -16.6973 -16.4383 -16.0518 -15.7567
  2.6402 -16.7047 -16.4458 -16.0597 -15.7635
  2.6521 -16.7119 -16.4532 -16.0675 -15.7703
  2.6641 -16.7187 -16.4602 -16.0746 -15.7767
  2.6762 -16.7257 -16.4674 -16.0822 -15.7832
  2.6883 -16.7331 -16.4749 -16.0903 -15.7902
  2.7004 -16.7401 -16.4821 -16.0977 -15.7967
  2.7127 -16.7472 -16.4893 -16.1052 -15.8033
  2.7249 -16.7543 -16.4966 -16.1128 -15.8100
  2.7373 -16.7619 -16.5043 -16.1212 -15.8173
  2.7497 -16.7688 -16.5114 -16.1285 -15.8238
  2.7621 -16.7756 -16.5184 -16.1358 -15.8302
  2.7746 -16.7826 -16.5256 -16.1434 -15.8367
  2.7871 -16.7899 -16.5332 -16.1515 -15.8437
  2.7998 -16.7968 -16.5402 -16.1588 -15.8502
  2.8124 -16.8037 -16.5474 -16.1664 -15.8568
  2.8251 -16.8111 -16.5550 -16.1747 -15.8638
  2.8379 -16.8178 -16.5619 -16.1818 -15.8702
  2.8508 -16.8246 -16.5690 -16.1892 -15.8767
  2.8637 -16.8317 -16.5764 -16.1973 -15.8835
  2.8766 -16.8390 -16.5838 -16.2051 -15.8904
  2.8896 -16.8464 -16.5915 -16.2131 -15.8975
  2.9027 -16.8534 -16.5986 -16.2206 -15.9042
  2.9158 -16.8598 -16.6052 -16.2275 -15.9105
  2.9290 -16.8667 -16.6125 -16.2354 -15.9172
  2.9423 -16.8741 -16.6201 -16.2436 -15.9241
  2.9556 -16.8802 -16.6262 -16.2498 -15.9300
  2.9690 -16.8864 -16.6329 -16.2569 -15.9363
  2.9824 -16.8934 -16.6402 -16.2650 -15.9429
  2.9959 -16.8993 -16.6462 -16.2713 -15.9487
  3.0095 -16.9064 -16.6538 -16.2793 -15.9558
  3.0231 -16.9134 -16.6610 -16.2873 -15.9625
  3.0368 -16.9193 -16.6671 -16.2935 -15.9685
  3.0505 -16.9264 -16.6746 -16.3016 -15.9755
  3.0643 -16.9327 -16.6812 -16.3087 -15.9816
  3.0782 -16.9391 -16.6879 -16.3159 -15.9880
  3.0921 -16.9456 -16.6948 -16.3235 -15.9944
  3.1061 -16.9522 -16.7018 -16.3312 -16.0009
  3.1201 -16.9586 -16.7085 -16.3384 -16.0074
  3.1343 -16.9649 -16.7152 -16.3456 -16.0136
  3.1484 -16.9714 -16.7222 -16.3531 -16.0199
  3.1627 -16.9781 -16.7293 -16.3608 -16.0265
  3.1770 -16.9849 -16.7364 -16.3687 -16.0334
  3.1914 -16.9912 -16.7431 -16.3758 -16.0397
  3.2058 -16.9977 -16.7500 -16.3834 -16.0462
  3.2203 -17.0043 -16.7570 -16.3910 -16.0527
  3.2349 -17.0110 -16.7642 -16.3988 -16.0594
  3.2495 -17.0181 -16.7716 -16.4070 -16.0666
  3.2642 -17.0243 -16.7782 -16.4140 -16.0729
  3.2790 -17.0305 -16.7848 -16.4212 -16.0793
  3.2938 -17.0368 -16.7916 -16.4285 -16.0855
  3.3087 -17.0434 -16.7986 -16.4363 -16.0921
  3.3237 -17.0502 -16.8059 -16.4441 -16.0989
  3.3387 -17.0567 -16.8128 -16.4517 -16.1057
  3.3538 -17.0629 -16.8194 -16.4588 -16.1120
  3.3690 -17.0692 -16.8262 -16.4664 -16.1184
  3.3843 -17.0754 -16.8329 -16.4737 -16.1247
  3.3996 -17.0818 -16.8397 -16.4811 -16.1311
  3.4150 -17.0882 -16.8467 -16.4886 -16.1377
  3.4304 -17.0949 -16.8538 -16.4966 -16.1446
  3.4459 -17.1012 -16.8605 -16.5040 -16.1511
  3.4615 -17.1073 -16.8672 -16.5112 -16.1574
  3.4772 -17.1138 -16.8741 -16.5189 -16.1640
  3.4929 -17.1200 -16.8808 -16.5262 -16.1704
  3.5087 -17.1263 -16.8876 -16.5336 -16.1768
  3.5246 -17.1326 -16.8945 -16.5411 -16.1833
  3.5405 -17.1389 -16.9013 -16.5486 -16.1899
  3.5566 -17.1455 -16.9084 -16.5566 -16.1968
  3.5727 -17.1514 -16.9148 -16.5635 -16.2030
  3.5888 -17.1575 -16.9214 -16.5707 -16.2092
  3.6051 -17.1639 -16.9283 -16.5785 -16.2159
  3.6214 -17.1699 -16.9349 -16.5858 -16.2222
  3.6377 -17.1760 -16.9416 -16.5930 -16.2286
  3.6542 -17.1822 -16.9484 -16.6006 -16.2351
  3.6707 -17.1884 -16.9551 -16.6082 -16.2417
  3.6874 -17.1944 -16.9617 -16.6153 -16.2479
  3.7040 -17.2004 -16.9683 -16.6226 -16.2543
  3.7208 -17.2066 -16.9751 -16.6303 -16.2609
  3.7376 -17.2128 -16.9818 -16.6378 -16.2674
  3.7545 -17.2197 -16.9893 -16.6461 -16.2746
  3.7715 -17.2290 -16.9991 -16.6572 -16.2841
  3.7886 -17.2356 -17.0061 -16.6654 -16.2921
  3.8057 -17.2409 -17.0116 -16.6705 -16.2977
  3.8230 -17.2443 -17.0153 -16.6734 -16.3011
  3.8403 -17.2484 -17.0203 -16.6799 -16.3056
  3.8576 -17.2537 -17.0264 -16.6873 -16.3112
  3.8751 -17.2592 -17.0327 -16.6944 -16.3171
  3.8926 -17.2650 -17.0391 -16.7018 -16.3234
  3.9102 -17.2704 -17.0453 -16.7088 -16.3295
  3.9279 -17.2760 -17.0516 -16.7159 -16.3355
  3.9457 -17.2816 -17.0580 -16.7230 -16.3417
  3.9635 -17.2873 -17.0645 -16.7303 -16.3480
  3.9815 -17.2934 -17.0712 -16.7382 -16.3548
  3.9995 -17.2992 -17.0777 -16.7455 -16.3612
  4.0176 -17.3051 -17.0843 -16.7529 -16.3677
  4.0358 -17.3112 -17.0912 -16.7607 -16.3744
  4.0540 -17.3195 -17.1001 -16.7709 -16.3832
  4.0724 -17.3256 -17.1070 -16.7792 -16.3909
  4.0908 -17.3310 -17.1129 -16.7851 -16.3966
  4.1093 -17.3351 -17.1174 -16.7891 -16.4009
  4.1279 -17.3397 -17.1229 -16.7957 -16.4062
  4.1466 -17.3448 -17.1289 -16.8029 -16.4121
  4.1653 -17.3503 -17.1352 -16.8101 -16.4182
  4.1842 -17.3558 -17.1416 -16.8175 -16.4245
  4.2031 -17.3613 -17.1478 -16.8246 -16.4307
  4.2221 -17.3667 -17.1540 -16.8317 -16.4369
  4.2412 -17.3721 -17.1603 -16.8387 -16.4430
  4.2604 -17.3777 -17.1667 -16.8460 -16.4494
  4.2797 -17.3836 -17.1734 -16.8539 -16.4562
  4.2991 -17.3890 -17.1797 -16.8611 -16.4625
  4.3185 -17.3945 -17.1859 -16.8680 -16.4687
  4.3381 -17.4003 -17.1926 -16.8756 -16.4754
  4.3577 -17.4059 -17.1991 -16.8833 -16.4821
  4.3774 -17.4116 -17.2056 -16.8905 -16.4886
  4.3972 -17.4171 -17.2119 -16.8977 -16.4950
  4.4171 -17.4227 -17.2183 -16.9051 -16.5015
  4.4371 -17.4280 -17.2244 -16.9120 -16.5077
  4.4572 -17.4331 -17.2303 -16.9187 -16.5136
  4.4773 -17.4380 -17.2360 -16.9250 -16.5193
  4.4976 -17.4431 -17.2420 -16.9319 -16.5253
  4.5179 -17.4481 -17.2480 -16.9391 -16.5314
  4.5384 -17.4532 -17.2540 -16.9459 -16.5374
  4.5589 -17.4581 -17.2598 -16.9526 -16.5433
  4.5795 -17.4631 -17.2658 -16.9595 -16.5494
  4.6003 -17.4684 -17.2720 -16.9668 -16.5557
  4.6211 -17.4736 -17.2782 -16.9740 -16.5621
  4.6420 -17.4786 -17.2841 -16.9808 -16.5681
  4.6630 -17.4835 -17.2899 -16.9874 -16.5740
  4.6841 -17.4885 -17.2959 -16.9945 -16.5803
  4.7053 -17.4935 -17.3019 -17.0015 -16.5864
  4.7266 -17.4986 -17.3080 -17.0085 -16.5926
  4.7480 -17.5037 -17.3141 -17.0156 -16.5989
  4.7694 -17.5088 -17.3202 -17.0227 -16.6052
  4.7910 -17.5139 -17.3264 -17.0298 -16.6115
  4.8127 -17.5191 -17.3326 -17.0372 -16.6181
  4.8345 -17.5239 -17.3383 -17.0438 -16.6240
  4.8563 -17.5286 -17.3440 -17.0503 -16.6299
  4.8783 -17.5333 -17.3498 -17.0569 -16.6358
  4.9004 -17.5383 -17.3558 -17.0642 -16.6422
  4.9226 -17.5432 -17.3618 -17.0712 -16.6484
  4.9448 -17.5481 -17.3678 -17.0782 -16.6546
  4.9672 -17.5531 -17.3738 -17.0853 -16.6609
  4.9897 -17.5581 -17.3800 -17.0925 -16.6674
  5.0123 -17.5634 -17.3862 -17.1001 -16.6741
  5.0349 -17.5681 -17.3920 -17.1068 -16.6802
  5.0577 -17.5725 -17.3974 -17.1130 -16.6859
  5.0806 -17.5769 -17.4029 -17.1194 -16.6917
  5.1036 -17.5814 -17.4085 -17.1261 -16.6976
  5.1267 -17.5861 -17.4144 -17.1333 -16.7039
  5.1499 -17.5911 -17.4206 -17.1408 -16.7106
  5.1732 -17.5961 -17.4267 -17.1482 -16.7171
  5.1966 -17.6005 -17.4323 -17.1546 -16.7230
  5.2201 -17.6047 -17.4376 -17.1608 -16.7288
  5.2437 -17.6090 -17.4430 -17.1671 -16.7345
  5.2674 -17.6136 -17.4489 -17.1745 -16.7410
  5.2913 -17.6183 -17.4547 -17.1816 -16.7473
  5.3152 -17.6227 -17.4603 -17.1883 -16.7534
  5.3393 -17.6269 -17.4656 -17.1945 -16.7591
  5.3634 -17.6312 -17.4712 -17.2014 -16.7652
  5.3877 -17.6357 -17.4770 -17.2083 -16.7714
  5.4121 -17.6402 -17.4827 -17.2151 -16.7776
  5.4365 -17.6444 -17.4881 -17.2216 -16.7835
  5.4611 -17.6488 -17.4937 -17.2284 -16.7896
  5.4859 -17.6534 -17.4996 -17.2355 -16.7960
  5.5107 -17.6578 -17.5052 -17.2424 -16.8022
  5.5356 -17.6627 -17.5114 -17.2500 -16.8091
  5.5607 -17.6686 -17.5186 -17.2591 -16.8171
  5.5858 -17.6751 -17.5261 -17.2679 -16.8249
  5.6111 -17.6799 -17.5317 -17.2738 -16.8304
  5.6365 -17.6826 -17.5352 -17.2770 -16.8340
  5.6620 -17.6849 -17.5387 -17.2806 -16.8375
  5.6876 -17.6876 -17.5427 -17.2858 -16.8419
  5.7133 -17.6906 -17.5473 -17.2918 -16.8471
  5.7392 -17.6939 -17.5521 -17.2981 -16.8527
  5.7652 -17.6975 -17.5572 -17.3049 -16.8588
  5.7912 -17.7011 -17.5623 -17.3112 -16.8645
  5.8174 -17.7047 -17.5674 -17.3175 -16.8702
  5.8438 -17.7083 -17.5724 -17.3239 -16.8761
  5.8702 -17.7120 -17.5776 -17.3304 -16.8820
  5.8968 -17.7157 -17.5828 -17.3368 -16.8879
  5.9234 -17.7194 -17.5879 -17.3433 -16.8938
  5.9502 -17.7232 -17.5932 -17.3498 -16.8998
  5.9772 -17.7271 -17.5986 -17.3565 -16.9060
  6.0042 -17.7309 -17.6040 -17.3636 -16.9124
  6.0314 -17.7347 -17.6092 -17.3698 -16.9182
  6.0587 -17.7380 -17.6140 -17.3757 -16.9237
  6.0861 -17.7413 -17.6189 -17.3820 -16.9295
  6.1136 -17.7449 -17.6246 -17.3904 -16.9377
  6.1413 -17.7521 -17.6329 -17.4005 -16.9456
  6.1691 -17.7593 -17.6409 -17.4100 -16.9538
  6.1970 -17.7625 -17.6452 -17.4149 -16.9591
  6.2250 -17.7643 -17.6480 -17.4168 -16.9614
  6.2532 -17.7663 -17.6515 -17.4205 -16.9651
  6.2815 -17.7689 -17.6560 -17.4276 -16.9712
  6.3099 -17.7731 -17.6616 -17.4348 -16.9773
  6.3384 -17.7768 -17.6669 -17.4416 -16.9836
  6.3671 -17.7794 -17.6710 -17.4467 -16.9885
  6.3959 -17.7817 -17.6749 -17.4513 -16.9928
  6.4249 -17.7842 -17.6790 -17.4565 -16.9977
  6.4539 -17.7868 -17.6835 -17.4628 -17.0034
  6.4831 -17.7897 -17.6881 -17.4688 -17.0090
  6.5125 -17.7925 -17.6926 -17.4748 -17.0146
  6.5419 -17.7953 -17.6973 -17.4811 -17.0205
  6.5715 -17.7981 -17.7019 -17.4870 -17.0261
  6.6013 -17.8009 -17.7065 -17.4931 -17.0318
  6.6311 -17.8037 -17.7112 -17.4994 -17.0376
  6.6611 -17.8066 -17.7158 -17.5054 -17.0433
  6.6913 -17.8094 -17.7203 -17.5113 -17.0489
  6.7216 -17.8120 -17.7250 -17.5176 -17.0548
  6.7520 -17.8148 -17.7295 -17.5235 -17.0604
  6.7825 -17.8175 -17.7340 -17.5294 -17.0661
  6.8132 -17.8201 -17.7386 -17.5359 -17.0720
  6.8440 -17.8229 -17.7432 -17.5418 -17.0777
  6.8750 -17.8255 -17.7477 -17.5479 -17.0834
  6.9061 -17.8278 -17.7522 -17.5541 -17.0893
  6.9374 -17.8305 -17.7575 -17.5632 -17.0978
  6.9687 -17.8381 -17.7654 -17.5729 -17.1059
  7.0003 -17.8450 -17.7737 -17.5823 -17.1143
  7.0319 -17.8462 -17.7764 -17.5848 -17.1173
  7.0638 -17.8466 -17.7782 -17.5855 -17.1186
  7.0957 -17.8472 -17.7809 -17.5891 -17.1220
  7.1278 -17.8484 -17.7843 -17.5947 -17.1271
  7.1601 -17.8500 -17.7881 -17.6004 -17.1324
  7.1925 -17.8517 -17.7919 -17.6059 -17.1377
  7.2250 -17.8533 -17.7958 -17.6115 -17.1431
  7.2577 -17.8551 -17.7996 -17.6170 -17.1484
  7.2905 -17.8569 -17.8036 -17.6230 -17.1540
  7.3235 -17.8591 -17.8079 -17.6288 -17.1597
  7.3567 -17.8611 -17.8121 -17.6349 -17.1655
  7.3900 -17.8631 -17.8161 -17.6406 -17.1709
  7.4234 -17.8653 -17.8203 -17.6465 -17.1766
  7.4570 -17.8674 -17.8246 -17.6527 -17.1824
  7.4907 -17.8697 -17.8288 -17.6584 -17.1879
  7.5246 -17.8719 -17.8332 -17.6646 -17.1937
  7.5587 -17.8740 -17.8371 -17.6699 -17.1989
  7.5929 -17.8759 -17.8412 -17.6755 -17.2042
  7.6272 -17.8777 -17.8449 -17.6805 -17.2091
  7.6617 -17.8792 -17.8486 -17.6858 -17.2141
  7.6964 -17.8804 -17.8520 -17.6907 -17.2189
  7.7312 -17.8818 -17.8555 -17.6956 -17.2237
  7.7662 -17.8828 -17.8590 -17.7007 -17.2286
  7.8013 -17.8839 -17.8622 -17.7053 -17.2333
  7.8366 -17.8848 -17.8653 -17.7101 -17.2381
  7.8721 -17.8855 -17.8685 -17.7151 -17.2431
  7.9077 -17.8862 -17.8718 -17.7204 -17.2482
  7.9435 -17.8872 -17.8751 -17.7254 -17.2533
  7.9794 -17.8879 -17.8786 -17.7309 -17.2586
  8.0155 -17.8888 -17.8817 -17.7358 -17.2636
  8.0518 -17.8897 -17.8849 -17.7407 -17.2686
  8.0882 -17.8905 -17.8880 -17.7457 -17.2737
  8.1248 -17.8911 -17.8911 -17.7507 -17.2787
  8.1616 -17.8913 -17.8945 -17.7564 -17.2841
  8.1985 -17.8925 -17.8978 -17.7615 -17.2893
  8.2356 -17.8932 -17.9011 -17.7667 -17.2945
  8.2729 -17.8935 -17.9041 -17.7716 -17.2994
  8.3103 -17.8936 -17.9069 -17.7764 -17.3044
  8.3479 -17.8940 -17.9100 -17.7817 -17.3096
  8.3857 -17.8951 -17.9134 -17.7872 -17.3150
  8.4236 -17.8955 -17.9168 -17.7931 -17.3208
  8.4617 -17.8961 -17.9197 -17.7978 -17.3256
  8.5000 -17.8965 -17.9228 -17.8033 -17.3310
  8.5385 -17.8971 -17.9257 -17.8082 -17.3359
  8.5771 -17.8978 -17.9292 -17.8140 -17.3416
  8.6159 -17.8981 -17.9321 -17.8193 -17.3467
  8.6549 -17.8998 -17.9358 -17.8246 -17.3518
  8.6941 -17.9019 -17.9401 -17.8303 -17.3572
  8.7334 -17.9026 -17.9433 -17.8344 -17.3614
  8.7729 -17.9017 -17.9451 -17.8372 -17.3645
  8.8126 -17.9003 -17.9465 -17.8401 -17.3677
  8.8525 -17.8990 -17.9482 -17.8438 -17.3715
  8.8925 -17.8976 -17.9501 -17.8482 -17.3760
  8.9328 -17.8965 -17.9521 -17.8526 -17.3806
  8.9732 -17.8955 -17.9541 -17.8570 -17.3853
  9.0138 -17.8945 -17.9562 -17.8614 -17.3899
  9.0546 -17.8928 -17.9581 -17.8661 -17.3949
  9.0955 -17.8916 -17.9599 -17.8705 -17.3995
  9.1367 -17.8915 -17.9624 -17.8751 -17.4042
  9.1780 -17.8918 -17.9654 -17.8800 -17.4093
  9.2196 -17.8909 -17.9679 -17.8845 -17.4140
  9.2613 -17.8878 -17.9686 -17.8877 -17.4178
  9.3032 -17.8862 -17.9696 -17.8909 -17.4214
  9.3453 -17.8851 -17.9719 -17.8954 -17.4260
  9.3875 -17.8848 -17.9744 -17.9002 -17.4311
  9.4300 -17.8829 -17.9761 -17.9040 -17.4354
  9.4727 -17.8803 -17.9770 -17.9069 -17.4389
  9.5155 -17.8778 -17.9778 -17.9099 -17.4424
  9.5586 -17.8747 -17.9790 -17.9137 -17.4467
  9.6018 -17.8726 -17.9800 -17.9174 -17.4509
  9.6453 -17.8703 -17.9811 -17.9210 -17.4553
  9.6889 -17.8676 -17.9823 -17.9249 -17.4597
  9.7328 -17.8649 -17.9834 -17.9288 -17.4641
  9.7768 -17.8624 -17.9843 -17.9323 -17.4683
  9.8210 -17.8598 -17.9851 -17.9358 -17.4725
  9.8655 -17.8562 -17.9863 -17.9399 -17.4771
  9.9101 -17.8538 -17.9871 -17.9434 -17.4813
  9.9550 -17.8513 -17.9880 -17.9470 -17.4856
 10.0000 -17.8479 -17.9892 -17.9511 -17.4901
