# t        U        B        V        R       
  0.1100   7.9156   4.6312   2.1145   0.3900
  0.1105   8.0753   4.7735   2.2389   0.4957
  0.1110   8.2331   4.9147   2.3624   0.5996
  0.1115   8.3860   5.0508   2.4802   0.6989
  0.1120   8.5410   5.1886   2.5987   0.7986
  0.1125   8.6990   5.3299   2.7210   0.9012
  0.1130   8.8541   5.4676   2.8390   1.0005
  0.1135   9.0071   5.6035   2.9555   1.0986
  0.1140   9.1648   5.7448   3.0768   1.2006
  0.1146   9.3227   5.8851   3.1966   1.3013
  0.1151   9.4812   6.0254   3.3161   1.4018
  0.1156   9.6408   6.1666   3.4362   1.5029
  0.1161   9.8021   6.3123   3.5607   1.6074
  0.1166   9.9636   6.4551   3.6821   1.7095
  0.1172  10.1262   6.5987   3.8040   1.8120
  0.1177  10.2900   6.7433   3.9266   1.9151
  0.1182  10.4556   6.8934   4.0545   2.0220
  0.1188  10.6222   7.0404   4.1793   2.1271
  0.1193  10.7899   7.1884   4.3049   2.2327
  0.1199  10.9584   7.3405   4.4343   2.3413
  0.1204  11.1276   7.4904   4.5614   2.4480
  0.1209  11.2978   7.6406   4.6887   2.5549
  0.1215  11.4692   7.7918   4.8170   2.6625
  0.1220  11.6417   7.9440   4.9460   2.7707
  0.1226  11.8151   8.0971   5.0759   2.8795
  0.1231  11.9895   8.2518   5.2071   2.9896
  0.1237  12.1645   8.4153   5.3466   3.1065
  0.1243  12.3411   8.5716   5.4793   3.2177
  0.1248  12.5186   8.7290   5.6128   3.3295
  0.1254  12.6969   8.8872   5.7472   3.4419
  0.1260  12.8761   9.0464   5.8824   3.5551
  0.1265  13.0562   9.2066   6.0186   3.6690
  0.1271  13.2371   9.3679   6.1558   3.7836
  0.1277  13.4188   9.5303   6.2939   3.8991
  0.1282  13.6002   9.7052   6.4437   4.0244
  0.1288  13.7805   9.8689   6.5835   4.1410
  0.1294  13.9641  10.0348   6.7252   4.2595
  0.1300  14.1488  10.2023   6.8682   4.3792
  0.1306  14.3336  10.3708   7.0122   4.4993
  0.1312  14.5174  10.5397   7.1568   4.6198
  0.1318  14.6997  10.7088   7.3018   4.7409
  0.1324  14.8795  10.8793   7.4493   4.8642
  0.1330  15.0565  11.0542   7.6031   4.9932
  0.1336  15.2312  11.2244   7.7509   5.1165
  0.1342  15.4014  11.3948   7.8998   5.2406
  0.1348  15.5638  11.5647   8.0498   5.3657
  0.1354  15.7181  11.7337   8.2007   5.4916
  0.1360  15.8642  11.9019   8.3525   5.6183
  0.1366  15.9944  12.0675   8.5054   5.7457
  0.1372  16.1071  12.2295   8.6593   5.8740
  0.1379  16.2043  12.3879   8.8141   6.0031
  0.1385  16.2808  12.5410   8.9700   6.1330
  0.1391  16.3323  12.6858   9.1272   6.2637
  0.1397  16.3897  12.7872   9.2940   6.4046
  0.1404  16.4137  12.8850   9.4594   6.5436
  0.1410  16.3877  12.9846   9.6200   6.6775
  0.1416  16.3431  13.0670   9.7815   6.8124
  0.1423  16.2789  13.1269   9.9437   6.9480
  0.1429  16.1967  13.1597  10.1067   7.0844
  0.1436  16.1017  13.1671  10.2702   7.2216
  0.1442  15.9970  13.1506  10.4343   7.3597
  0.1449  15.8846  13.1073  10.5981   7.4988
  0.1455  15.7694  13.0546  10.7622   7.6386
  0.1462  15.6520  12.9826  10.9250   7.7792
  0.1468  15.5332  12.9021  11.0878   7.9205
  0.1475  15.4380  12.7629  11.2396   8.0697
  0.1482  15.3517  12.6001  11.3874   8.2225
  0.1489  15.2483  12.4865  11.5377   8.3691
  0.1495  15.1390  12.3887  11.6891   8.5142
  0.1502  15.0346  12.2890  11.8310   8.6606
  0.1509  14.9311  12.1885  11.9712   8.8079
  0.1516  14.8310  12.0872  12.0957   8.9565
  0.1522  14.7313  11.9853  12.2168   9.1059
  0.1529  14.6334  11.8828  12.3147   9.2565
  0.1536  14.5355  11.7800  12.4043   9.4078
  0.1543  14.4382  11.6768  12.4707   9.5601
  0.1550  14.3410  11.5733  12.5198   9.7131
  0.1557  14.2439  11.4696  12.5505   9.8669
  0.1564  14.1471  11.3658  12.5556  10.0215
  0.1571  14.0502  11.2617  12.5505  10.1767
  0.1578  13.9542  11.1578  12.5114  10.3330
  0.1586  13.8578  11.0534  12.4708  10.4899
  0.1593  13.7618  10.9490  12.4087  10.6483
  0.1600  13.6657  10.8444  12.3378  10.8076
  0.1607  13.5711  10.7386  12.2010  10.9675
  0.1615  13.4779  10.6318  11.9962  11.1279
  0.1622  13.3840  10.5256  11.8203  11.2852
  0.1629  13.2890  10.4215  11.7159  11.4340
  0.1637  13.1937  10.3173  11.6103  11.5817
  0.1644  13.0995  10.2142  11.4993  11.7161
  0.1651  13.0049  10.1107  11.3878  11.8511
  0.1659  12.9115  10.0087  11.2741  11.9653
  0.1666  12.8179   9.9063  11.1599  12.0790
  0.1674  12.7254   9.8052  11.0456  12.1668
  0.1681  12.6329   9.7042  10.9308  12.2490
  0.1689  12.5410   9.6038  10.8162  12.3083
  0.1697  12.4496   9.5041  10.7018  12.3476
  0.1704  12.3584   9.4045  10.5874  12.3743
  0.1712  12.2681   9.3061  10.4739  12.3675
  0.1720  12.1775   9.2073  10.3600  12.3590
  0.1728  12.0883   9.1101  10.2476  12.3118
  0.1735  11.9986   9.0125  10.1348  12.2645
  0.1743  11.9101   8.9163  10.0232  12.1924
  0.1751  11.8215   8.8200   9.9116  12.1149
  0.1759  11.7336   8.7246   9.8008  12.0254
  0.1767  11.6459   8.6295   9.6903  11.9287
  0.1775  11.5675   8.5458   9.5977  11.7475
  0.1783  11.4860   8.4584   9.4988  11.5926
  0.1791  11.4000   8.3654   9.3906  11.4798
  0.1799  11.3146   8.2732   9.2832  11.3644
  0.1807  11.2299   8.1816   9.1765  11.2470
  0.1816  11.1455   8.0907   9.0704  11.1284
  0.1824  11.0619   8.0005   8.9650  11.0088
  0.1832  10.9788   7.9108   8.8603  10.8888
  0.1840  10.8962   7.8218   8.7562  10.7687
  0.1849  10.8200   7.7416   8.6698  10.6640
  0.1857  10.7392   7.6547   8.5681  10.5458
  0.1865  10.6592   7.5687   8.4674  10.4285
  0.1874  10.5802   7.4839   8.3680  10.3123
  0.1882  10.5020   7.3999   8.2694  10.1968
  0.1891  10.4251   7.3174   8.1723  10.0828
  0.1899  10.3494   7.2361   8.0763   9.9699
  0.1908  10.2748   7.1560   7.9815   9.8581
  0.1917  10.2013   7.0770   7.8879   9.7476
  0.1925  10.1299   7.0000   7.7963   9.6392
  0.1934  10.0589   6.9235   7.7051   9.5311
  0.1943   9.9898   6.8488   7.6157   9.4250
  0.1952   9.9232   6.7784   7.5336   9.3273
  0.1960   9.8603   6.7144   7.4619   9.2417
  0.1969   9.7957   6.6456   7.3800   9.1432
  0.1978   9.7317   6.5762   7.2962   9.0427
  0.1987   9.6686   6.5072   7.2121   8.9416
  0.1996   9.6066   6.4392   7.1296   8.8423
  0.2005   9.5465   6.3741   7.0512   8.7480
  0.2014   9.4873   6.3102   6.9750   8.6564
  0.2023   9.4276   6.2442   6.8948   8.5596
  0.2032   9.3703   6.1816   6.8199   8.4692
  0.2042   9.3131   6.1189   6.7446   8.3784
  0.2051   9.2562   6.0563   6.6697   8.2886
  0.2060   9.1997   5.9941   6.5955   8.1998
  0.2070   9.1432   5.9316   6.5207   8.1104
  0.2079   9.0888   5.8720   6.4507   8.0271
  0.2088   9.0295   5.8108   6.3809   7.9440
  0.2098   8.9736   5.7486   6.3070   7.8558
  0.2107   8.9193   5.6885   6.2364   7.7714
  0.2117   8.8634   5.6263   6.1626   7.6833
  0.2126   8.8078   5.5642   6.0889   7.5952
  0.2136   8.7521   5.5019   6.0151   7.5068
  0.2146   8.6962   5.4393   5.9410   7.4184
  0.2155   8.6430   5.3796   5.8716   7.3356
  0.2165   8.5915   5.3219   5.8054   7.2567
  0.2175   8.5334   5.2568   5.7289   7.1664
  0.2185   8.4780   5.1946   5.6562   7.0804
  0.2195   8.4214   5.1312   5.5816   6.9921
  0.2205   8.3652   5.0683   5.5075   6.9045
  0.2215   8.3093   5.0056   5.4336   6.8169
  0.2225   8.2581   4.9476   5.3666   6.7374
  0.2235   8.2037   4.8865   5.2953   6.6533
  0.2245   8.1473   4.8231   5.2204   6.5650
  0.2255   8.0935   4.7625   5.1496   6.4813
  0.2265   8.0390   4.7012   5.0778   6.3966
  0.2275   7.9836   4.6390   5.0045   6.3100
  0.2286   7.9284   4.5770   4.9316   6.2238
  0.2296   7.8765   4.5184   4.8637   6.1435
  0.2306   7.8214   4.4567   4.7918   6.0590
  0.2317   7.7658   4.3943   4.7189   5.9733
  0.2327   7.7095   4.3315   4.6451   5.8865
  0.2338   7.6535   4.2691   4.5721   5.8007
  0.2348   7.5976   4.2069   4.4992   5.7151
  0.2359   7.5419   4.1449   4.4266   5.6299
  0.2370   7.4862   4.0830   4.3541   5.5447
  0.2380   7.4307   4.0211   4.2818   5.4598
  0.2391   7.3750   3.9592   4.2094   5.3747
  0.2402   7.4026   3.8874   4.0527   5.1759
  0.2413   7.3460   3.8310   3.9878   5.1042
  0.2424   7.2890   3.7722   3.9201   5.0269
  0.2435   7.2329   3.7121   3.8505   4.9457
  0.2446   7.1782   3.6527   3.7811   4.8641
  0.2457   7.1237   3.5933   3.7116   4.7820
  0.2468   7.0695   3.5338   3.6418   4.6993
  0.2479   7.0131   3.4735   3.5775   4.6236
  0.2490   6.9563   3.4126   3.5116   4.5456
  0.2502   6.9002   3.3506   3.4393   4.4588
  0.2513   6.8436   3.2879   3.3662   4.3707
  0.2524   6.7866   3.2248   3.2928   4.2821
  0.2536   6.7296   3.1614   3.2190   4.1935
  0.2547   6.6725   3.0981   3.1452   4.1053
  0.2559   6.6157   3.0350   3.0716   4.0179
  0.2570   6.5592   2.9724   2.9987   3.9318
  0.2582   6.5029   2.9100   2.9259   3.8462
  0.2594   6.4474   2.8487   2.8545   3.7630
  0.2605   6.3919   2.7873   2.7830   3.6797
  0.2617   6.3371   2.7271   2.7130   3.5984
  0.2629   6.2709   2.6583   2.6490   3.5275
  0.2641   6.2124   2.5944   2.5768   3.4442
  0.2653   6.1561   2.5337   2.5072   3.3643
  0.2665   6.1008   2.4746   2.4395   3.2868
  0.2677   6.0436   2.4148   2.3746   3.2127
  0.2689   5.9886   2.3563   2.3078   3.1361
  0.2701   5.9338   2.2979   2.2413   3.0597
  0.2713   5.8791   2.2396   2.1751   2.9838
  0.2726   5.8245   2.1814   2.1093   2.9085
  0.2738   5.7698   2.1232   2.0437   2.8337
  0.2750   5.7150   2.0650   1.9783   2.7592
  0.2763   5.6600   2.0067   1.9130   2.6849
  0.2775   5.6048   1.9482   1.8478   2.6108
  0.2788   5.5492   1.8895   1.7825   2.5366
  0.2800   5.4932   1.8305   1.7172   2.4624
  0.2813   5.4368   1.7712   1.6516   2.3880
  0.2826   5.3802   1.7117   1.5859   2.3135
  0.2839   5.3193   1.6492   1.5237   2.2442
  0.2851   5.2579   1.5862   1.4615   2.1751
  0.2864   5.2009   1.5267   1.3961   2.1011
  0.2877   5.1439   1.4669   1.3303   2.0267
  0.2890   5.0871   1.4076   1.2650   1.9529
  0.2903   5.0301   1.3481   1.1995   1.8790
  0.2917   4.9735   1.2891   1.1344   1.8056
  0.2930   4.9064   1.2215   1.0673   1.7321
  0.2943   4.8465   1.1590   0.9996   1.6556
  0.2956   4.7871   1.0980   0.9339   1.5822
  0.2970   4.7289   1.0385   0.8690   1.5097
  0.2983   4.6712   0.9801   0.8047   1.4382
  0.2997   4.6150   0.9230   0.7417   1.3679
  0.3010   4.5589   0.8660   0.6791   1.2977
  0.3024   4.4998   0.8066   0.6182   1.2301
  0.3038   4.4427   0.7486   0.5561   1.1608
  0.3051   4.3865   0.6913   0.4936   1.0910
  0.3065   4.3303   0.6341   0.4312   1.0215
  0.3079   4.2741   0.5769   0.3689   0.9521
  0.3093   4.2177   0.5195   0.3066   0.8828
  0.3107   4.1609   0.4618   0.2442   0.8132
  0.3121   4.1038   0.4037   0.1816   0.7435
  0.3135   4.0461   0.3453   0.1186   0.6734
  0.3149   3.9868   0.2856   0.0558   0.6040
  0.3163   3.9226   0.2226  -0.0048   0.5382
  0.3178   3.8639   0.1633  -0.0682   0.4679
  0.3192   3.8048   0.1039  -0.1317   0.3975
  0.3207   3.7453   0.0441  -0.1954   0.3271
  0.3221   3.6832  -0.0174  -0.2576   0.2593
  0.3236   3.6235  -0.0769  -0.3208   0.1896
  0.3250   3.5637  -0.1364  -0.3839   0.1199
  0.3265   3.5010  -0.1979  -0.4461   0.0521
  0.3280   3.4407  -0.2574  -0.5090  -0.0171
  0.3295   3.3799  -0.3171  -0.5719  -0.0865
  0.3310   3.3175  -0.3780  -0.6342  -0.1546
  0.3325   3.2565  -0.4373  -0.6957  -0.2220
  0.3340   3.1972  -0.4950  -0.7566  -0.2891
  0.3355   3.1379  -0.5525  -0.8173  -0.3559
  0.3370   3.0785  -0.6100  -0.8781  -0.4227
  0.3385   3.0121  -0.6729  -0.9395  -0.4890
  0.3400   2.9505  -0.7326  -1.0016  -0.5577
  0.3416   2.8923  -0.7890  -1.0616  -0.6236
  0.3431   2.8338  -0.8454  -1.1200  -0.6875
  0.3447   2.7765  -0.9010  -1.1794  -0.7528
  0.3462   2.7196  -0.9562  -1.2385  -0.8179
  0.3478   2.6633  -1.0110  -1.2975  -0.8830
  0.3494   2.6049  -1.0672  -1.3554  -0.9463
  0.3510   2.5498  -1.1213  -1.4140  -1.0110
  0.3525   2.4933  -1.1761  -1.4720  -1.0748
  0.3541   2.4392  -1.2296  -1.5304  -1.1395
  0.3557   2.3855  -1.2829  -1.5888  -1.2044
  0.3574   2.3293  -1.3374  -1.6461  -1.2679
  0.3590   2.2767  -1.3898  -1.7038  -1.3321
  0.3606   2.2235  -1.4423  -1.7609  -1.3958
  0.3622   2.1711  -1.4942  -1.8175  -1.4590
  0.3639   2.1207  -1.5450  -1.8740  -1.5224
  0.3655   2.0709  -1.5954  -1.9305  -1.5857
  0.3672   2.0185  -1.6472  -1.9865  -1.6484
  0.3688   1.9696  -1.6978  -2.0440  -1.7131
  0.3705   1.9189  -1.7494  -2.1006  -1.7770
  0.3722   1.8716  -1.7992  -2.1573  -1.8410
  0.3739   1.8251  -1.8487  -2.2140  -1.9051
  0.3755   1.7792  -1.8980  -2.2708  -1.9694
  0.3772   1.7293  -1.9492  -2.3266  -2.0329
  0.3790   1.6786  -2.0030  -2.3851  -2.0987
  0.3807   1.6313  -2.0556  -2.4453  -2.1683
  0.3824   1.5837  -2.1078  -2.5042  -2.2350
  0.3841   1.5371  -2.1600  -2.5638  -2.3024
  0.3859   1.4876  -2.2140  -2.6233  -2.3694
  0.3876   1.4381  -2.2687  -2.6844  -2.4376
  0.3894   1.3856  -2.3261  -2.7464  -2.5065
  0.3911   1.3337  -2.3830  -2.8094  -2.5759
  0.3929   1.2801  -2.4411  -2.8729  -2.6453
  0.3947   1.2250  -2.5002  -2.9368  -2.7145
  0.3965   1.1656  -2.5624  -2.9997  -2.7826
  0.3982   1.1073  -2.6235  -3.0642  -2.8517
  0.4001   1.0461  -2.6868  -3.1287  -2.9204
  0.4019   0.9831  -2.7510  -3.1946  -2.9899
  0.4037   0.9168  -2.8181  -3.2609  -3.0591
  0.4055   0.8506  -2.8837  -3.3268  -3.1278
  0.4073   0.7827  -2.9502  -3.3927  -3.1958
  0.4092   0.7135  -3.0184  -3.4584  -3.2630
  0.4110   0.6426  -3.0857  -3.5237  -3.3294
  0.4129   0.5711  -3.1533  -3.5886  -3.3945
  0.4148   0.5003  -3.2185  -3.6515  -3.4580
  0.4166   0.4313  -3.2819  -3.7126  -3.5193
  0.4185   0.3636  -3.3429  -3.7719  -3.5787
  0.4204   0.2983  -3.3997  -3.8274  -3.6355
  0.4223   0.2359  -3.4539  -3.8809  -3.6912
  0.4242   0.1766  -3.5054  -3.9321  -3.7448
  0.4262   0.1210  -3.5520  -3.9784  -3.7951
  0.4281   0.0676  -3.5993  -4.0274  -3.8500
  0.4300   0.0182  -3.6425  -4.0731  -3.9020
  0.4320  -0.0289  -3.6841  -4.1178  -3.9540
  0.4339  -0.0755  -3.7260  -4.1633  -4.0075
  0.4359  -0.1167  -3.7646  -4.2078  -4.0617
  0.4379  -0.1537  -3.8015  -4.2520  -4.1171
  0.4398  -0.1892  -3.8387  -4.2974  -4.1747
  0.4418  -0.2329  -3.8808  -4.3432  -4.2311
  0.4438  -0.2691  -3.9220  -4.3931  -4.2930
  0.4458  -0.3074  -3.9668  -4.4459  -4.3572
  0.4478  -0.3546  -4.0167  -4.4990  -4.4203
  0.4499  -0.4015  -4.0674  -4.5539  -4.4845
  0.4519  -0.4500  -4.1199  -4.6108  -4.5497
  0.4540  -0.5025  -4.1755  -4.6694  -4.6150
  0.4560  -0.5602  -4.2346  -4.7286  -4.6793
  0.4581  -0.6197  -4.2943  -4.7886  -4.7426
  0.4601  -0.6814  -4.3550  -4.8486  -4.8039
  0.4622  -0.7425  -4.4133  -4.9061  -4.8620
  0.4643  -0.8022  -4.4684  -4.9606  -4.9162
  0.4664  -0.8597  -4.5208  -5.0130  -4.9677
  0.4685  -0.9142  -4.5685  -5.0610  -5.0159
  0.4706  -0.9663  -4.6134  -5.1063  -5.0618
  0.4728  -1.0133  -4.6526  -5.1479  -5.1065
  0.4749  -1.0588  -4.6896  -5.1866  -5.1497
  0.4771  -1.0986  -4.7225  -5.2238  -5.1943
  0.4792  -1.1453  -4.7575  -5.2561  -5.2355
  0.4814  -1.1795  -4.7890  -5.2933  -5.2838
  0.4836  -1.2191  -4.8284  -5.3375  -5.3430
  0.4858  -1.2615  -4.8695  -5.3834  -5.3984
  0.4880  -1.3017  -4.9091  -5.4266  -5.4519
  0.4902  -1.3462  -4.9530  -5.4721  -5.5052
  0.4924  -1.3918  -4.9985  -5.5199  -5.5613
  0.4946  -1.4399  -5.0460  -5.5681  -5.6156
  0.4968  -1.4888  -5.0938  -5.6164  -5.6692
  0.4991  -1.5387  -5.1417  -5.6645  -5.7206
  0.5014  -1.5895  -5.1896  -5.7122  -5.7700
  0.5036  -1.6386  -5.2347  -5.7573  -5.8165
  0.5059  -1.6873  -5.2779  -5.8008  -5.8607
  0.5082  -1.7313  -5.3160  -5.8405  -5.9019
  0.5105  -1.7740  -5.3511  -5.8773  -5.9408
  0.5128  -1.8134  -5.3825  -5.9117  -5.9791
  0.5151  -1.8482  -5.4101  -5.9443  -6.0184
  0.5174  -1.8869  -5.4402  -5.9768  -6.0588
  0.5198  -1.9245  -5.4711  -6.0106  -6.1020
  0.5221  -1.9633  -5.5040  -6.0460  -6.1466
  0.5245  -2.0032  -5.5388  -6.0832  -6.1930
  0.5269  -2.0460  -5.5767  -6.1225  -6.2405
  0.5293  -2.0943  -5.6201  -6.1636  -6.2876
  0.5317  -2.1424  -5.6628  -6.2053  -6.3346
  0.5341  -2.1932  -5.7080  -6.2476  -6.3799
  0.5365  -2.2418  -5.7500  -6.2881  -6.4228
  0.5389  -2.2905  -5.7907  -6.3268  -6.4629
  0.5413  -2.3363  -5.8275  -6.3631  -6.5016
  0.5438  -2.3765  -5.8594  -6.3968  -6.5392
  0.5463  -2.4184  -5.8915  -6.4293  -6.5767
  0.5487  -2.4557  -5.9205  -6.4617  -6.6161
  0.5512  -2.4935  -5.9508  -6.4950  -6.6570
  0.5537  -2.5385  -5.9870  -6.5298  -6.6981
  0.5562  -2.5800  -6.0214  -6.5654  -6.7405
  0.5587  -2.6237  -6.0581  -6.6021  -6.7830
  0.5613  -2.6724  -6.0992  -6.6404  -6.8249
  0.5638  -2.7210  -6.1401  -6.6790  -6.8661
  0.5663  -2.7656  -6.1772  -6.7150  -6.9048
  0.5689  -2.8120  -6.2139  -6.7494  -6.9408
  0.5715  -2.8524  -6.2455  -6.7812  -6.9753
  0.5741  -2.8929  -6.2761  -6.8120  -7.0095
  0.5767  -2.9305  -6.3047  -6.8423  -7.0446
  0.5793  -2.9732  -6.3368  -6.8735  -7.0804
  0.5819  -3.0128  -6.3677  -6.9056  -7.1179
  0.5845  -3.0556  -6.4014  -6.9387  -7.1557
  0.5872  -3.0982  -6.4353  -6.9719  -7.1932
  0.5898  -3.1415  -6.4698  -7.0051  -7.2296
  0.5925  -3.1824  -6.5026  -7.0375  -7.2649
  0.5952  -3.2270  -6.5371  -7.0696  -7.2990
  0.5979  -3.2652  -6.5673  -7.1002  -7.3324
  0.6006  -3.3028  -6.5965  -7.1304  -7.3660
  0.6033  -3.3463  -6.6291  -7.1615  -7.4003
  0.6060  -3.3845  -6.6588  -7.1924  -7.4353
  0.6088  -3.4256  -6.6905  -7.2241  -7.4707
  0.6115  -3.4679  -6.7237  -7.2569  -7.5069
  0.6143  -3.5121  -6.7583  -7.2906  -7.5434
  0.6171  -3.5518  -6.7898  -7.3227  -7.5782
  0.6199  -3.5917  -6.8211  -7.3543  -7.6128
  0.6227  -3.6359  -6.8546  -7.3864  -7.6474
  0.6255  -3.6796  -6.8880  -7.4188  -7.6825
  0.6283  -3.7205  -6.9201  -7.4515  -7.7180
  0.6311  -3.7646  -6.9545  -7.4850  -7.7539
  0.6340  -3.8092  -6.9894  -7.5193  -7.7905
  0.6369  -3.8505  -7.0221  -7.5524  -7.8259
  0.6398  -3.8959  -7.0567  -7.5856  -7.8612
  0.6427  -3.9373  -7.0895  -7.6187  -7.8967
  0.6456  -3.9826  -7.1245  -7.6523  -7.9324
  0.6485  -4.0251  -7.1584  -7.6864  -7.9686
  0.6514  -4.0694  -7.1934  -7.7209  -8.0050
  0.6544  -4.1144  -7.2285  -7.7550  -8.0408
  0.6573  -4.1592  -7.2632  -7.7888  -8.0765
  0.6603  -4.2011  -7.2968  -7.8229  -8.1126
  0.6633  -4.2472  -7.3327  -7.8575  -8.1492
  0.6663  -4.2905  -7.3677  -7.8927  -8.1864
  0.6693  -4.3367  -7.4040  -7.9278  -8.2233
  0.6723  -4.3797  -7.4386  -7.9625  -8.2598
  0.6754  -4.4271  -7.4751  -7.9972  -8.2963
  0.6784  -4.4713  -7.5108  -8.0328  -8.3337
  0.6815  -4.5194  -7.5483  -8.0685  -8.3711
  0.6846  -4.5636  -7.5839  -8.1039  -8.4082
  0.6877  -4.6079  -7.6195  -8.1392  -8.4451
  0.6908  -4.6578  -7.6576  -8.1745  -8.4818
  0.6939  -4.7028  -7.6937  -8.2101  -8.5190
  0.6971  -4.7510  -7.7314  -8.2459  -8.5561
  0.7002  -4.7969  -7.7683  -8.2823  -8.5939
  0.7034  -4.8471  -7.8073  -8.3188  -8.6316
  0.7066  -4.8967  -7.8466  -8.3561  -8.6702
  0.7098  -4.9441  -7.8845  -8.3929  -8.7081
  0.7130  -4.9910  -7.9221  -8.4295  -8.7459
  0.7162  -5.0424  -7.9616  -8.4661  -8.7834
  0.7194  -5.0936  -8.0014  -8.5035  -8.8217
  0.7227  -5.1414  -8.0395  -8.5403  -8.8594
  0.7260  -5.1891  -8.0775  -8.5770  -8.8970
  0.7292  -5.2420  -8.1174  -8.6135  -8.9341
  0.7325  -5.2909  -8.1563  -8.6510  -8.9724
  0.7359  -5.3428  -8.1962  -8.6880  -9.0100
  0.7392  -5.3914  -8.2346  -8.7249  -9.0476
  0.7425  -5.4447  -8.2747  -8.7616  -9.0847
  0.7459  -5.4941  -8.3134  -8.7984  -9.1221
  0.7493  -5.5464  -8.3529  -8.8350  -9.1591
  0.7527  -5.5957  -8.3916  -8.8718  -9.1964
  0.7561  -5.6492  -8.4316  -8.9086  -9.2334
  0.7595  -5.6990  -8.4705  -8.9458  -9.2709
  0.7629  -5.7959  -8.5251  -8.9833  -9.3054
  0.7664  -5.8174  -8.5091  -8.9632  -9.2720
  0.7698  -5.8714  -8.5575  -9.0097  -9.3216
  0.7733  -5.9263  -8.6102  -9.0598  -9.3772
  0.7768  -5.9816  -8.6623  -9.1094  -9.4323
  0.7803  -6.0395  -8.7133  -9.1564  -9.4837
  0.7839  -6.0951  -8.7618  -9.2011  -9.5316
  0.7874  -6.1541  -8.8089  -9.2441  -9.5758
  0.7910  -6.2053  -8.8497  -9.2826  -9.6142
  0.7946  -6.2545  -8.8873  -9.3187  -9.6495
  0.7981  -6.3087  -8.9250  -9.3538  -9.6828
  0.8018  -6.3588  -8.9623  -9.3890  -9.7170
  0.8054  -6.4093  -9.0002  -9.4247  -9.7518
  0.8090  -6.4595  -9.0377  -9.4602  -9.7863
  0.8127  -6.5168  -9.0769  -9.4954  -9.8202
  0.8164  -6.5670  -9.1142  -9.5305  -9.8543
  0.8201  -6.6172  -9.1513  -9.5655  -9.8883
  0.8238  -6.6675  -9.1884  -9.6003  -9.9221
  0.8275  -6.7252  -9.2270  -9.6350  -9.9552
  0.8312  -6.7755  -9.2638  -9.6695  -9.9886
  0.8350  -6.8257  -9.3004  -9.7038 -10.0217
  0.8388  -6.8760  -9.3369  -9.7380 -10.0545
  0.8426  -6.9348  -9.3751  -9.7721 -10.0865
  0.8464  -6.9850  -9.4112  -9.8060 -10.1187
  0.8502  -7.0351  -9.4472  -9.8396 -10.1507
  0.8541  -7.0853  -9.4831  -9.8731 -10.1824
  0.8579  -7.1436  -9.5205  -9.9066 -10.2133
  0.8618  -7.1938  -9.5561  -9.9397 -10.2444
  0.8657  -7.2439  -9.5915  -9.9725 -10.2752
  0.8696  -7.2940  -9.6267 -10.0052 -10.3057
  0.8736  -7.3441  -9.6617 -10.0376 -10.3358
  0.8775  -7.4044  -9.6985 -10.0701 -10.3651
  0.8815  -7.4547  -9.7332 -10.1021 -10.3947
  0.8855  -7.5050  -9.7677 -10.1339 -10.4239
  0.8895  -7.5555  -9.8022 -10.1656 -10.4529
  0.8935  -7.6062  -9.8365 -10.1971 -10.4818
  0.8975  -7.6675  -9.8727 -10.2289 -10.5100
  0.9016  -7.7185  -9.9069 -10.2601 -10.5385
  0.9057  -7.7698  -9.9409 -10.2912 -10.5667
  0.9098  -7.8212  -9.9749 -10.3221 -10.5947
  0.9139  -7.8730 -10.0088 -10.3530 -10.6226
  0.9180  -7.9368 -10.0446 -10.3842 -10.6498
  0.9222  -7.9890 -10.0784 -10.4149 -10.6773
  0.9264  -8.0416 -10.1120 -10.4454 -10.7046
  0.9306  -8.0943 -10.1455 -10.4757 -10.7318
  0.9348  -8.1488 -10.1792 -10.5061 -10.7588
  0.9390  -8.2111 -10.2139 -10.5366 -10.7854
  0.9432  -8.2644 -10.2471 -10.5666 -10.8121
  0.9475  -8.3179 -10.2800 -10.5964 -10.8387
  0.9518  -8.3714 -10.3127 -10.6261 -10.8651
  0.9561  -8.4251 -10.3453 -10.6558 -10.8915
  0.9604  -8.4920 -10.3797 -10.6859 -10.9173
  0.9648  -8.5462 -10.4121 -10.7154 -10.9435
  0.9691  -8.6002 -10.4443 -10.7449 -10.9696
  0.9735  -8.6541 -10.4764 -10.7743 -10.9957
  0.9779  -8.7080 -10.5084 -10.8035 -11.0216
  0.9824  -8.7676 -10.5410 -10.8330 -11.0472
  0.9868  -8.8284 -10.5737 -10.8624 -11.0726
  0.9913  -8.8821 -10.6052 -10.8914 -11.0982
  0.9957  -8.9382 -10.6370 -10.9205 -11.1237
  1.0003  -8.9956 -10.6689 -10.9496 -11.1491
  1.0048  -9.0486 -10.6999 -10.9783 -11.1745
  1.0093  -9.1013 -10.7308 -11.0070 -11.1999
  1.0139  -9.1538 -10.7615 -11.0356 -11.2252
  1.0185  -9.2159 -10.7937 -11.0647 -11.2501
  1.0231  -9.2679 -10.8244 -11.0933 -11.2755
  1.0277  -9.3194 -10.8549 -11.1218 -11.3008
  1.0324  -9.3703 -10.8851 -11.1502 -11.3259
  1.0370  -9.4287 -10.9161 -11.1787 -11.3505
  1.0417  -9.4789 -10.9460 -11.2068 -11.3755
  1.0464  -9.5287 -10.9754 -11.2346 -11.4001
  1.0512  -9.5781 -11.0046 -11.2622 -11.4246
  1.0559  -9.6273 -11.0336 -11.2897 -11.4490
  1.0607  -9.6761 -11.0625 -11.3171 -11.4733
  1.0655  -9.7364 -11.0932 -11.3451 -11.4970
  1.0703  -9.7847 -11.1222 -11.3726 -11.5215
  1.0752  -9.8326 -11.1512 -11.4001 -11.5460
  1.0800  -9.8799 -11.1801 -11.4274 -11.5705
  1.0849  -9.9270 -11.2088 -11.4547 -11.5950
  1.0898  -9.9818 -11.2386 -11.4823 -11.6188
  1.0948 -10.0279 -11.2671 -11.5094 -11.6430
  1.0997 -10.0735 -11.2953 -11.5364 -11.6672
  1.1047 -10.1185 -11.3234 -11.5633 -11.6913
  1.1097 -10.1630 -11.3512 -11.5900 -11.7153
  1.1147 -10.2134 -11.3798 -11.6168 -11.7387
  1.1198 -10.2591 -11.4076 -11.6433 -11.7623
  1.1248 -10.3022 -11.4349 -11.6694 -11.7858
  1.1299 -10.3449 -11.4618 -11.6952 -11.8091
  1.1350 -10.3872 -11.4886 -11.7208 -11.8322
  1.1402 -10.4291 -11.5153 -11.7464 -11.8553
  1.1453 -10.4705 -11.5421 -11.7718 -11.8784
  1.1505 -10.5185 -11.5700 -11.7976 -11.9010
  1.1557 -10.5614 -11.5972 -11.8232 -11.9240
  1.1609 -10.6016 -11.6240 -11.8486 -11.9472
  1.1662 -10.6415 -11.6506 -11.8739 -11.9702
  1.1715 -10.6810 -11.6770 -11.8991 -11.9932
  1.1768 -10.7200 -11.7032 -11.9241 -12.0160
  1.1821 -10.7587 -11.7292 -11.9490 -12.0386
  1.1874 -10.7970 -11.7550 -11.9737 -12.0611
  1.1928 -10.8349 -11.7806 -11.9983 -12.0835
  1.1982 -10.8822 -11.8075 -12.0230 -12.1047
  1.2036 -10.9194 -11.8328 -12.0472 -12.1269
  1.2091 -10.9563 -11.8579 -12.0713 -12.1489
  1.2145 -10.9928 -11.8829 -12.0952 -12.1708
  1.2200 -11.0291 -11.9077 -12.1190 -12.1926
  1.2256 -11.0650 -11.9324 -12.1427 -12.2144
  1.2311 -11.1007 -11.9570 -12.1664 -12.2360
  1.2367 -11.1361 -11.9815 -12.1899 -12.2576
  1.2423 -11.1761 -12.0065 -12.2135 -12.2785
  1.2479 -11.2143 -12.0313 -12.2369 -12.2996
  1.2535 -11.2490 -12.0555 -12.2601 -12.3210
  1.2592 -11.2833 -12.0795 -12.2833 -12.3423
  1.2649 -11.3175 -12.1034 -12.3063 -12.3635
  1.2706 -11.3513 -12.1271 -12.3291 -12.3846
  1.2764 -11.3848 -12.1508 -12.3519 -12.4057
  1.2822 -11.4181 -12.1743 -12.3746 -12.4267
  1.2880 -11.4566 -12.1984 -12.3973 -12.4469
  1.2938 -11.4907 -12.2219 -12.4199 -12.4676
  1.2996 -11.5233 -12.2452 -12.4423 -12.4884
  1.3055 -11.5557 -12.2682 -12.4645 -12.5091
  1.3114 -11.5878 -12.2912 -12.4867 -12.5298
  1.3174 -11.6198 -12.3142 -12.5088 -12.5504
  1.3233 -11.6537 -12.3373 -12.5309 -12.5707
  1.3293 -11.6878 -12.3604 -12.5530 -12.5909
  1.3353 -11.7192 -12.3832 -12.5750 -12.6115
  1.3414 -11.7503 -12.4059 -12.5969 -12.6321
  1.3474 -11.7813 -12.4285 -12.6188 -12.6526
  1.3535 -11.8122 -12.4509 -12.6406 -12.6731
  1.3597 -11.8429 -12.4733 -12.6624 -12.6936
  1.3658 -11.8748 -12.4957 -12.6841 -12.7137
  1.3720 -11.9088 -12.5182 -12.7057 -12.7333
  1.3782 -11.9390 -12.5404 -12.7273 -12.7537
  1.3844 -11.9690 -12.5625 -12.7487 -12.7739
  1.3907 -11.9988 -12.5845 -12.7700 -12.7941
  1.3970 -12.0284 -12.6064 -12.7913 -12.8143
  1.4033 -12.0579 -12.6284 -12.8125 -12.8345
  1.4097 -12.0887 -12.6503 -12.8337 -12.8544
  1.4160 -12.1206 -12.6724 -12.8549 -12.8741
  1.4224 -12.1497 -12.6943 -12.8762 -12.8944
  1.4289 -12.1787 -12.7162 -12.8975 -12.9146
  1.4353 -12.2077 -12.7380 -12.9187 -12.9349
  1.4418 -12.2365 -12.7598 -12.9398 -12.9551
  1.4484 -12.2652 -12.7815 -12.9609 -12.9753
  1.4549 -12.2964 -12.8030 -12.9820 -12.9948
  1.4615 -12.3260 -12.8247 -13.0030 -13.0147
  1.4681 -12.3544 -12.8463 -13.0241 -13.0349
  1.4748 -12.3827 -12.8679 -13.0451 -13.0550
  1.4814 -12.4108 -12.8894 -13.0660 -13.0752
  1.4881 -12.4388 -12.9108 -13.0869 -13.0953
  1.4949 -12.4667 -12.9323 -13.1077 -13.1154
  1.5016 -12.4964 -12.9535 -13.1285 -13.1349
  1.5084 -12.5257 -12.9748 -13.1493 -13.1546
  1.5152 -12.5533 -12.9962 -13.1702 -13.1747
  1.5221 -12.5808 -13.0177 -13.1911 -13.1949
  1.5290 -12.6083 -13.0390 -13.2119 -13.2151
  1.5359 -12.6357 -13.0604 -13.2327 -13.2352
  1.5429 -12.6630 -13.0817 -13.2534 -13.2553
  1.5498 -12.6931 -13.1026 -13.2741 -13.2744
  1.5568 -12.7202 -13.1239 -13.2948 -13.2946
  1.5639 -12.7473 -13.1453 -13.3156 -13.3147
  1.5710 -12.7743 -13.1666 -13.3362 -13.3348
  1.5781 -12.8012 -13.1879 -13.3569 -13.3549
  1.5852 -12.8280 -13.2091 -13.3775 -13.3750
  1.5924 -12.8569 -13.2298 -13.3980 -13.3941
  1.5996 -12.8835 -13.2511 -13.4186 -13.4142
  1.6068 -12.9102 -13.2724 -13.4392 -13.4342
  1.6141 -12.9369 -13.2936 -13.4598 -13.4543
  1.6214 -12.9636 -13.3148 -13.4803 -13.4743
  1.6287 -12.9921 -13.3354 -13.5009 -13.4933
  1.6361 -13.0186 -13.3566 -13.5214 -13.5133
  1.6435 -13.0451 -13.3778 -13.5418 -13.5332
  1.6509 -13.0713 -13.3989 -13.5622 -13.5530
  1.6584 -13.0975 -13.4200 -13.5825 -13.5728
  1.6659 -13.1236 -13.4410 -13.6028 -13.5926
  1.6735 -13.1497 -13.4621 -13.6230 -13.6123
  1.6810 -13.1772 -13.4824 -13.6432 -13.6312
  1.6886 -13.2039 -13.5032 -13.6634 -13.6505
  1.6963 -13.2298 -13.5243 -13.6837 -13.6702
  1.7040 -13.2557 -13.5454 -13.7039 -13.6899
  1.7117 -13.2815 -13.5665 -13.7240 -13.7095
  1.7194 -13.3072 -13.5876 -13.7441 -13.7291
  1.7272 -13.3341 -13.6078 -13.7641 -13.7478
  1.7350 -13.3599 -13.6288 -13.7841 -13.7672
  1.7429 -13.3855 -13.6500 -13.8042 -13.7868
  1.7507 -13.4112 -13.6711 -13.8243 -13.8063
  1.7587 -13.4368 -13.6921 -13.8443 -13.8257
  1.7666 -13.4630 -13.7125 -13.8642 -13.8445
  1.7746 -13.4887 -13.7333 -13.8842 -13.8636
  1.7826 -13.5140 -13.7544 -13.9041 -13.8829
  1.7907 -13.5392 -13.7753 -13.9239 -13.9022
  1.7988 -13.5644 -13.7963 -13.9437 -13.9215
  1.8069 -13.5896 -13.8173 -13.9634 -13.9407
  1.8151 -13.6149 -13.8379 -13.9831 -13.9595
  1.8233 -13.6404 -13.8581 -14.0027 -13.9778
  1.8316 -13.6654 -13.8791 -14.0224 -13.9970
  1.8399 -13.6903 -13.9002 -14.0421 -14.0161
  1.8482 -13.7151 -13.9212 -14.0617 -14.0352
  1.8566 -13.7399 -13.9422 -14.0814 -14.0542
  1.8650 -13.7647 -13.9631 -14.1009 -14.0731
  1.8734 -13.7894 -13.9841 -14.1204 -14.0921
  1.8819 -13.8145 -14.0036 -14.1397 -14.1095
  1.8904 -13.8390 -14.0245 -14.1591 -14.1283
  1.8989 -13.8635 -14.0455 -14.1786 -14.1471
  1.9075 -13.8879 -14.0664 -14.1981 -14.1659
  1.9162 -13.9124 -14.0874 -14.2174 -14.1847
  1.9248 -13.9367 -14.1084 -14.2368 -14.2035
  1.9335 -13.9610 -14.1294 -14.2561 -14.2222
  1.9423 -13.9852 -14.1491 -14.2752 -14.2396
  1.9511 -14.0093 -14.1699 -14.2944 -14.2580
  1.9599 -14.0334 -14.1909 -14.3137 -14.2766
  1.9688 -14.0575 -14.2118 -14.3330 -14.2951
  1.9777 -14.0814 -14.2327 -14.3522 -14.3136
  1.9866 -14.1054 -14.2536 -14.3713 -14.3321
  1.9956 -14.1293 -14.2745 -14.3904 -14.3505
  2.0046 -14.1531 -14.2954 -14.4095 -14.3689
  2.0137 -14.1766 -14.3154 -14.4283 -14.3863
  2.0228 -14.2000 -14.3354 -14.4471 -14.4037
  2.0320 -14.2237 -14.3563 -14.4662 -14.4220
  2.0412 -14.2473 -14.3772 -14.4853 -14.4403
  2.0504 -14.2709 -14.3981 -14.5043 -14.4586
  2.0597 -14.2945 -14.4190 -14.5232 -14.4769
  2.0690 -14.3181 -14.4400 -14.5422 -14.4951
  2.0784 -14.3418 -14.4609 -14.5611 -14.5133
  2.0878 -14.3654 -14.4818 -14.5800 -14.5314
  2.0972 -14.3880 -14.5015 -14.5984 -14.5481
  2.1067 -14.4109 -14.5218 -14.6170 -14.5654
  2.1162 -14.4343 -14.5427 -14.6359 -14.5835
  2.1258 -14.4576 -14.5636 -14.6547 -14.6015
  2.1354 -14.4810 -14.5845 -14.6734 -14.6195
  2.1451 -14.5043 -14.6053 -14.6922 -14.6375
  2.1548 -14.5276 -14.6262 -14.7109 -14.6555
  2.1645 -14.5508 -14.6471 -14.7296 -14.6734
  2.1743 -14.5736 -14.6676 -14.7481 -14.6909
  2.1842 -14.5950 -14.6869 -14.7661 -14.7068
  2.1941 -14.6181 -14.7077 -14.7847 -14.7246
  2.2040 -14.6411 -14.7286 -14.8033 -14.7425
  2.2140 -14.6640 -14.7494 -14.8219 -14.7603
  2.2240 -14.6870 -14.7703 -14.8404 -14.7782
  2.2340 -14.7099 -14.7911 -14.8589 -14.7960
  2.2442 -14.7319 -14.8113 -14.8771 -14.8129
  2.2543 -14.7536 -14.8314 -14.8952 -14.8296
  2.2645 -14.7758 -14.8519 -14.9135 -14.8469
  2.2748 -14.7983 -14.8727 -14.9320 -14.8645
  2.2850 -14.8210 -14.8934 -14.9504 -14.8822
  2.2954 -14.8436 -14.9141 -14.9687 -14.8998
  2.3058 -14.8663 -14.9347 -14.9870 -14.9174
  2.3162 -14.8874 -14.9543 -15.0047 -14.9336
  2.3267 -14.9098 -14.9751 -15.0232 -14.9513
  2.3372 -14.9313 -14.9954 -15.0414 -14.9685
  2.3478 -14.9535 -15.0162 -15.0597 -14.9862
  2.3584 -14.9758 -15.0368 -15.0780 -15.0038
  2.3691 -14.9981 -15.0575 -15.0963 -15.0214
  2.3798 -15.0191 -15.0774 -15.1141 -15.0380
  2.3906 -15.0406 -15.0978 -15.1322 -15.0551
  2.4014 -15.0623 -15.1184 -15.1505 -15.0726
  2.4122 -15.0839 -15.1390 -15.1687 -15.0900
  2.4232 -15.1041 -15.1588 -15.1863 -15.1065
  2.4341 -15.1255 -15.1793 -15.2045 -15.1239
  2.4451 -15.1467 -15.1996 -15.2226 -15.1412
  2.4562 -15.1678 -15.2199 -15.2407 -15.1584
  2.4673 -15.1887 -15.2400 -15.2587 -15.1754
  2.4785 -15.2095 -15.2600 -15.2765 -15.1923
  2.4897 -15.2303 -15.2799 -15.2943 -15.2092
  2.5010 -15.2493 -15.2989 -15.3112 -15.2248
  2.5123 -15.2689 -15.3182 -15.3283 -15.2408
  2.5236 -15.2894 -15.3380 -15.3461 -15.2575
  2.5351 -15.3099 -15.3577 -15.3638 -15.2743
  2.5465 -15.3303 -15.3773 -15.3814 -15.2909
  2.5580 -15.3506 -15.3968 -15.3990 -15.3074
  2.5696 -15.3708 -15.4162 -15.4165 -15.3239
  2.5812 -15.3909 -15.4355 -15.4339 -15.3402
  2.5929 -15.4110 -15.4547 -15.4513 -15.3564
  2.6047 -15.4280 -15.4724 -15.4669 -15.3708
  2.6164 -15.4477 -15.4915 -15.4841 -15.3868
  2.6283 -15.4674 -15.5104 -15.5014 -15.4028
  2.6402 -15.4871 -15.5294 -15.5186 -15.4188
  2.6521 -15.5068 -15.5482 -15.5357 -15.4347
  2.6641 -15.5264 -15.5670 -15.5529 -15.4506
  2.6762 -15.5460 -15.5857 -15.5699 -15.4665
  2.6883 -15.5645 -15.6039 -15.5863 -15.4817
  2.7004 -15.5825 -15.6218 -15.6024 -15.4966
  2.7127 -15.6017 -15.6403 -15.6193 -15.5122
  2.7249 -15.6209 -15.6588 -15.6362 -15.5278
  2.7373 -15.6400 -15.6772 -15.6531 -15.5434
  2.7497 -15.6591 -15.6955 -15.6699 -15.5589
  2.7621 -15.6781 -15.7137 -15.6866 -15.5743
  2.7746 -15.6963 -15.7316 -15.7028 -15.5893
  2.7871 -15.7135 -15.7488 -15.7184 -15.6037
  2.7998 -15.7320 -15.7667 -15.7349 -15.6188
  2.8124 -15.7506 -15.7846 -15.7513 -15.6339
  2.8251 -15.7691 -15.8024 -15.7677 -15.6490
  2.8379 -15.7876 -15.8202 -15.7841 -15.6641
  2.8508 -15.8051 -15.8375 -15.7998 -15.6787
  2.8637 -15.8227 -15.8547 -15.8156 -15.6932
  2.8766 -15.8408 -15.8723 -15.8318 -15.7080
  2.8896 -15.8590 -15.8898 -15.8479 -15.7228
  2.9027 -15.8771 -15.9072 -15.8640 -15.7376
  2.9158 -15.8942 -15.9241 -15.8793 -15.7519
  2.9290 -15.9122 -15.9414 -15.8954 -15.7666
  2.9423 -15.9302 -15.9588 -15.9114 -15.7813
  2.9556 -15.9472 -15.9755 -15.9267 -15.7955
  2.9690 -15.9648 -15.9925 -15.9425 -15.8100
  2.9824 -15.9825 -16.0096 -15.9583 -15.8245
  2.9959 -16.0003 -16.0267 -15.9741 -15.8390
  3.0095 -16.0169 -16.0430 -15.9891 -15.8529
  3.0231 -16.0341 -16.0598 -16.0046 -15.8670
  3.0368 -16.0514 -16.0765 -16.0202 -15.8812
  3.0505 -16.0680 -16.0927 -16.0350 -15.8950
  3.0643 -16.0850 -16.1093 -16.0504 -15.9090
  3.0782 -16.1021 -16.1258 -16.0657 -15.9230
  3.0921 -16.1192 -16.1423 -16.0810 -15.9370
  3.1061 -16.1355 -16.1582 -16.0956 -15.9506
  3.1201 -16.1521 -16.1743 -16.1106 -15.9643
  3.1343 -16.1686 -16.1904 -16.1255 -15.9779
  3.1484 -16.1852 -16.2065 -16.1404 -15.9915
  3.1627 -16.2010 -16.2220 -16.1547 -16.0046
  3.1770 -16.2173 -16.2378 -16.1694 -16.0180
  3.1914 -16.2336 -16.2536 -16.1840 -16.0314
  3.2058 -16.2499 -16.2694 -16.1986 -16.0448
  3.2203 -16.2657 -16.2847 -16.2127 -16.0578
  3.2349 -16.2815 -16.3001 -16.2269 -16.0709
  3.2495 -16.2976 -16.3156 -16.2412 -16.0840
  3.2642 -16.3138 -16.3312 -16.2556 -16.0972
  3.2790 -16.3300 -16.3468 -16.2700 -16.1105
  3.2938 -16.3453 -16.3617 -16.2837 -16.1233
  3.3087 -16.3611 -16.3770 -16.2979 -16.1362
  3.3237 -16.3769 -16.3923 -16.3120 -16.1492
  3.3387 -16.3927 -16.4074 -16.3260 -16.1620
  3.3538 -16.4085 -16.4225 -16.3399 -16.1749
  3.3690 -16.4234 -16.4371 -16.3531 -16.1873
  3.3843 -16.4402 -16.4528 -16.3675 -16.2010
  3.3996 -16.4582 -16.4693 -16.3826 -16.2157
  3.4150 -16.4738 -16.4843 -16.3963 -16.2285
  3.4304 -16.4894 -16.4994 -16.4102 -16.2413
  3.4459 -16.5050 -16.5145 -16.4241 -16.2541
  3.4615 -16.5206 -16.5297 -16.4382 -16.2670
  3.4772 -16.5358 -16.5445 -16.4520 -16.2796
  3.4929 -16.5508 -16.5591 -16.4658 -16.2920
  3.5087 -16.5647 -16.5728 -16.4786 -16.3035
  3.5246 -16.5779 -16.5857 -16.4904 -16.3141
  3.5405 -16.5916 -16.5989 -16.5023 -16.3250
  3.5566 -16.6062 -16.6126 -16.5149 -16.3368
  3.5727 -16.6210 -16.6266 -16.5276 -16.3489
  3.5888 -16.6358 -16.6406 -16.5405 -16.3610
  3.6051 -16.6505 -16.6547 -16.5534 -16.3731
  3.6214 -16.6653 -16.6687 -16.5663 -16.3851
  3.6377 -16.6797 -16.6824 -16.5787 -16.3969
  3.6542 -16.6943 -16.6962 -16.5915 -16.4088
  3.6707 -16.7088 -16.7100 -16.6042 -16.4207
  3.6874 -16.7233 -16.7238 -16.6169 -16.4325
  3.7040 -16.7379 -16.7376 -16.6295 -16.4444
  3.7208 -16.7523 -16.7513 -16.6420 -16.4561
  3.7376 -16.7663 -16.7646 -16.6541 -16.4677
  3.7545 -16.7807 -16.7782 -16.6666 -16.4794
  3.7715 -16.7951 -16.7919 -16.6791 -16.4912
  3.7886 -16.8095 -16.8054 -16.6915 -16.5029
  3.8057 -16.8237 -16.8188 -16.7036 -16.5144
  3.8230 -16.8378 -16.8322 -16.7159 -16.5260
  3.8403 -16.8520 -16.8455 -16.7282 -16.5375
  3.8576 -16.8661 -16.8589 -16.7404 -16.5491
  3.8751 -16.8802 -16.8721 -16.7526 -16.5606
  3.8926 -16.8943 -16.8854 -16.7647 -16.5721
  3.9102 -16.9081 -16.8983 -16.7762 -16.5832
  3.9279 -16.9259 -16.9140 -16.7905 -16.5976
  3.9457 -16.9402 -16.9274 -16.8026 -16.6094
  3.9635 -16.9540 -16.9404 -16.8144 -16.6206
  3.9815 -16.9677 -16.9534 -16.8262 -16.6319
  3.9995 -16.9815 -16.9665 -16.8382 -16.6431
  4.0176 -16.9952 -16.9796 -16.8502 -16.6543
  4.0358 -17.0088 -16.9926 -16.8622 -16.6655
  4.0540 -17.0217 -17.0048 -16.8734 -16.6759
  4.0724 -17.0333 -17.0160 -16.8837 -16.6853
  4.0908 -17.0448 -17.0267 -16.8934 -16.6943
  4.1093 -17.0571 -17.0379 -16.9034 -16.7040
  4.1279 -17.0702 -17.0499 -16.9142 -16.7145
  4.1466 -17.0836 -17.0623 -16.9254 -16.7254
  4.1653 -17.0969 -17.0746 -16.9366 -16.7363
  4.1842 -17.1103 -17.0868 -16.9476 -16.7471
  4.2031 -17.1233 -17.0989 -16.9585 -16.7577
  4.2221 -17.1362 -17.1109 -16.9695 -16.7683
  4.2412 -17.1491 -17.1229 -16.9804 -16.7788
  4.2604 -17.1621 -17.1348 -16.9911 -16.7893
  4.2797 -17.1748 -17.1467 -17.0018 -16.7997
  4.2991 -17.1875 -17.1585 -17.0126 -16.8101
  4.3185 -17.2003 -17.1703 -17.0234 -16.8205
  4.3381 -17.2130 -17.1822 -17.0341 -16.8309
  4.3577 -17.2258 -17.1940 -17.0449 -16.8413
  4.3774 -17.2388 -17.2058 -17.0554 -16.8517
  4.3972 -17.2513 -17.2175 -17.0660 -16.8620
  4.4171 -17.2686 -17.2326 -17.0794 -16.8760
  4.4371 -17.2809 -17.2441 -17.0899 -16.8862
  4.4572 -17.2931 -17.2555 -17.1002 -16.8962
  4.4773 -17.3053 -17.2670 -17.1105 -16.9062
  4.4976 -17.3173 -17.2784 -17.1209 -16.9161
  4.5179 -17.3296 -17.2901 -17.1314 -16.9261
  4.5384 -17.3415 -17.3014 -17.1418 -16.9358
  4.5589 -17.3528 -17.3121 -17.1516 -16.9450
  4.5795 -17.3631 -17.3217 -17.1603 -16.9532
  4.6003 -17.3735 -17.3312 -17.1689 -16.9614
  4.6211 -17.3852 -17.3417 -17.1784 -16.9707
  4.6420 -17.3976 -17.3530 -17.1885 -16.9807
  4.6630 -17.4097 -17.3641 -17.1986 -16.9906
  4.6841 -17.4216 -17.3752 -17.2087 -17.0005
  4.7053 -17.4338 -17.3863 -17.2187 -17.0103
  4.7266 -17.4455 -17.3971 -17.2285 -17.0199
  4.7480 -17.4571 -17.4079 -17.2383 -17.0295
  4.7694 -17.4687 -17.4186 -17.2481 -17.0390
  4.7910 -17.4803 -17.4293 -17.2578 -17.0485
  4.8127 -17.4918 -17.4400 -17.2676 -17.0579
  4.8345 -17.5038 -17.4510 -17.2772 -17.0676
  4.8563 -17.5151 -17.4615 -17.2868 -17.0768
  4.8783 -17.5265 -17.4720 -17.2964 -17.0862
  4.9004 -17.5380 -17.4827 -17.3061 -17.0957
  4.9226 -17.5498 -17.4935 -17.3158 -17.1052
  4.9448 -17.5609 -17.5039 -17.3252 -17.1144
  4.9672 -17.5721 -17.5143 -17.3347 -17.1236
  4.9897 -17.5837 -17.5249 -17.3442 -17.1330
  5.0123 -17.5948 -17.5352 -17.3536 -17.1421
  5.0349 -17.6125 -17.5504 -17.3669 -17.1563
  5.0577 -17.6229 -17.5603 -17.3759 -17.1650
  5.0806 -17.6331 -17.5701 -17.3848 -17.1736
  5.1036 -17.6435 -17.5800 -17.3937 -17.1822
  5.1267 -17.6539 -17.5899 -17.4028 -17.1908
  5.1499 -17.6644 -17.6000 -17.4120 -17.1995
  5.1732 -17.6765 -17.6113 -17.4222 -17.2093
  5.1966 -17.6851 -17.6198 -17.4300 -17.2164
  5.2201 -17.6932 -17.6271 -17.4368 -17.2227
  5.2437 -17.7025 -17.6353 -17.4443 -17.2300
  5.2674 -17.7133 -17.6451 -17.4531 -17.2386
  5.2913 -17.7240 -17.6550 -17.4622 -17.2474
  5.3152 -17.7346 -17.6649 -17.4711 -17.2562
  5.3393 -17.7448 -17.6744 -17.4798 -17.2645
  5.3634 -17.7548 -17.6837 -17.4883 -17.2727
  5.3877 -17.7655 -17.6933 -17.4969 -17.2813
  5.4121 -17.7760 -17.7029 -17.5056 -17.2898
  5.4365 -17.7866 -17.7126 -17.5144 -17.2985
  5.4611 -17.7969 -17.7223 -17.5232 -17.3070
  5.4859 -17.8073 -17.7319 -17.5320 -17.3156
  5.5107 -17.8180 -17.7418 -17.5409 -17.3243
  5.5356 -17.8286 -17.7516 -17.5497 -17.3329
  5.5607 -17.8386 -17.7610 -17.5582 -17.3412
  5.5858 -17.8490 -17.7705 -17.5669 -17.3496
  5.6111 -17.8599 -17.7806 -17.5759 -17.3585
  5.6365 -17.8722 -17.7918 -17.5858 -17.3685
  5.6620 -17.8829 -17.8018 -17.5948 -17.3773
  5.6876 -17.8929 -17.8112 -17.6033 -17.3855
  5.7133 -17.9021 -17.8200 -17.6113 -17.3931
  5.7392 -17.9116 -17.8290 -17.6195 -17.4009
  5.7652 -17.9211 -17.8380 -17.6278 -17.4087
  5.7912 -17.9303 -17.8468 -17.6359 -17.4163
  5.8174 -17.9395 -17.8555 -17.6438 -17.4237
  5.8438 -17.9483 -17.8636 -17.6513 -17.4308
  5.8702 -17.9576 -17.8720 -17.6590 -17.4381
  5.8968 -17.9674 -17.8809 -17.6670 -17.4459
  5.9234 -17.9769 -17.8897 -17.6751 -17.4537
  5.9502 -17.9866 -17.8989 -17.6835 -17.4616
  5.9772 -17.9961 -17.9078 -17.6916 -17.4693
  6.0042 -18.0052 -17.9163 -17.6993 -17.4766
  6.0314 -18.0147 -17.9252 -17.7074 -17.4842
  6.0587 -18.0238 -17.9335 -17.7151 -17.4915
  6.0861 -18.0333 -17.9423 -17.7231 -17.4991
  6.1136 -18.0424 -17.9507 -17.7308 -17.5065
  6.1413 -18.0520 -17.9597 -17.7390 -17.5142
  6.1691 -18.0610 -17.9681 -17.7467 -17.5215
  6.1970 -18.0706 -17.9772 -17.7550 -17.5293
  6.2250 -18.0795 -17.9855 -17.7627 -17.5366
  6.2532 -18.0890 -17.9945 -17.7710 -17.5442
  6.2815 -18.0978 -18.0027 -17.7785 -17.5514
  6.3099 -18.1072 -18.0117 -17.7869 -17.5590
  6.3384 -18.1161 -18.0199 -17.7944 -17.5662
  6.3671 -18.1254 -18.0287 -17.8027 -17.5738
  6.3959 -18.1345 -18.0372 -17.8106 -17.5811
  6.4249 -18.1449 -18.0471 -17.8199 -17.5896
  6.4539 -18.1550 -18.0568 -17.8290 -17.5979
  6.4831 -18.1646 -18.0660 -17.8376 -17.6058
  6.5125 -18.1737 -18.0747 -17.8457 -17.6132
  6.5419 -18.1822 -18.0828 -17.8532 -17.6200
  6.5715 -18.1904 -18.0907 -17.8603 -17.6266
  6.6013 -18.1987 -18.0985 -17.8674 -17.6332
  6.6311 -18.2065 -18.1058 -17.8740 -17.6394
  6.6611 -18.2143 -18.1128 -17.8801 -17.6453
  6.6913 -18.2224 -18.1201 -17.8866 -17.6515
  6.7216 -18.2305 -18.1271 -17.8927 -17.6576
  6.7520 -18.2392 -18.1348 -17.8997 -17.6644
  6.7825 -18.2481 -18.1432 -17.9074 -17.6715
  6.8132 -18.2571 -18.1516 -17.9153 -17.6787
  6.8440 -18.2659 -18.1600 -17.9232 -17.6858
  6.8750 -18.2746 -18.1683 -17.9309 -17.6928
  6.9061 -18.2831 -18.1763 -17.9385 -17.6995
  6.9374 -18.2915 -18.1842 -17.9458 -17.7062
  6.9687 -18.2998 -18.1920 -17.9530 -17.7128
  7.0003 -18.3081 -18.1999 -17.9603 -17.7195
  7.0319 -18.3167 -18.2080 -17.9680 -17.7264
  7.0638 -18.3250 -18.2157 -17.9752 -17.7330
  7.0957 -18.3336 -18.2236 -17.9826 -17.7398
  7.1278 -18.3419 -18.2314 -17.9898 -17.7464
  7.1601 -18.3502 -18.2392 -17.9971 -17.7530
  7.1925 -18.3582 -18.2467 -18.0040 -17.7594
  7.2250 -18.3664 -18.2546 -18.0114 -17.7659
  7.2577 -18.3747 -18.2624 -18.0188 -17.7725
  7.2905 -18.3828 -18.2699 -18.0257 -17.7788
  7.3235 -18.3912 -18.2777 -18.0330 -17.7853
  7.3567 -18.3996 -18.2855 -18.0404 -17.7920
  7.3900 -18.4077 -18.2931 -18.0474 -17.7983
  7.4234 -18.4168 -18.3019 -18.0559 -17.8057
  7.4570 -18.4243 -18.3090 -18.0624 -17.8115
  7.4907 -18.4322 -18.3163 -18.0692 -17.8176
  7.5246 -18.4403 -18.3239 -18.0762 -17.8240
  7.5587 -18.4478 -18.3308 -18.0823 -17.8297
  7.5929 -18.4552 -18.3376 -18.0883 -17.8354
  7.6272 -18.4630 -18.3446 -18.0947 -17.8413
  7.6617 -18.4722 -18.3533 -18.1032 -17.8486
  7.6964 -18.4798 -18.3603 -18.1095 -17.8544
  7.7312 -18.4875 -18.3674 -18.1159 -17.8602
  7.7662 -18.4950 -18.3745 -18.1225 -17.8661
  7.8013 -18.5027 -18.3818 -18.1293 -17.8721
  7.8366 -18.5107 -18.3895 -18.1367 -17.8784
  7.8721 -18.5187 -18.3972 -18.1441 -17.8847
  7.9077 -18.5263 -18.4044 -18.1510 -17.8907
  7.9435 -18.5343 -18.4119 -18.1581 -17.8968
  7.9794 -18.5421 -18.4192 -18.1649 -17.9029
  8.0155 -18.5501 -18.4268 -18.1722 -17.9091
  8.0518 -18.5577 -18.4342 -18.1791 -17.9151
  8.0882 -18.5651 -18.4413 -18.1858 -17.9209
  8.1248 -18.5725 -18.4483 -18.1923 -17.9266
  8.1616 -18.5799 -18.4552 -18.1987 -17.9323
  8.1985 -18.5875 -18.4622 -18.2051 -17.9380
  8.2356 -18.5950 -18.4693 -18.2116 -17.9437
  8.2729 -18.6025 -18.4763 -18.2181 -17.9494
  8.3103 -18.6099 -18.4833 -18.2245 -17.9550
  8.3479 -18.6173 -18.4903 -18.2310 -17.9606
  8.3857 -18.6246 -18.4972 -18.2374 -17.9661
  8.4236 -18.6319 -18.5042 -18.2439 -17.9717
  8.4617 -18.6392 -18.5111 -18.2503 -17.9772
  8.5000 -18.6463 -18.5179 -18.2567 -17.9826
  8.5385 -18.6536 -18.5249 -18.2632 -17.9881
  8.5771 -18.6606 -18.5317 -18.2694 -17.9933
  8.6159 -18.6679 -18.5387 -18.2760 -17.9987
  8.6549 -18.6751 -18.5457 -18.2825 -18.0041
  8.6941 -18.6821 -18.5524 -18.2887 -18.0092
  8.7334 -18.6892 -18.5594 -18.2953 -18.0145
  8.7729 -18.6969 -18.5670 -18.3027 -18.0203
  8.8126 -18.7037 -18.5737 -18.3088 -18.0252
  8.8525 -18.7104 -18.5802 -18.3146 -18.0300
  8.8925 -18.7170 -18.5866 -18.3203 -18.0348
  8.9328 -18.7237 -18.5933 -18.3266 -18.0397
  8.9732 -18.7304 -18.5998 -18.3323 -18.0445
  9.0138 -18.7382 -18.6076 -18.3402 -18.0503
  9.0546 -18.7452 -18.6145 -18.3466 -18.0553
  9.0955 -18.7517 -18.6210 -18.3524 -18.0600
  9.1367 -18.7582 -18.6274 -18.3582 -18.0647
  9.1780 -18.7648 -18.6343 -18.3646 -18.0696
  9.2196 -18.7714 -18.6410 -18.3711 -18.0745
  9.2613 -18.7787 -18.6485 -18.3786 -18.0799
  9.3032 -18.7847 -18.6545 -18.3838 -18.0841
  9.3453 -18.7908 -18.6606 -18.3891 -18.0884
  9.3875 -18.7972 -18.6670 -18.3949 -18.0930
  9.4300 -18.8036 -18.6737 -18.4013 -18.0978
  9.4727 -18.8098 -18.6801 -18.4072 -18.1024
  9.5155 -18.8170 -18.6876 -18.4148 -18.1077
  9.5586 -18.8229 -18.6936 -18.4203 -18.1119
  9.6018 -18.8288 -18.6997 -18.4258 -18.1162
  9.6453 -18.8349 -18.7061 -18.4318 -18.1207
  9.6889 -18.8406 -18.7124 -18.4378 -18.1252
  9.7328 -18.8464 -18.7186 -18.4438 -18.1295
  9.7768 -18.8521 -18.7247 -18.4495 -18.1338
  9.8210 -18.8591 -18.7321 -18.4572 -18.1390
  9.8655 -18.8649 -18.7382 -18.4630 -18.1433
  9.9101 -18.8706 -18.7443 -18.4686 -18.1476
  9.9550 -18.8761 -18.7506 -18.4747 -18.1520
 10.0000 -18.8814 -18.7564 -18.4800 -18.1560
