id ra dec ra1 dec1 ra2 dec2 ra3 dec3 ra4 dec4 l b n_hostgalaxy prob_vol_x_stmass rank confidence obj note weight
2495 240.882 -12.857 242.252 -11.511 242.267 -14.196 239.498 -14.196 239.513 -11.511 358.5798787575999 28.61123061702905 1887 22.776608772441207 0 0.5 S240910ci 2495 22.776608772441207
2360 241.791 -15.429 243.175 -14.082 243.193 -16.767 240.389 -16.767 240.407 -14.082 357.0601996701544 26.251208800478842 1418 17.465538734601697 1 0.5 S240910ci 2360 17.465538734601697
2494 238.235 -12.857 239.605 -11.511 239.62 -14.196 236.851 -14.196 236.866 -11.511 356.59930975468194 30.53302148656091 2499 12.982611579793126 6 0.5 S240910ci 2494 12.982611579793126
2768 237.391 -7.714 238.742 -6.37 238.75 -9.055 236.032 -9.055 236.041 -6.37 0.5000055907678862 34.57522582482211 1918 12.600695708488454 7 0.5 S240910ci 2768 12.600695708488454
2767 234.783 -7.714 236.133 -6.37 236.142 -9.055 233.424 -9.055 233.432 -6.37 358.3950706472326 36.51172194521941 2305 12.114875377768088 8 0.5 S240910ci 2767 12.114875377768088
2630 236.496 -10.286 237.855 -8.94 237.867 -11.625 235.126 -11.625 235.138 -8.94 357.47134124605765 33.5276300591385 2086 11.050832094896716 10 0.9 S240910ci 2630 11.050832094896716
2631 239.124 -10.286 240.483 -8.94 240.494 -11.625 237.754 -11.625 237.765 -8.94 359.5144496843374 31.598772038782748 1047 9.276862439706404 15 0.9 S240910ci 2631 9.276862439706404
2227 243.609 -18.0 245.01 -16.652 245.031 -19.337 242.187 -19.337 242.208 -16.652 356.2095719800328 23.243434477553123 708 7.4222976343783005 16 0.9 S240910ci 2227 7.4222976343783005
2359 239.104 -15.429 240.488 -14.082 240.506 -16.767 237.703 -16.767 237.721 -14.082 355.0976451652543 28.164544942253585 1154 4.036020205616041 21 0.9 S240910ci 2359 4.036020205616041
2361 244.478 -15.429 245.861 -14.082 245.879 -16.767 243.076 -16.767 243.094 -14.082 358.9318835667188 24.290985256810103 758 3.569083870494482 23 0.9 S240910ci 2361 3.569083870494482
1967 251.163 -23.143 252.608 -21.794 252.637 -24.479 249.688 -24.479 249.717 -21.794 356.8521971138712 14.523452254598503 45 1.7069110885499155 33 0.95 S240910ci 1967 1.7069110885499155
1840 254.286 -25.714 255.759 -24.364 255.793 -27.049 252.779 -27.049 252.812 -24.364 356.564838314795 10.700397192543644 41 1.6177423725163689 34 0.95 S240910ci 1840 1.6177423725163689
2096 247.328 -20.571 248.75 -19.223 248.775 -21.908 245.882 -21.908 245.907 -19.223 356.5763162386717 18.90573870428708 67 1.5925527963815311 35 0.95 S240910ci 2096 1.5925527963815311
2228 246.316 -18.0 247.717 -16.652 247.738 -19.337 244.893 -19.337 244.915 -16.652 358.02128260268023 21.289909927571436 131 1.3637398934918847 37 0.95 S240910ci 2228 1.3637398934918847
1966 248.372 -23.143 249.818 -21.794 249.847 -24.479 246.897 -24.479 246.927 -21.794 355.16518582456376 16.509098636587105 51 1.0384717302686592 41 0.99 S240910ci 1966 1.0384717302686592
1366 287.368 -36.0 289.0 -34.646 289.056 -37.331 285.68 -37.331 285.737 -34.646 1.437652643304675 -18.942818641698132 1184 0.9929085337748904 42 0.99 S240910ci 1366 0.9929085337748904
1839 251.429 -25.714 252.902 -24.364 252.936 -27.049 249.922 -27.049 249.955 -24.364 354.943175207972 12.726509786085922 29 0.8037772715059271 47 0.99 S240910ci 1839 0.8037772715059271
1365 284.211 -36.0 285.842 -34.646 285.899 -37.331 282.523 -37.331 282.579 -34.646 0.47394180407446923 -16.55867689168087 296 0.5047920079294685 52 0.99 S240910ci 1365 0.5047920079294685
2097 250.076 -20.571 251.498 -19.223 251.523 -21.908 248.63 -21.908 248.655 -19.223 358.2886575898844 16.914508265543933 28 0.4551276590619161 54 1.0 S240910ci 2097 0.4551276590619161
1364 281.053 -36.0 282.684 -34.646 282.741 -37.331 279.365 -37.331 279.421 -34.646 359.45445412585127 -14.200647162983412 65 0.3913126026120254 55 1.0 S240910ci 1364 0.3913126026120254
1482 286.154 -33.429 287.738 -32.076 287.788 -34.761 284.52 -34.761 284.57 -32.076 3.587164694394871 -17.090598627049157 348 0.37330449005712296 56 1.0 S240910ci 1482 0.37330449005712296
2496 243.529 -12.857 244.899 -11.511 244.914 -14.196 242.145 -14.196 242.16 -11.511 0.4660938931059052 26.64457384375191 75 0.33237752305447077 57 1.0 S240910ci 2496 0.33237752305447077
1480 280.0 -33.429 281.584 -32.076 281.634 -34.761 278.366 -34.761 278.416 -32.076 1.5076542004090137 -12.365449296940806 27 0.29309513415901634 58 1.0 S240910ci 1480 0.29309513415901634
1968 253.953 -23.143 255.399 -21.794 255.428 -24.479 252.479 -24.479 252.508 -21.794 358.46952878390795 12.49562344995387 8 0.1795982097579106 60 1.0 S240910ci 1968 0.1795982097579106
1363 277.895 -36.0 279.526 -34.646 279.583 -37.331 276.207 -37.331 276.263 -34.646 358.37829537283767 -11.870976517099301 25 0.15343145366939062 61 1.0 S240910ci 1363 0.15343145366939062
1479 276.923 -33.429 278.507 -32.076 278.557 -34.761 275.289 -34.761 275.339 -32.076 0.3917055433194584 -10.042610488538182 15 0.1287984885070641 62 1.0 S240910ci 1479 0.1287984885070641
1481 283.077 -33.429 284.661 -32.076 284.711 -34.761 281.443 -34.761 281.493 -32.076 2.572299756826955 -14.715462578090706 18 0.09411796029554992 65 1.0 S240910ci 1481 0.09411796029554992
