1,0.01421,8960200000
2,0.05064,44030000000
3,0.07979,2119600000
4,0.04073,2408700000
5,0.04436,6262500000
6,0.02746,4624600000
7,0.07913,118120000000
8,0.04465,2119600000
9,0.04732,271120000000
10,0.03689,36419000000
11,0.05484,1156200000
12,0.03909,4142900000
13,0.03051,32661000000
14,0.01809,4142900000
15,0.0464,4528300000
16,0.02417,3853800000
17,0.0518,3468500000
18,0.02131,7033300000
19,0.06138,4913700000
20,0.02512,5010000000
21,0.05232,6936900000
22,0.05869,2697700000
23,0.06775,1926900000
24,0.03445,770770000
25,0.02449,6551500000
26,0.03225,3950200000
27,0.07329,2408700000
28,0.02918,6647900000
29,0.0324,3661200000
30,0.04109,91625000000
31,0.0124,112440000000
32,0.03917,2601300000
33,0.02055,17150000000
34,0.18206,1445200000
35,0.03085,11562000000
36,0.03618,14163000000
37,0.03488,11369000000
38,0.08845,1926900000
39,0.06085,2408700000
40,0.02308,43452000000
41,0.02575,1734200000
42,0.06585,3179400000
43,0.02563,2601300000
44,0.01888,2023300000
45,0.03539,5780800000
46,0.03217,2216000000
47,0.06132,1830600000
48,0.03677,1926900000
49,0.04009,1445200000
50,0.02721,3564800000
51,0.04326,2601300000
52,0.07971,3564800000
53,0.02074,5588100000
54,0.01763,44608000000
55,0.06557,6358900000
56,0.08745,5491700000
57,0.05241,1637900000
58,0.014,867120000
59,0.08309,5491700000
60,0.02936,937350000000
61,0.07559,1348800000
62,0.02135,5299000000
63,0.03863,13681000000
64,0.02095,1156200000
65,0.00723,2312300000
66,0.06024,2216000000
67,0.04805,36419000000
68,0.01599,2408700000
69,0.02585,2890400000
70,0.09721,3275800000
71,0.02784,2023300000
72,0.05134,4239200000
73,0.05567,2794000000
74,0.04324,1637900000
75,0.03054,4142900000
76,0.05012,2216000000
77,0.02589,5395400000
78,0.06226,1926900000
79,0.07049,1926900000
80,0.07461,1830600000
81,0.03047,1541500000
82,0.06026,1348800000
83,0.0843,1156200000
84,0.03153,3661200000
85,0.03385,2216000000
86,0.05204,3661200000
87,0.02829,16957000000
88,0.04674,4624600000
89,0.04463,1734200000
90,0.04223,2505000000
91,0.0656,2216000000
92,0.09129,5780800000
93,0.01963,23701000000
94,0.03218,5202700000
95,0.06212,9345600000
96,0.03412,5395400000
97,0.0183,3950200000
98,0.02581,3468500000
99,0.01449,49137000000
100,0.25334,481730000
101,0.03393,2697700000
102,0.02664,16861000000
103,0.05301,8671200000
104,0.02635,10405000000
105,0.04184,1926900000
106,0.05442,1059800000
107,0.06687,1637900000
108,0.03887,6262500000
109,0.06097,4624600000
110,0.17627,963460000
111,0.04176,1734200000
112,0.02527,6606400000000
113,0.30848,1156200000
114,0.03637,38442000000
115,0.09102,1830600000
116,0.07776,5395400000
117,0.06641,1059800000
118,0.05365,1926900000
119,0.04298,5780800000
120,0.05615,1734200000
121,0.03494,867120000
122,0.0551,14163000000
123,0.03004,4528300000
124,0.0568,6840600000
125,0.03427,8093100000
126,0.02741,1156200000
127,0.01618,2890400000
128,0.03068,3757500000
129,0.0287,6840600000
130,0.10169,2986700000
131,0.04404,8285800000
132,0.0405,6262500000
133,0.03478,5299000000
134,0.03718,35359000000
135,0.05712,1059800000
136,0.06322,1830600000
137,0.03647,33143000000
138,0.02341,3564800000
139,0.03889,1926900000
140,0.01631,5106400000
141,0.01432,3275800000
142,0.0687,12043000000
143,0.05543,4817300000
144,0.04105,3661200000
145,0.10588,6358900000
146,0.04006,2505000000
147,0.04543,1348800000
148,0.04922,8093100000
149,0.03805,5010000000
150,0.03784,2505000000
151,0.04739,1541500000
152,0.05533,23412000000
153,0.05638,5780800000
154,0.05482,1830600000
155,0.09693,19366000000
156,0.02578,1637900000
157,0.04329,2312300000
158,0.01107,20040000000
159,0.05301,5106400000
160,0.03789,1445200000
161,0.02646,9249200000
162,0.05275,2697700000
163,0.08129,2408700000
164,0.04109,2986700000
165,0.07409,2023300000
166,0.06876,2794000000
167,0.0441,2408700000
168,0.06004,25339000000
169,0.02915,2505000000
170,0.03643,5877100000
171,0.0274,4142900000
172,0.05889,2505000000
173,0.03375,3661200000
174,0.09026,11562000000
175,0.0728,2986700000
176,0.07441,1830600000
177,0.07282,2986700000
178,0.05267,1156200000
179,0.019,481730000
180,0.03483,770770000
181,0.00857,1637900000
182,0.01384,1734200000
183,0.02116,20425000000
184,0.00902,1445200000
185,0.02308,1348800000
186,0.04754,9345600000
187,0.06262,1445200000
188,0.08178,2890400000
189,0.05167,3275800000
190,0.02405,2890400000
191,0.09445,17150000000
192,0.04215,32661000000
193,0.07939,2505000000
194,0.03899,12236000000
195,0.03818,3372100000
196,0.07715,2794000000
197,0.03714,4431900000
198,0.07179,4046500000
199,0.04091,12525000000
200,0.02786,2023300000
201,0.02825,14163000000
202,0.06825,2023300000
203,0.03297,4142900000
204,0.0394,11754000000
205,0.04211,2601300000
206,0.0478,4239200000
207,0.03653,3179400000
208,0.03399,1541500000
209,0.07235,2312300000
210,0.04323,3468500000
211,0.03788,5491700000
212,0.03447,4913700000
213,0.03701,6551500000
214,0.04275,867120000
215,0.05206,4142900000
216,0.0519,6551500000
217,0.05605,2505000000
218,0.04236,1445200000
219,0.03908,4431900000
220,0.05389,2408700000
221,0.05782,4335600000
222,0.03207,19944000000
223,0.03761,2408700000
224,0.05948,10116000000
225,0.02348,6840600000
226,0.09344,1445200000
227,0.01113,5780800000
228,0.05891,1156200000
229,0.02513,1830600000
230,0.0897,1926900000
231,0.02469,1348800000
232,0.04218,1252500000
233,0.04855,1830600000
234,0.03351,1445200000
235,0.05575,7707700000
236,0.04375,963460000
237,0.06783,1734200000
238,0.01029,3275800000
239,0.06637,16861000000
240,0.02875,2119600000
241,0.10884,1059800000
242,0.05471,2119600000
243,0.01588,48655000000
244,0.06105,7900400000
245,0.05223,21485000000
246,0.0401,1830600000
247,0.01195,963460000
248,0.06997,13007000000
249,0.0808,1348800000
250,0.06919,5684400000
251,0.05689,3179400000
252,0.02993,2794000000
253,0.02214,20907000000
254,0.10307,8382100000
255,0.07572,1059800000
256,0.06936,1252500000
257,0.03031,103190000000
258,0.02635,4335600000
259,0.02912,2601300000
260,0.02007,3853800000
261,0.05508,44030000000
262,0.03606,2408700000
263,0.08551,4721000000
264,0.03757,15030000000
265,0.01793,3757500000
266,0.04057,13007000000
267,0.06571,2601300000
268,0.03083,1637900000
269,0.07363,2312300000
270,0.01684,15993000000
271,0.02712,8093100000
272,0.11085,1734200000
273,0.05804,4335600000
274,0.08472,2216000000
275,0.07191,14452000000
276,0.0659,1830600000
277,0.01779,2312300000
278,0.03151,3757500000
279,0.06321,6455200000
280,0.02239,4528300000
281,0.0605,4239200000
282,0.05818,453120000000
283,0.03852,9923700000
284,0.04624,182000000000
285,0.02999,27555000000
286,0.00838,24665000000
287,0.05268,1445200000
288,0.04191,1637900000
289,0.07318,2505000000
290,0.04144,118220000000
291,0.02546,4335600000
292,0.01166,27170000000
293,0.06101,6262500000
294,0.04724,21678000000
295,0.01086,2312300000
296,0.02579,4528300000
297,0.0537,6551500000
298,0.05421,7804000000
299,0.02594,11851000000
300,0.02222,5973500000
301,0.0874,2505000000
302,0.01177,3179400000
303,0.03951,2890400000
304,0.03366,3468500000
305,0.03041,13681000000
306,0.0486,31023000000
307,0.05477,13392000000
308,0.03205,2794000000
309,0.00565,1734200000
310,0.04793,2601300000
311,0.03246,2986700000
312,0.04395,3564800000
313,0.08079,1830600000
314,0.05117,1348800000
315,0.04799,3275800000
316,0.04517,2216000000
317,0.01434,7129600000
318,0.09886,1830600000
319,0.07208,15704000000
320,0.04261,1059800000
321,0.05122,178050000000
322,0.00815,1455400000000
323,0.03729,1734200000
324,0.06122,3757500000
325,0.05836,2601300000
326,0.02417,8382100000
327,0.08675,271790000000
328,0.03798,4335600000
329,0.02515,17824000000
330,0.07169,1637900000
331,0.11429,5973500000
332,0.03858,8574800000
333,0.07228,3275800000
334,0.04404,1252500000
335,0.02755,17342000000
336,0.03051,5780800000
337,0.05529,4046500000
338,0.07088,1445200000
339,0.02156,1059800000
340,0.01523,3468500000
341,0.03073,1637900000
342,0.04288,4431900000
343,0.01927,3950200000
344,0.01617,1541500000
345,0.01682,2601300000
346,0.04137,21871000000
347,0.05635,1926900000
348,0.01878,2119600000
349,0.06113,2986700000
350,0.03252,13488000000
351,0.04813,7322300000
352,0.06435,2119600000
353,0.01775,2408700000
354,0.02179,7322300000
355,0.04126,2119600000
356,0.03692,8863900000
357,0.03532,2601300000
358,0.05708,2023300000
359,0.02592,1541500000
360,0.0531,4528300000
361,0.06539,5010000000
362,0.01999,353590000000
363,0.04666,2119600000
364,0.00726,7707700000
365,0.02315,27844000000
366,0.06638,25628000000
367,0.03651,2505000000
368,0.04204,1926900000
369,0.05407,4142900000
370,0.07172,2890400000
371,0.05094,14837000000
372,0.04031,3275800000
373,0.02318,35648000000
374,0.05644,1637900000
375,0.06511,8478500000
376,0.05343,2312300000
377,0.04326,9538300000
378,0.04822,2216000000
379,0.05679,2601300000
380,0.01972,2023300000
381,0.03411,4624600000
382,0.05654,2697700000
383,0.03092,3372100000
384,0.04544,2794000000
385,0.01966,8285800000
386,0.04516,5588100000
387,0.04101,1734200000
388,0.02782,3564800000
389,0.02473,6358900000
390,0.02494,7129600000
391,0.01104,1252500000
392,0.03229,2023300000
393,0.06435,1926900000
394,0.06085,8863900000
395,0.07824,9923700000
396,0.10691,2312300000
397,0.0467,1926900000
398,0.05176,2408700000
399,0.05294,10213000000
400,0.06658,4721000000
401,0.0714,2697700000
402,0.10806,3275800000
403,0.02872,5106400000
404,0.03653,7996700000
405,0.06912,5877100000
406,0.01886,2312300000
407,0.02045,6647900000
408,0.03893,3468500000
409,0.03957,2408700000
410,0.05216,1348800000
411,0.01876,4528300000
412,0.04646,2216000000
413,0.03343,10502000000
414,0.06412,8189400000
415,0.02134,1059800000
416,0.05764,2986700000
417,0.01528,16572000000
418,0.02207,1734200000
419,0.06201,2505000000
420,0.01223,27940000000
421,0.07095,3083100000
422,0.0089,12718000000
423,0.06025,2119600000
424,0.0782,1734200000
425,0.01931,20811000000
426,0.03253,3468500000
427,0.04184,6166200000
428,0.02231,14837000000
429,0.07639,2601300000
430,0.14988,410430000000
431,0.06882,3179400000
432,0.0969,1734200000
433,0.03262,3468500000
434,0.02078,2601300000
435,0.07936,2119600000
436,0.03651,1830600000
437,0.03423,1348800000
438,0.06957,2023300000
439,0.03675,12043000000
440,0.0189,27459000000
441,0.04192,1637900000
442,0.04301,2119600000
443,0.0867,1637900000
444,0.04546,1541500000
445,0.07209,1637900000
446,0.02806,3757500000
447,0.07259,6358900000
448,0.03611,17342000000
449,0.02238,2794000000
450,0.0309,14837000000
451,0.05317,2216000000
452,0.08024,18788000000
453,0.0284,11273000000
454,0.02201,9827300000
455,0.07752,2986700000
456,0.0267,4817300000
457,0.04619,10502000000
458,0.03594,1348800000
459,0.06145,2408700000
460,0.04534,1734200000
461,0.02809,53183000000
462,0.01751,3757500000
463,0.06483,12429000000
464,0.0558,2601300000
465,0.05017,1926900000
466,0.04263,12814000000
467,0.02497,1541500000
468,0.03904,9634600000
469,0.07054,3083100000
470,0.0203,26784000000
471,0.09452,2119600000
472,0.03191,13296000000
473,0.05926,1830600000
474,0.03829,14645000000
475,0.04981,1830600000
476,0.0534,8671200000
477,0.04889,1541500000
478,0.02525,3661200000
479,0.05659,15512000000
480,0.07092,5395400000
481,0.00639,2023300000
482,0.05725,1926900000
483,0.04736,5202700000
484,0.0449,2312300000
485,0.07792,22545000000
486,0.05331,1637900000
487,0.03442,2216000000
488,0.01475,1637900000
489,0.04821,3950200000
490,0.02698,16764000000
491,0.04596,2794000000
492,0.03226,1637900000
493,0.02355,3564800000
494,0.05939,2312300000
495,0.0552,2601300000
496,0.0198,6647900000
497,0.03664,2408700000
498,0.011,1926900000
499,0.02751,4624600000
500,0.01183,3372100000
501,0.07987,28422000000
502,0.05383,1059800000
503,0.06617,42585000000
504,0.06539,2601300000
505,0.02957,1830600000
506,0.04737,1348800000
507,0.04282,3179400000
508,0.02123,3083100000
509,0.0394,7900400000
510,0.04061,2601300000
511,0.04772,4528300000
512,0.0384,2794000000
513,0.0296,29578000000
514,0.07608,3853800000
515,0.05625,2697700000
516,0.05245,1734200000
517,0.0321,4624600000
518,0.06618,2505000000
519,0.03487,2119600000
520,0.09213,2697700000
521,0.01613,1734200000
522,0.07033,2023300000
523,0.06124,5877100000
524,0.02943,2023300000
525,0.0769,4913700000
526,0.01756,3661200000
527,0.05457,2312300000
528,0.06249,5684400000
529,0.04318,6936900000
530,0.01594,2023300000
531,0.03788,55206000000
532,0.07702,2023300000
533,0.06707,10694000000
534,0.06641,12718000000
535,0.06243,3083100000
536,0.05075,3661200000
537,0.01757,22641000000
538,0.0172,2794000000
539,0.02441,3950200000
540,0.05718,8574800000
541,0.04506,2312300000
542,0.02835,1348800000
543,0.01121,15030000000
544,0.06214,2408700000
545,0.03441,11754000000
546,0.02333,3757500000
547,0.02729,7707700000
548,0.04339,2408700000
549,0.01845,3275800000
550,0.06218,5877100000
551,0.05052,1830600000
552,0.0822,2505000000
553,0.00646,3950200000
554,0.07469,1637900000
555,0.03566,3179400000
556,0.01852,19751000000
557,0.04904,1637900000
558,0.02322,4335600000
559,0.07817,2794000000
560,0.07156,2216000000
561,0.02441,3853800000
562,0.07856,21293000000
563,0.02968,771830000000
564,0.05273,13007000000
565,0.04378,1926900000
566,0.04987,109160000000
567,0.03302,2408700000
568,0.04852,7996700000
569,0.02784,24376000000
570,0.05516,1926900000
571,0.04256,1637900000
572,0.02167,2986700000
573,0.06613,3179400000
574,0.03942,3950200000
575,0.05811,3179400000
576,0.04639,6166200000
577,0.0206,1252500000
578,0.03411,2794000000
579,0.03107,2312300000
580,0.03512,2312300000
581,0.06939,8574800000
582,0.05735,1926900000
583,0.01919,7129600000
584,0.09475,2890400000
585,0.04328,1445200000
586,0.03033,2312300000
587,0.06714,6069800000
588,0.07936,4528300000
589,0.03319,2601300000
590,0.0054,10309000000
591,0.01966,10983000000
592,0.06763,3950200000
593,0.06129,3757500000
594,0.05258,10791000000
595,0.02912,1252500000
596,0.05528,39984000000
597,0.05481,2505000000
598,0.08881,2408700000
599,0.04638,6744200000
600,0.08357,2408700000
601,0.05452,8093100000
602,0.01544,1541500000
603,0.05456,1541500000
604,0.02798,6647900000
605,0.03672,2601300000
606,0.06011,2216000000
607,0.02405,5780800000
608,0.0933,1734200000
609,0.02381,201270000000
610,0.03688,4817300000
611,0.0738,1734200000
612,0.06819,1156200000
613,0.08595,3179400000
614,0.02797,4913700000
615,0.06485,2601300000
616,0.01768,2408700000
617,0.03955,33047000000
618,0.05132,867120000
619,0.09476,1059800000
620,0.0549,3372100000
621,0.09625,1541500000
622,0.06684,2505000000
623,0.02752,2505000000
624,0.02923,15993000000
625,0.03053,1059800000
626,0.04032,2408700000
627,0.04704,1541500000
628,0.04301,19944000000
629,0.0447,1830600000
630,0.02953,13199000000
631,0.02911,2890400000
632,0.06159,1637900000
633,0.01356,17631000000
634,0.05893,1059800000
635,0.01683,1637900000
636,0.02122,7996700000
637,0.09221,2312300000
638,0.07503,578080000
639,0.01601,5106400000
640,0.04094,3179400000
641,0.06515,1059800000
642,0.05062,6840600000
643,0.05863,69273000000
644,0.05117,4528300000
645,0.04712,963460000
646,0.05436,1637900000
647,0.03268,179690000000
648,0.03526,23508000000
649,0.03284,4431900000
650,0.04801,1252500000
651,0.08623,2408700000
652,0.05741,1541500000
653,0.0782,3179400000
654,0.05116,1830600000
655,0.04698,2794000000
656,0.07392,21774000000
657,0.04647,5395400000
658,0.02428,1734200000
659,0.03461,1637900000
660,0.06339,3853800000
661,0.07641,2505000000
662,0.08899,1637900000
663,0.03464,15897000000
664,0.05169,2505000000
665,0.06055,3083100000
666,0.06907,2794000000
667,0.08933,2697700000
668,0.04231,3468500000
669,0.05328,2794000000
670,0.0476,1830600000
671,0.06333,2023300000
672,0.03035,11176000000
673,0.02331,16572000000
674,0.07163,2890400000
675,0.04134,4624600000
676,0.0756,2697700000
677,0.20667,963460000
678,0.08039,9634600000
679,0.08317,4142900000
680,0.03293,6166200000
681,0.02541,1445200000
682,0.02774,12910000000
683,0.04454,11080000000
684,0.03279,4624600000
685,0.02244,481730000
686,0.0347,1830600000
687,0.04709,16283000000
688,0.04168,1926900000
689,0.04798,4239200000
690,0.0188,28711000000
691,0.02571,1637900000
692,0.07399,3564800000
693,0.0473,1541500000
694,0.04703,24183000000
695,0.03474,2119600000
696,0.04384,7129600000
697,0.01778,1926900000
698,0.11261,1252500000
699,0.11671,1541500000
700,0.02582,19558000000
701,0.07315,4335600000
702,0.08209,4239200000
703,0.04962,17631000000
704,0.05388,1830600000
705,0.06902,2890400000
706,0.02826,2023300000
707,0.08081,2986700000
708,0.05461,2408700000
709,0.02087,23990000000
710,0.05344,2986700000
711,0.05784,1252500000
712,0.01402,23316000000
713,0.03252,1252500000
714,0.1167,1734200000
715,0.07413,5684400000
716,0.04833,5780800000
717,0.03519,1830600000
718,0.05413,1541500000
719,0.07413,1059800000
720,0.05951,7322300000
721,0.01657,1637900000
722,0.03226,9827300000
723,0.05048,1734200000
724,0.01448,25628000000
725,0.07784,1637900000
726,0.01385,1926900000
727,0.02057,2505000000
728,0.02162,2794000000
729,0.02538,8285800000
730,0.04934,1445200000
731,0.01573,3083100000
732,0.04785,1637900000
733,0.05579,1156200000
734,0.06902,1734200000
735,0.05738,3083100000
736,0.02856,2023300000
737,0.01005,32469000000
738,0.04771,2601300000
739,0.0674,1734200000
740,0.03334,8574800000
741,0.06786,17342000000
742,0.01615,12718000000
743,0.04113,1541500000
744,0.02382,2794000000
745,0.06581,963460000
746,0.02156,2119600000
747,0.03011,8478500000
748,0.04293,27073000000
749,0.03752,357640000000
750,0.06384,14067000000
751,0.03326,2601300000
752,0.09335,10309000000
753,0.03838,7129600000
754,0.02394,13296000000
755,0.02327,963460000
756,0.07192,481730000
757,0.02272,6744200000
758,0.05059,1541500000
759,0.04726,1637900000
760,0.04207,4335600000
761,0.04503,9538300000
762,0.02739,3083100000
763,0.0386,1445200000
764,0.23613,1252500000
765,0.0605,3564800000
766,0.02835,1926900000
767,0.03997,4046500000
768,0.05519,1830600000
769,0.05175,2312300000
770,0.03989,14259000000
771,0.07405,15223000000
772,0.0549,4624600000
773,0.02871,2119600000
774,0.08715,1637900000
775,0.0398,2023300000
776,0.02493,22641000000
777,0.03319,2890400000
778,0.0511,12236000000
779,0.08425,1637900000
780,0.07342,8478500000
781,0.05786,1252500000
782,0.05361,1541500000
783,0.01471,32083000000
784,0.03824,3372100000
785,0.07612,1252500000
786,0.02805,1926900000
787,0.05133,1830600000
788,0.0527,58868000000
789,0.06487,1348800000
790,0.04743,3179400000
791,0.02958,7996700000
792,0.05784,1734200000
793,0.0298,3468500000
794,0.07582,15608000000
795,0.11711,1348800000
796,0.02312,1738700000000
797,0.07635,2408700000
798,0.03762,7515000000
799,0.03,1926900000
800,0.0556,1445200000
801,0.02733,9152900000
802,0.07559,2216000000
803,0.03278,5010000000
804,0.09963,2023300000
805,0.01872,1348800000
806,0.04699,1830600000
807,0.01707,8382100000
808,0.02526,2697700000
809,0.04792,2023300000
810,0.06758,1445200000
811,0.02894,2794000000
812,0.04611,7226000000
813,0.01824,2986700000
814,0.02183,78329000000
815,0.05308,3950200000
816,0.05533,578080000
817,0.03264,17824000000
818,0.03266,2312300000
819,0.01199,2794000000
820,0.03815,1734200000
821,0.06552,1445200000
822,0.03495,6647900000
823,0.06883,2794000000
824,0.03447,2601300000
825,0.07097,2505000000
826,0.06368,2023300000
827,0.04803,1348800000
828,0.05406,3275800000
829,0.05339,13874000000
830,0.0296,51256000000
831,0.04419,1445200000
832,0.01869,11369000000
833,0.05611,85363000000
834,0.12938,2695400000000
835,0.08931,2119600000
836,0.03412,8382100000
837,0.068,4335600000
838,0.03182,2505000000
839,0.04001,18691000000
840,0.06519,114560000000
841,0.09498,1348800000
842,0.01459,44608000000
843,0.06681,2312300000
844,0.02351,1348800000
845,0.02133,28808000000
846,0.03891,20233000000
847,0.02397,4142900000
848,0.05067,478550000000
849,0.02988,4431900000
850,0.05828,2216000000
851,0.0139,2408700000
852,0.04116,10502000000
853,0.03869,2505000000
854,0.04793,3853800000
855,0.01359,778380000000
856,0.02705,7707700000
857,0.10054,715660000000
858,0.04954,2601300000
859,0.03041,4528300000
860,0.02224,8767500000
861,0.03982,2312300000
862,0.02255,1830600000
863,0.11065,3853800000
864,0.03561,3372100000
865,0.0373,16764000000
866,0.0337,1734200000
867,0.07381,1348800000
868,0.03461,3083100000
869,0.06861,2408700000
870,0.06541,3853800000
871,0.05158,11465000000
872,0.04269,2023300000
873,0.00902,1348800000
874,0.01806,6936900000
875,0.06601,74283000000
876,0.07456,1445200000
877,0.01407,1348800000
878,0.03533,5877100000
879,0.08276,1348800000
880,0.00672,1445200000
881,0.02945,15801000000
882,0.0414,22545000000
883,0.04364,7515000000
884,0.03412,4335600000
885,0.04653,2986700000
886,0.04931,674420000
887,0.06157,440980000000
888,0.08646,1541500000
889,0.02309,4239200000
890,0.05359,4142900000
891,0.05385,1059800000
892,0.01633,1059800000
893,0.0519,5780800000
894,0.03948,1637900000
895,0.04153,1734200000
896,0.06379,7804000000
897,0.03149,2119600000
898,0.01869,24087000000
899,0.01462,1156200000
900,0.01154,45379000000
901,0.06501,2986700000
902,0.02284,1830600000
903,0.01837,6647900000
904,0.0281,2601300000
905,0.07344,11176000000
906,0.02282,2216000000
907,0.04725,7996700000
908,0.01765,71971000000
909,0.04338,272270000000
910,0.05525,2794000000
911,0.05597,2216000000
912,0.06067,2216000000
913,0.02521,19366000000
914,0.03864,3468500000
915,0.06996,14163000000
916,0.0348,13199000000
917,0.00947,1252500000
918,0.02311,31602000000
919,0.04794,4913700000
920,0.01371,3757500000
921,0.08319,1734200000
922,0.05023,3275800000
923,0.01877,8767500000
924,0.01042,1348800000
925,0.13871,1734200000
926,0.01837,19944000000
927,0.06047,1830600000
928,0.03773,1445200000
929,0.04347,1541500000
930,0.03039,3757500000
931,0.14804,289040000
932,0.07672,1637900000
933,0.03502,2023300000
934,0.00144,23701000000
935,0.05865,19269000000
936,0.04964,1252500000
937,0.03598,63107000000
938,0.03903,1445200000
939,0.05695,6455200000
940,0.0389,2119600000
941,0.04279,6455200000
942,0.05064,578080000
943,0.04006,2697700000
944,0.06072,6358900000
945,0.07604,1830600000
946,0.03355,1445200000
947,0.01564,28904000000
948,0.05648,6262500000
949,0.02707,10405000000
950,0.09786,2023300000
951,0.02994,17631000000
952,0.05282,3564800000
953,0.02808,8574800000
954,0.01996,2119600000
955,0.01044,2408700000
956,0.03646,5877100000
957,0.03824,26881000000
958,0.05514,1926900000
959,0.03037,1830600000
960,0.04837,4624600000
961,0.03796,6358900000
962,0.02893,4431900000
963,0.04126,5491700000
964,0.0899,1348800000
965,0.05317,1156200000
966,0.07798,6936900000
967,0.0728,2312300000
968,0.02814,4239200000
969,0.01436,1734200000
970,0.02988,18209000000
971,0.06769,9538300000
972,0.0527,6744200000
973,0.04557,1637900000
974,0.03302,2119600000
975,0.04368,4431900000
976,0.02466,2023300000
977,0.04607,4335600000
978,0.04451,2601300000
979,0.02248,2890400000
980,0.07866,1252500000
981,0.03385,4046500000
982,0.14014,240960000000
983,0.06249,2312300000
984,0.04584,1252500000
985,0.07821,2023300000
986,0.05118,2794000000
987,0.04183,5973500000
988,0.03637,12814000000
989,0.04615,5877100000
990,0.04932,79004000000
991,0.03325,2505000000
992,0.04169,10116000000
993,0.10619,7322300000
994,0.03498,79678000000
995,0.06586,2216000000
996,0.08937,2986700000
997,0.05011,2505000000
998,0.04622,1734200000
999,0.03779,3468500000
1000,0.03736,6840600000
1001,0.06733,4817300000
1002,0.06469,1830600000
1003,0.08435,1445200000
1004,0.04241,9923700000
1005,0.02553,2601300000
1006,0.02883,5684400000
1007,0.08558,2697700000
1008,0.01095,6069800000
1009,0.03877,2119600000
1010,0.04188,6455200000
1011,0.03738,17535000000
1012,0.02308,1541500000
1013,0.05577,3468500000
1014,0.03485,13488000000
1015,0.0295,3372100000
1016,0.07548,2408700000
1017,0.02422,4335600000
1018,0.06437,2890400000
1019,0.06531,3468500000
1020,0.04332,2601300000
1021,0.05205,3853800000
1022,0.01834,2023300000
1023,0.04207,2986700000
1024,0.02906,2408700000
1025,0.05546,1156200000
1026,0.05149,2119600000
1027,0.03165,2794000000
1028,0.04118,1348800000
1029,0.02407,7322300000
1030,0.01639,2216000000
1031,0.03843,1541500000
1032,0.05432,16572000000
1033,0.03102,83918000000
1034,0.01778,3564800000
1035,0.05226,2408700000
1036,0.02022,12332000000
1037,0.01938,3853800000
1038,0.04257,11851000000
1039,0.01022,17342000000
1040,0.03019,7707700000
1041,0.0575,18884000000
1042,0.02508,31794000000
1043,0.06676,10791000000
1044,0.10986,6358900000
1045,0.03355,156660000000
1046,0.0553,2986700000
1047,0.03643,54917000000
1048,0.04178,2119600000
1049,0.04076,4913700000
1050,0.10145,2505000000
1051,0.05035,2697700000
1052,0.03547,1734200000
1053,0.04123,6840600000
1054,0.02677,3564800000
1055,0.01568,1156200000
1056,0.01284,40369000000
1057,0.02627,213410000000
1058,0.05643,31505000000
1059,0.02686,1348800000
1060,0.05242,867120000
1061,0.06794,1734200000
1062,0.07751,27362000000
1063,0.04023,2601300000
1064,0.04326,7900400000
1065,0.02623,1637900000
1066,0.0506,2697700000
1067,0.03626,2023300000
1068,0.04765,2890400000
1069,0.02144,1541500000
1070,0.04475,3468500000
1071,0.04385,4142900000
1072,0.02619,6358900000
1073,0.01684,3853800000
1074,0.06166,2986700000
1075,0.07709,10020000000
1076,0.06728,8189400000
1077,0.04144,6840600000
1078,0.03082,2312300000
1079,0.05752,1830600000
1080,0.04277,4528300000
1081,0.07643,1445200000
1082,0.03413,4142900000
1083,0.02784,1734200000
1084,0.03527,2408700000
1085,0.04266,4913700000
1086,0.06216,1541500000
1087,0.03264,1348800000
1088,0.04737,8382100000
1089,0,192690000
1090,0.05768,12621000000
1091,0.0654,1926900000
1092,0.05907,220830000000
1093,0.02157,9056500000
1094,0.02648,1734200000
1095,0.02278,1445200000
1096,0.02908,674420000
1097,0.02862,2216000000
1098,0.02476,3083100000
1099,0.03709,2890400000
1100,0.05699,4431900000
1101,0.03992,2986700000
1102,0.04483,1830600000
1103,0.09992,1734200000
1104,0.0552,2890400000
1105,0.01644,10887000000
1106,0.05404,11658000000
1107,0.01958,1734200000
1108,0.06011,2408700000
1109,0.0213,1156200000
1110,0.04947,83436000000
1111,0.09308,2794000000
1112,0.06308,1252500000
1113,0.11622,1348800000
1114,0.11723,2312300000
1115,0.07772,1156200000
1116,0.05367,1541500000
1117,0.04929,3661200000
1118,0.04457,18113000000
1119,0.05291,3468500000
1120,0.07176,2216000000
1121,0.04829,6069800000
1122,0.02963,1445200000
1123,0.07437,12043000000
1124,0.07087,3275800000
1125,0.04115,1830600000
1126,0.0327,3621200000000
1127,0.05393,2119600000
1128,0.04692,3179400000
1129,0.04526,1541500000
1130,0.04973,2794000000
1131,0.12535,963460000
1132,0.0372,4142900000
1133,0.06114,19944000000
1134,0.0301,9827300000
1135,0.04016,1348800000
1136,0.04178,6069800000
1137,0.03186,8574800000
1138,0.07959,1059800000
1139,0.06575,2697700000
1140,0.04717,3564800000
1141,0.05189,1637900000
1142,0.0428,1541500000
1143,0.01288,1734200000
1144,0.02939,7033300000
1145,0.03309,7129600000
1146,0.03297,1059800000
1147,0.04133,2697700000
1148,0.05436,1637900000
1149,0.07947,1637900000
1150,0.05785,11080000000
1151,0.10071,7418700000
1152,0.04919,1541500000
1153,0.07146,2601300000
1154,0.01833,27940000000
1155,0.03605,38731000000
1156,0.02511,3853800000
1157,0.02236,2408700000
1158,0.05858,1926900000
1159,0.08232,4431900000
1160,0.03567,6455200000
1161,0.05368,1637900000
1162,0.02395,15319000000
1163,0.0408,1059800000
1164,0.06209,2023300000
1165,0.05041,8285800000
1166,0.01727,14356000000
1167,0.07328,1252500000
1168,0.04377,585690000000
1169,0.08157,2890400000
1170,0.06533,4817300000
1171,0.04742,2890400000
1172,0.06328,1156200000
1173,0.04505,31216000000
1174,0.06013,1830600000
1175,0.01393,4721000000
1176,0.02397,3179400000
1177,0.05637,770770000
1178,0.0889,1637900000
1179,0.07657,1541500000
1180,0.10861,1830600000
1181,0.07333,1734200000
1182,0.07375,1926900000
1183,0.04427,6744200000
1184,0.03104,838310000000
1185,0.06731,1252500000
1186,0.08203,578080000
1187,0.04137,6069800000
1188,0.08241,1252500000
1189,0.03221,4335600000
1190,0.0335,2505000000
1191,0.06616,1830600000
1192,0.02031,15512000000
1193,0.03928,32950000000
1194,0.06788,9538300000
1195,0.07125,1734200000
1196,0.03647,3853800000
1197,0.0591,7611400000
1198,0.04561,867120000
1199,0.06378,1926900000
1200,0.01498,2119600000
1201,0.04831,1252500000
1202,0.02621,7996700000
1203,0.03901,1637900000
1204,0.04531,5202700000
1205,0.04691,4335600000
1206,0.04468,1445200000
1207,0.0502,2697700000
1208,0.05919,7900400000
1209,0.02014,1734200000
1210,0.02197,2023300000
1211,0.04219,3179400000
1212,0.09862,2023300000
1213,0.00879,1059800000
1214,0.00527,17439000000
1215,0.02939,3468500000
1216,0.04902,6647900000
1217,0.11218,4431900000
1218,0.01886,6840600000
1219,0.06445,4528300000
1220,0.02902,2408700000
1221,0.04154,2986700000
1222,0.02497,8093100000
1223,0.04436,13970000000
1224,0.03317,1734200000
1225,0.01415,1637900000
1226,0.05521,2312300000
1227,0.02703,1541500000
1228,0.07394,1637900000
1229,0.02721,12140000000
1230,0.0446,4431900000
1231,0.03158,2216000000
1232,0.01749,30831000000
1233,0.0538,2697700000
1234,0.04171,2023300000
1235,0.0716,1541500000
1236,0.01265,770770000
1237,0.05725,6166200000
1238,0.02369,4431900000
1239,0.33891,578080000
1240,0.0461,1830600000
1241,0.01728,124670000000
1242,0.08612,1348800000
1243,0.01543,2023300000
1244,0.0229,2986700000
1245,0.0458,35070000000
1246,0.03728,6744200000
1247,0.06947,2216000000
1248,0.06038,6262500000
1249,0.05173,81509000000
1250,0.00921,3179400000
1251,0.05065,40562000000
1252,0.04726,1156200000
1253,0.05002,1445200000
1254,0.09533,30156000000
1255,0.04017,5684400000
1256,0.02538,3083100000
1257,0.05196,2408700000
1258,0.02647,142400000000
1259,0.02448,2986700000
1260,0.01511,1830600000
1261,0.07783,1252500000
1262,0.03896,1637900000
1263,0.07175,1348800000
1264,0.0475,10983000000
1265,0.03725,6647900000
1266,0.05831,1156200000
1267,0.0394,3179400000
1268,0.09639,5780800000
1269,0.04234,2023300000
1270,0.03873,1541500000
1271,0.07664,2119600000
1272,0.02199,1348800000
1273,0.06275,1637900000
1274,0.03851,2986700000
1275,0.05542,7418700000
1276,0.0432,1637900000
1277,0.01756,6166200000
1278,0.02878,1734200000
1279,0.01715,5877100000
1280,0.02901,3950200000
1281,0.02331,1348800000
1282,0.00995,1637900000
1283,0.0634,1156200000
1284,0.06022,1637900000
1285,0.04067,1348800000
1286,0.08612,2505000000
1287,0.02791,4647400000000
1288,0.02708,7033300000
1289,0.01507,2505000000
1290,0.0753,1445200000
1291,0.04685,5010000000
1292,0.28957,481730000
1293,0.04386,1637900000
1294,0.05847,1830600000
1295,0.04668,2505000000
1296,0.02356,1059800000
1297,0.06043,1830600000
1298,0.02359,11947000000
1299,0.02729,1445200000
1300,0.14619,537520000000
1301,0.02113,3564800000
1302,0.00592,1830600000
1303,0.04372,7033300000
1304,0.05259,6744200000
1305,0.02761,2023300000
1306,0.00817,2119600000
1307,0.04639,25532000000
1308,0.07026,2601300000
1309,0.02527,4624600000
1310,0.05556,4142900000
1311,0.04904,2119600000
1312,0.05926,11658000000
1313,0.03947,40176000000
1314,0.0392,1637900000
1315,0.04809,2697700000
1316,0.03257,295200000000
1317,0.03275,20329000000
1318,0.09762,3083100000
1319,0.02658,10020000000
1320,0.06442,1734200000
1321,0.03413,22641000000
1322,0,192690000
1323,0.02589,4431900000
1324,0.0393,3564800000
1325,0.03044,11947000000
1326,0.07291,1203400000000
1327,0.06102,1926900000
1328,0.01484,9441900000
1329,0.03077,20425000000
1330,0.05448,1445200000
1331,0.02269,5588100000
1332,0.00707,1830600000
1333,0.02258,1637900000
1334,0.05014,1830600000
1335,0.0195,6936900000
1336,0.11427,2505000000
1337,0.03869,4721000000
1338,0.04043,1734200000
1339,0.04176,5299000000
1340,0.03237,6936900000
1341,0.0218,3661200000
1342,0.09012,23605000000
1343,0.02134,5973500000
1344,0.05585,3661200000
1345,0.0412,5973500000
1346,0.02923,2119600000
1347,0.0562,2216000000
1348,0.03746,2216000000
1349,0.07924,1734200000
1350,0.03263,1445200000
1351,0.04184,24665000000
1352,0.05822,2794000000
1353,0.0399,113590000000
1354,0.04964,2601300000
1355,0.01442,1541500000
1356,0.05154,5106400000
1357,0.0139,53858000000
1358,0.04553,4431900000
1359,0.12052,2601300000
1360,0.02981,963460000
1361,0.0309,6069800000
1362,0.02201,4142900000
1363,0.04394,3275800000
1364,0.05861,1541500000
1365,0.0204,1830600000
1366,0.05076,9538300000
1367,0.03237,4913700000
1368,0.05472,4335600000
1369,0.07514,1252500000
1370,0.0373,14067000000
1371,0.05398,4335600000
1372,0.01667,1637900000
1373,0.02648,3372100000
1374,0.04508,7611400000
1375,0.04147,1734200000
1376,0.0429,3468500000
1377,0.00548,1541500000
1378,0.04861,4431900000
1379,0.02328,9056500000
1380,0.04126,8189400000
1381,0.09276,1734200000
1382,0.03294,3083100000
1383,0.06619,7418700000
1384,0.04934,2890400000
1385,0.03373,1541500000
1386,0.04755,2794000000
1387,0.04423,2601300000
1388,0.0514,5588100000
1389,0.08656,6840600000
1390,0.03431,31987000000
1391,0.0434,19462000000
1392,0.05394,2890400000
1393,0.05393,2697700000
1394,0.02818,47402000000
1395,0.01117,32180000000
1396,0.03173,3275800000
1397,0.02687,3275800000
1398,0.07365,28037000000
1399,0.00702,2986700000
1400,0.03172,2890400000
1401,0.04113,4046500000
1402,0.05203,1734200000
1403,0.03656,6647900000
1404,0.01755,1926900000
1405,0.05659,2023300000
1406,0.08706,6840600000
1407,0.05953,1734200000
1408,0.0194,2601300000
1409,0.05562,3468500000
1410,0.04665,3757500000
1411,0.02934,5780800000
1412,0.041,5877100000
1413,0.04158,8767500000
1414,0.05714,1541500000
1415,0.023,21293000000
1416,0.01278,1348800000
1417,0.05791,5106400000
1418,0.03171,4239200000
1419,0.04726,1830600000
1420,0.05858,1541500000
1421,0.03443,7033300000
1422,0.019,1541500000
1423,0.05492,5588100000
1424,0.01399,8382100000
1425,0.09552,1348800000
1426,0.07408,1156200000
1427,0.03265,2890400000
1428,0.08541,1926900000
1429,0.09408,1734200000
1430,0.01572,16861000000
1431,0.03803,144710000000
1432,0.01237,3564800000
1433,0.04508,7996700000
1434,0.02404,42778000000
1435,0.02884,12236000000
1436,0.01975,1926900000
1437,0.06283,93938000000
1438,0.03348,7707700000
1439,0.01651,3083100000
1440,0.01783,1637900000
1441,0.04386,2601300000
1442,0.04196,1637900000
1443,0.04604,2505000000
1444,0.10497,3853800000
1445,0.03136,5106400000
1446,0.03294,2890400000
1447,0.03408,2119600000
1448,0.01708,36708000000
1449,0.08727,2216000000
1450,0.01689,1637900000
1451,0.03897,2986700000
1452,0.06485,1252500000
1453,0.03471,2023300000
1454,0.03038,18884000000
1455,0.03343,7322300000
1456,0.03255,6455200000
1457,0.01721,6358900000
1458,0.09116,5684400000
1459,0.01907,6551500000
1460,0.04715,14067000000
1461,0.00764,43548000000
1462,0.04539,6262500000
1463,0.03272,1541500000
1464,0.02203,1734200000
1465,0.05022,2408700000
1466,0.02948,9731000000
1467,0.02379,2119600000
1468,0.02945,9923700000
1469,0.02067,2505000000
1470,0.06346,1445200000
1471,0.02968,12621000000
1472,0.04786,1541500000
1473,0.01638,13007000000
1474,0.04459,10791000000
1475,0.06892,2408700000
1476,0.07394,1348800000
1477,0.06691,2697700000
1478,0.03286,88446000000
1479,0.05148,4817300000
1480,0.0531,1059800000
1481,0.05829,6069800000
1482,0.04783,2890400000
1483,0.05703,12236000000
1484,0.05437,2023300000
1485,0.03773,80160000000
1486,0.0492,75150000000
1487,0.03322,5588100000
1488,0.02376,770770000
1489,0.03315,10116000000
1490,0.07059,2505000000
1491,0.09466,5202700000
1492,0.02703,2697700000
1493,0.06427,7611400000
1494,0.02325,2697700000
1495,0.03484,3853800000
1496,0.02382,2601300000
1497,0.03715,4239200000
1498,0.02778,1541500000
1499,0.01964,19366000000
1500,0.06779,2794000000
1501,0.03768,1348800000
1502,0.02278,1252500000
1503,0.03776,5491700000
1504,0.04652,13778000000
1505,0.02082,1252500000
1506,0.03915,4913700000
1507,0.04864,1637900000
1508,0.05504,3564800000
1509,0.05457,2023300000
1510,0.09532,1830600000
1511,0.09921,1348800000
1512,0.07018,1252500000
1513,0.04562,2505000000
1514,0.03599,3757500000
1515,0.08918,2890400000
1516,0.05439,1445200000
1517,0.02328,1926900000
1518,0.03408,2986700000
1519,0.02391,12910000000
1520,0.05261,2312300000
1521,0.06811,9441900000
1522,0.02851,1156200000
1523,0.01776,14934000000
1524,0.0536,2794000000
1525,0.0621,1252500000
1526,0.05765,1348800000
1527,0.03798,2601300000
1528,0.0828,963460000
1529,0.05663,385380000
1530,0.01859,5877100000
1531,0.04736,14548000000
1532,0.05304,5780800000
1533,0.05802,3275800000
1534,0.04489,1926900000
1535,0.01859,1156200000
1536,0.0288,5010000000
1537,0.04162,3083100000
1538,0.03295,867120000
1539,0.03403,6166200000
1540,0.02543,3853800000
1541,0.02938,867120000
1542,0.05087,18017000000
1543,0.02163,1926900000
1544,0.03528,3661200000
1545,0.01378,2119600000
1546,0.04062,1541500000
1547,0.07889,1830600000
1548,0.02418,1445200000
1549,0.04965,1252500000
1550,0.00663,3372100000
1551,0.04146,3468500000
1552,0.05074,1926900000
1553,0.02079,1445200000
1554,0.05907,2119600000
1555,0.06972,1541500000
1556,0.02624,1637900000
1557,0.0409,2697700000
1558,0.16276,1059800000
1559,0.16844,578080000
1560,0.08679,5202700000
1561,0.07616,1445200000
1562,0.07542,1830600000
1563,0.09707,2312300000
1564,0.05176,55303000000
1565,0.05872,3853800000
1566,0.03603,1926900000
1567,0.07643,1348800000
1568,0.04964,2023300000
1569,0.03212,2119600000
1570,0.06718,2408700000
1571,0.02364,3853800000
1572,0.02341,4624600000
1573,0.08281,1637900000
1574,0.04847,3757500000
1575,0.0303,1541500000
1576,0.06336,3179400000
1577,0.0506,2312300000
1578,0.03591,1252500000
1579,0.07367,3372100000
1580,0.07416,2312300000
1581,0.094,3083100000
1582,0.05714,2601300000
1583,0.06944,1637900000
1584,0.06621,2119600000
1585,0.06744,7129600000
1586,0.03738,5491700000
1587,0.03404,1541500000
1588,0.01674,963460000
1589,0.0195,1348800000
1590,0.02377,3661200000
1591,0.03933,15223000000
1592,0.02505,104440000000
1593,0.09999,1348800000
1594,0.05363,3661200000
1595,0.02477,1348800000
1596,0.06807,963460000
1597,0.03883,2216000000
1598,0.10855,3661200000
1599,0.0481,2601300000
1600,0.01256,296460000000
1601,0.0461,3083100000
1602,0.05441,3853800000
1603,0.0341,3372100000
1604,0.04473,2505000000
1605,0.0356,18691000000
1606,0.02282,12525000000
1607,0.01249,16186000000
1608,0.01049,3661200000
1609,0.0549,674420000
1610,0.06942,1252500000
1611,0.03488,2601300000
1612,0.05752,1734200000
1613,0.05132,2312300000
1614,0.04706,2023300000
1615,0.06554,2023300000
1616,0.08301,1830600000
1617,0.06541,4817300000
1618,0.01295,1156200000
1619,0.01899,75054000000
1620,0.06058,3661200000
1621,0.04401,2408700000
1622,0.04221,3564800000
1623,0.01038,21196000000
1624,0.09221,1926900000
1625,0.04977,18980000000
1626,0.04636,3853800000
1627,0.03977,7611400000
1628,0.02854,1445200000
1629,0.05267,7515000000
1630,0.01601,1348800000
1631,0.06946,2216000000
1632,0.03271,1541500000
1633,0.00661,334230000000
1634,0.0488,2505000000
1635,0.04383,1830600000
1636,0.01116,10887000000
1637,0.03744,17342000000
1638,0.04458,1830600000
1639,0.06863,867120000
1640,0.0536,1445200000
1641,0.07859,1156200000
1642,0.03733,51160000000
1643,0.05465,1734200000
1644,0.05119,16572000000
1645,0.03159,36226000000
1646,0.08047,1637900000
1647,0.06408,674420000
1648,0.07819,867120000
1649,0.06471,1156200000
1650,0.06997,2890400000
1651,0.0297,1734200000
1652,0.02154,165910000000
1653,0.1675,1059800000
1654,0.09796,1541500000
1655,0.02299,1478800000000
1656,0.04218,1348800000
1657,0.061,1734200000
1658,0.04979,17535000000
1659,0.70228,289040000
1660,0.07043,2023300000
1661,0.03927,2601300000
1662,0.02213,4817300000
1663,0.02453,5010000000
1664,0.02298,2408700000
1665,0.0279,13778000000
1666,0.06299,4335600000
1667,0.02293,385380000
1668,0.02531,1926900000
1669,0.04241,2216000000
1670,0.02533,19462000000
1671,0.08303,12718000000
1672,0.04198,17535000000
1673,0.06573,15415000000
1674,0.034,1637900000
1675,0.07916,2408700000
1676,0.04783,1637900000
1677,0.06851,12332000000
1678,0.03414,24183000000
1679,0.08655,6069800000
1680,0.06857,1830600000
1681,0.02811,2601300000
1682,0.08567,963460000
1683,0.0427,4528300000
1684,0.10777,2794000000
1685,0.06989,217160000000
1686,0.01144,20040000000
1687,0.03866,1637900000
1688,0.00721,8478500000
1689,0.06087,1059800000
1690,0.01997,3372100000
1691,0.10945,12236000000
1692,0.10939,1059800000
1693,0.02957,145100000000
1694,0.07152,1734200000
1695,0.0553,2119600000
1696,0.04114,5684400000
1697,0.0419,1541500000
1698,0.05062,28133000000
1699,0.07875,1445200000
1700,0.03845,1348800000
1701,0.0391,21100000000
1702,0.06721,1926900000
1703,0.05323,4431900000
1704,0.04053,17342000000
1705,0.05518,481730000
1706,0.03761,1541500000
1707,0.07363,578080000
1708,0.04452,1734200000
1709,0.01532,2216000000
1710,0.04588,6455200000
1711,0.04128,75824000000
1712,0.02418,4528300000
1713,0.00559,1830600000
1714,0.05388,5106400000
1715,0.0126,14741000000
1716,0.07915,2890400000
1717,0.01199,17439000000
1718,0.04362,9634600000
1719,0.04513,2023300000
1720,0.02847,3950200000
1721,0.04557,3372100000
1722,0.08364,3275800000
1723,0.05323,4817300000
1724,0.08788,14645000000
1725,0.04152,1445200000
1726,0.04468,23990000000
1727,0.02358,7033300000
1728,0.05287,1445200000
1729,0.03916,3757500000
1730,0.05425,1734200000
1731,0.04553,21774000000
1732,0.0073,963460000
1733,0.00424,66094000000
1734,0.03462,2697700000
1735,0.07248,1541500000
1736,0.0344,2023300000
1737,0.07806,1541500000
1738,0.05498,2119600000
1739,0.03732,3179400000
1740,0.0763,13778000000
1741,0.0672,3275800000
1742,0.01246,17920000000
1743,0.03531,3083100000
1744,0.0893,29482000000
1745,0.03241,3372100000
1746,0.01819,7418700000
1747,0.02975,150780000000
1748,0.05249,319200000000
1749,0.08024,2216000000
1750,0.02907,1926900000
1751,0.02349,2986700000
1752,0.03488,2119600000
1753,0.02682,9441900000
1754,0.02235,88349000000
1755,0.03257,4624600000
1756,0.0437,2408700000
1757,0.04432,3757500000
1758,0.02564,1830600000
1759,0.03601,2408700000
1760,0.02056,2408700000
1761,0.01723,1541500000
1762,0.0976,1348800000
1763,0.11829,1541500000
1764,0.01445,20040000000
1765,0.02017,25146000000
1766,0.09821,2890400000
1767,0.06184,3083100000
1768,0.04533,3950200000
1769,0.05981,1926900000
1770,0.07454,3661200000
1771,0.06316,49233000000
1772,0.03313,4528300000
1773,0.05962,3083100000
1774,0.04185,6358900000
1775,0.04029,1926900000
1776,0.05661,2408700000
1777,0.06364,2408700000
1778,0.04127,58000000000
1779,0.07912,20811000000
1780,0.04917,1734200000
1781,0.03466,2697700000
1782,0.00554,1541500000
1783,0.06395,4239200000
1784,0.0232,87482000000
1785,0.05813,8478500000
1786,0.01662,1830600000
1787,0.04476,1926900000
1788,0.06032,11851000000
1789,0.06382,3275800000
1790,0.04369,9441900000
1791,0.0196,3950200000
1792,0.05482,1926900000
1793,0.03933,102510000000
1794,0.03301,10020000000
1795,0.02434,3853800000
1796,0.04892,4431900000
1797,0.06544,2119600000
1798,0.08553,7611400000
1799,0.09559,1156200000
1800,0.02083,57037000000
1801,0.04899,3179400000
1802,0.00837,71200000000
1803,0.0367,1156200000
1804,0.02972,16572000000
1805,0.07516,4913700000
1806,0.06443,1926900000
1807,0.06218,1637900000
1808,0.02623,113500000000
1809,0.03141,12429000000
1810,0.07848,5202700000
1811,0.01952,4142900000
1812,0.03962,2408700000
1813,0.02969,2312300000
1814,0.0364,11369000000
1815,0.10764,1637900000
1816,0.0298,2601300000
1817,0.03706,3564800000
1818,0.06889,1926900000
1819,0.03435,4913700000
1820,0.05281,1830600000
1821,0.01586,7129600000
1822,0.02525,2986700000
1823,0.05032,15223000000
1824,0.02891,1734200000
1825,0.0206,3468500000
1826,0.08073,1156200000
1827,0.02303,11947000000
1828,0.04039,2312300000
1829,0.04244,7900400000
1830,0.02271,2023300000
1831,0.04335,1445200000
1832,0.06103,2408700000
1833,0.02999,4624600000
1834,0.08411,5395400000
1835,0.05382,19366000000
1836,0.03997,5010000000
1837,0.03188,10405000000
1838,0.02435,4624600000
1839,0.06112,867120000
1840,0.07328,2119600000
1841,0.05617,1156200000
1842,0.02527,770770000
1843,0.06347,4431900000
1844,0.04345,1252500000
1845,0.07539,50389000000
1846,0.0186,2312300000
1847,0.05282,6262500000
1848,0.0496,1156200000
1849,0.05927,4335600000
1850,0.04658,1830600000
1851,0.01897,6358900000
1852,0.02834,23798000000
1853,0.02513,3179400000
1854,0.04674,4721000000
1855,0.05262,3083100000
1856,0.0601,1541500000
1857,0.10263,291250000000
1858,0.04489,17439000000
1859,0.04656,1830600000
1860,0.01522,7707700000
1861,0.06366,6744200000
1862,0.03972,2697700000
1863,0.07389,7804000000
1864,0.04349,5202700000
1865,0.04531,2986700000
1866,0.04177,6166200000
1867,0.10049,2408700000
1868,0.08336,11658000000
1869,0.1214,1734200000
1870,0.04725,4721000000
1871,0.03272,1252500000
1872,0.05881,1830600000
1873,0.12422,2119600000
1874,0.08818,279980000000
1875,0.08317,2023300000
1876,0.04083,5202700000
1877,0.04571,1926900000
1878,0.01283,770770000
1879,0.07098,3179400000
1880,0.06419,2312300000
1881,0.0466,9441900000
1882,0.03758,27940000000
1883,0.04009,1445200000
1884,0.06835,3083100000
1885,0.02543,2312300000
1886,0.06395,35552000000
1887,0.06723,481730000
1888,0.0255,8863900000
1889,0.05509,2697700000
1890,0.02789,4624600000
1891,0.00851,10791000000
1892,0.04374,3564800000
1893,0.04224,12814000000
1894,0.03782,3275800000
1895,0.05528,2312300000
1896,0.0571,10213000000
1897,0.06588,1541500000
1898,0.01946,1830600000
1899,0.02241,19751000000
1900,0.19525,674420000
1901,0.07076,5395400000
1902,0.03357,2601300000
1903,0.02573,4142900000
1904,0.04779,40562000000
1905,0.07586,770770000
1906,0.08763,1830600000
1907,0.03169,3564800000
1908,0.03419,8574800000
1909,0.05016,4624600000
1910,0.06063,2119600000
1911,0.08711,5491700000
1912,0.07223,2312300000
1913,0.05109,1926900000
1914,0.05458,6455200000
1915,0.03911,2312300000
1916,0.05554,2601300000
1917,0.02958,45379000000
1918,0.01053,17246000000
1919,0.01608,144620000000
1920,0.01669,91914000000
1921,0.06618,2505000000
1922,0.06786,2023300000
1923,0.08753,2216000000
1924,0.0218,2505000000
1925,0.06053,5588100000
1926,0.0544,2890400000
1927,0.03956,1348800000
1928,0.02904,9538300000
1929,0.05934,1637900000
1930,0.01845,6166200000
1931,0.01811,2890400000
1932,0.03849,58193000000
1933,0.0718,1830600000
1934,0.01997,5877100000
1935,0.04166,4046500000
1936,0.04287,5395400000
1937,0.07351,2408700000
1938,0.04949,14067000000
1939,0.01035,1445200000
1940,0.05682,1637900000
1941,0.06994,3564800000
1942,0.09742,1926900000
1943,0.01405,2794000000
1944,0.04801,6936900000
1945,0.06656,1830600000
1946,0.05029,3564800000
1947,0.04552,1830600000
1948,0.05264,1637900000
1949,0.03587,1348800000
1950,0.03421,2216000000
1951,0.00755,50485000000
1952,0.02753,4335600000
1953,0.04387,9056500000
1954,0.06637,1541500000
1955,0.02106,11658000000
1956,0.02188,3468500000
1957,0.00496,21582000000
1958,0.03417,5010000000
1959,0.05415,1637900000
1960,0.01834,4335600000
1961,0.02952,4335600000
1962,0.05918,1156200000
1963,0.04128,12043000000
1964,0.05806,1156200000
1965,0.02641,1541500000
1966,0.04427,119570000000
1967,0.05663,1059800000
1968,0.04714,1541500000
1969,0.02093,2505000000
1970,0.0933,1348800000
1971,0.06756,1156200000
1972,0.06893,1734200000
1973,0.057,12332000000
1974,0.05543,7322300000
1975,0.0967,2505000000
1976,0.06353,8382100000
1977,0.05865,1734200000
1978,0.07833,8574800000
1979,0.05015,2794000000
1980,0.04737,1926900000
1981,0.09078,2890400000
1982,0.02451,6936900000
1983,0.00279,2119600000
1984,0.05706,1734200000
1985,0.04825,3372100000
1986,0.0387,11658000000
1987,0.03874,8382100000
1988,0.08112,3372100000
1989,0.04553,297230000000
1990,0.0713,1541500000
1991,0.08538,1926900000
1992,0.08905,8574800000
1993,0.10119,7515000000
1994,0.0387,2408700000
1995,0.05142,2505000000
1996,0.04491,1926900000
1997,0.05051,4913700000
1998,0.017,2216000000
1999,0.01681,7033300000
2000,0.02839,3468500000
