Name, ra, dec, type, V, B-V
10 LAC,	22 39 15.679,	+39 03 00.97,	O9V,	4.88,	-0.21
BD+21 0607,	04 14 35.516,	+22 21 04.25,	F2,	9.22,	0.44
FEIGE110,	23 19 58.400,	-05 09 56.17,	sdO,	11.83,	-0.30
G191B2B,	05 05 30.618,	+52 49 51.92,	DA.8,	11.781,	-0.33
GD71,	        05 52 27.620,	+15 53 13.23,	DA1.5,	13.032,	-0.25
HD37725,	05 41 54.370,	+29 17 50.96,	A3V,	8.31,	-0.19
HD55677,	07 14 31.290,	+13 51 36.79,	A4V,	9.41,	0.06
HD93521,	10 48 23.512,	+37 34 13.09,	O9Vp,	6.99,	-0.27
HD106252,	12 13 29.510,	+10 02 29.89,	G0,	7.36,	0.64
HD209458,	22 03 10.773,	+18 53 03.55,	G0V,	7.65,	0.59
HZ4,	        03 55 21.988,	+09 47 18.13,	DA3.4,	14.51,	0.09
LDS749B,	21 32 16.233,	+00 15 14.40,	DBQ4,	14.674,	-0.04
NGC2506G31,	08 00 14.212,	-10 47 29.47,	G1V,	17.9,	0.7
SIGMA ORI,	05 38 44.765,	-02 36 00.28,	O9.5V+B0.2V,	3.79,	-0.21
WD0148+467,	01 52 02.962,	+47 00 06.65,	DA3.6,	12.46,	0.06
WD0227+050,	02 30 16.628,	+05 15 50.70,	DA2.5,	12.80,	-0.05
WD0809+177,	08 12 37.809,	+17 37 01.43,	DA,	13.46,	 
