|      t |        U |        B |        V |        R |
|   0.11 |   7.0257 |   3.9105 |   1.3009 |  -0.2106 |
| 0.1105 |   7.1754 |   4.0489 |   1.4241 |    -0.09 |
|  0.111 |   7.3237 |    4.186 |   1.5499 |   0.0312 |
| 0.1115 |   7.4692 |   4.3217 |   1.6768 |   0.1524 |
|  0.112 |   7.6116 |   4.4558 |   1.8034 |   0.2723 |
| 0.1125 |   7.7514 |   4.5883 |   1.9283 |   0.3903 |
|  0.113 |   7.8896 |   4.7196 |   2.0518 |   0.5062 |
| 0.1135 |   8.0268 |   4.8501 |   2.1736 |   0.6202 |
|  0.114 |   8.1647 |   4.9798 |   2.2941 |   0.7323 |
| 0.1146 |   8.3012 |   5.1089 |   2.4127 |   0.8422 |
| 0.1151 |   8.4361 |   5.2384 |     2.53 |   0.9507 |
| 0.1156 |   8.5725 |   5.3682 |   2.6471 |   1.0588 |
| 0.1161 |   8.7093 |   5.4971 |   2.7632 |   1.1648 |
| 0.1166 |   8.8445 |   5.6279 |   2.8796 |   1.2713 |
| 0.1172 |   8.9821 |   5.7572 |   2.9954 |   1.3759 |
| 0.1177 |   9.1187 |   5.8886 |    3.112 |   1.4817 |
| 0.1182 |   9.2558 |   6.0193 |   3.2282 |    1.586 |
| 0.1188 |   9.3951 |   6.1504 |    3.345 |   1.6904 |
| 0.1193 |   9.5305 |   6.2838 |   3.4626 |   1.7963 |
| 0.1199 |   9.6707 |   6.4161 |   3.5804 |   1.9007 |
| 0.1204 |   9.8114 |   6.5491 |   3.6987 |   2.0052 |
| 0.1209 |   9.9473 |   6.6853 |   3.8185 |    2.113 |
| 0.1215 |  10.0878 |   6.8196 |   3.9379 |   2.2181 |
|  0.122 |  10.2299 |   6.9548 |   4.0581 |   2.3236 |
| 0.1226 |  10.3726 |   7.0905 |   4.1791 |   2.4294 |
| 0.1231 |  10.5099 |   7.2293 |   4.3015 |   2.5389 |
| 0.1237 |  10.6535 |   7.3666 |   4.4239 |   2.6456 |
| 0.1243 |  10.7977 |   7.5047 |   4.5471 |   2.7529 |
| 0.1248 |  10.9424 |   7.6435 |   4.6711 |   2.8606 |
| 0.1254 |  11.0835 |   7.7854 |   4.7969 |   2.9727 |
|  0.126 |   11.226 |   7.9271 |    4.923 |    3.084 |
| 0.1265 |  11.3714 |   8.0679 |   5.0492 |   3.1934 |
| 0.1271 |  11.5171 |   8.2095 |   5.1763 |   3.3034 |
| 0.1277 |  11.6632 |   8.3517 |   5.3041 |   3.4139 |
| 0.1282 |  11.8097 |   8.4946 |   5.4327 |   3.5249 |
| 0.1288 |  11.9565 |   8.6381 |   5.5621 |   3.6366 |
| 0.1294 |  12.1038 |   8.7824 |   5.6924 |    3.749 |
|   0.13 |  12.2513 |   8.9274 |   5.8235 |    3.862 |
| 0.1306 |  12.3993 |   9.0732 |   5.9556 |   3.9758 |
| 0.1312 |  12.5478 |   9.2198 |   6.0887 |   4.0904 |
| 0.1318 |  12.6966 |   9.3671 |   6.2226 |   4.2057 |
| 0.1324 |  12.8458 |   9.5152 |   6.3575 |   4.3218 |
|  0.133 |  12.9956 |   9.6643 |   6.4935 |   4.4389 |
| 0.1336 |  13.1458 |   9.8141 |   6.6304 |   4.5567 |
| 0.1342 |   13.296 |   9.9644 |   6.7681 |   4.6752 |
| 0.1348 |  13.4346 |  10.1202 |   6.9089 |   4.8087 |
| 0.1354 |  13.5749 |  10.2762 |   7.0505 |   4.9415 |
|  0.136 |  13.7257 |  10.4284 |    7.191 |   5.0625 |
| 0.1366 |  13.8769 |  10.5816 |   7.3326 |   5.1843 |
| 0.1372 |  14.0283 |  10.7355 |   7.4751 |   5.3071 |
| 0.1379 |  14.1799 |  10.8899 |   7.6185 |   5.4305 |
| 0.1385 |  14.3314 |  11.0445 |   7.7624 |   5.5546 |
| 0.1391 |  14.4833 |  11.1996 |   7.9072 |   5.6794 |
| 0.1397 |  14.6356 |  11.3554 |    8.053 |   5.8051 |
| 0.1404 |  14.7883 |  11.5117 |   8.1997 |   5.9315 |
|  0.141 |  14.9412 |  11.6686 |   8.3474 |   6.0586 |
| 0.1416 |  15.0941 |  11.8257 |   8.4959 |   6.1864 |
| 0.1423 |  15.2468 |  11.9829 |    8.645 |   6.3149 |
| 0.1429 |  15.3995 |  12.1404 |   8.7949 |   6.4441 |
| 0.1436 |  15.5522 |  12.2982 |   8.9456 |   6.5743 |
| 0.1442 |  15.7051 |  12.4561 |   9.0972 |   6.7053 |
| 0.1449 |  15.8581 |  12.6142 |   9.2496 |   6.8371 |
| 0.1455 |  16.0113 |  12.7722 |   9.4029 |   6.9698 |
| 0.1462 |  16.1646 |    12.93 |   9.5569 |   7.1034 |
| 0.1468 |  16.3179 |  13.0871 |   9.7118 |   7.2377 |
| 0.1475 |  16.4712 |  13.2434 |   9.8673 |   7.3727 |
| 0.1482 |  16.6244 |  13.3984 |  10.0235 |   7.5086 |
| 0.1489 |  16.7775 |  13.5517 |  10.1804 |   7.6455 |
| 0.1495 |    16.93 |   13.702 |  10.3377 |   7.7832 |
| 0.1502 |  17.0821 |  13.8487 |  10.4953 |   7.9217 |
| 0.1509 |  17.2336 |  13.9911 |  10.6531 |    8.061 |
| 0.1516 |  17.3844 |  14.1279 |   10.811 |   8.2011 |
| 0.1522 |  17.5343 |  14.2581 |  10.9687 |    8.342 |
| 0.1529 |  17.6826 |  14.3775 |  11.1257 |   8.4837 |
| 0.1536 |  17.8285 |  14.4832 |   11.281 |   8.6261 |
| 0.1543 |  17.9727 |  14.5781 |   11.435 |    8.769 |
|  0.155 |  18.1143 |  14.6588 |  11.5869 |   8.9127 |
| 0.1557 |  18.2506 |  14.7153 |  11.7339 |    9.057 |
| 0.1564 |  18.3831 |  14.7561 |   11.877 |    9.202 |
| 0.1571 |  18.5115 |  14.7804 |  12.0157 |   9.3475 |
| 0.1578 |  18.6299 |  14.7749 |  12.1428 |   9.4935 |
| 0.1586 |  18.7393 |  14.7504 |  12.2585 |   9.6395 |
| 0.1593 |  18.8422 |   14.712 |   12.366 |   9.7858 |
|   0.16 |  18.9292 |   14.652 |  12.4525 |   9.9316 |
| 0.1607 |  19.0096 |  14.5825 |    12.53 |  10.0775 |
| 0.1615 |  19.0668 |  14.4942 |  12.5766 |  10.2218 |
| 0.1622 |  19.1196 |  14.4017 |   12.617 |  10.3663 |
| 0.1629 |  19.1419 |  14.2945 |  12.6179 |   10.507 |
| 0.1637 |  19.1592 |  14.1854 |  12.6124 |  10.6473 |
| 0.1644 |   19.149 |  14.0682 |  12.5742 |  10.7819 |
| 0.1651 |  19.1296 |  13.9491 |  12.5258 |  10.9135 |
| 0.1659 |  19.0902 |  13.8262 |  12.4559 |  11.0381 |
| 0.1666 |  19.1613 |  13.6418 |  12.2903 |  11.1343 |
| 0.1674 |  19.3262 |  13.4052 |  12.0435 |  11.2065 |
| 0.1681 |  19.3012 |  13.2541 |  11.9052 |  11.2773 |
| 0.1689 |  19.2219 |  13.1267 |  11.7968 |  11.3468 |
| 0.1697 |  19.1279 |  12.9987 |  11.6779 |  11.3842 |
| 0.1704 |  19.0304 |  12.8702 |  11.5568 |  11.4109 |
| 0.1712 |  18.9252 |  12.7415 |  11.4309 |   11.412 |
|  0.172 |  18.8157 |  12.6128 |  11.3027 |  11.3933 |
| 0.1728 |  18.7028 |  12.4838 |  11.1726 |  11.3598 |
| 0.1735 |  18.5855 |  12.3553 |  11.0406 |  11.2986 |
| 0.1743 |  18.4666 |  12.2266 |   10.908 |  11.2282 |
| 0.1751 |  18.3455 |  12.0983 |  10.7747 |  11.1417 |
| 0.1759 |  18.2229 |  11.9703 |  10.6412 |  11.0432 |
| 0.1767 |  18.0995 |  11.8424 |  10.5074 |  10.9386 |
| 0.1775 |  17.9753 |   11.715 |  10.3739 |  10.8245 |
| 0.1783 |  17.8506 |  11.5883 |  10.2409 |  10.7048 |
| 0.1791 |  17.7255 |  11.4623 |  10.1083 |  10.5812 |
| 0.1799 |  17.6004 |   11.337 |   9.9766 |  10.4548 |
| 0.1807 |  17.4755 |  11.2127 |   9.8459 |  10.3268 |
| 0.1816 |  17.3515 |  11.0903 |   9.7172 |  10.1981 |
| 0.1824 |  17.2285 |  10.9695 |   9.5901 |  10.0694 |
| 0.1832 |  17.1073 |  10.8512 |   9.4652 |    9.941 |
|  0.184 |  16.9907 |   10.738 |   9.3452 |   9.8153 |
| 0.1849 |  16.8764 |  10.6274 |   9.2277 |   9.6911 |
| 0.1857 |  16.7636 |  10.5187 |   9.1119 |   9.5675 |
| 0.1865 |  16.6523 |  10.4114 |   8.9972 |   9.4442 |
| 0.1874 |   16.543 |  10.3061 |   8.8839 |   9.3216 |
| 0.1882 |  16.4351 |   10.202 |   8.7717 |   9.1994 |
| 0.1891 |  16.3286 |  10.0992 |   8.6603 |   9.0778 |
| 0.1899 |  16.2238 |   9.9977 |   8.5501 |   8.9572 |
| 0.1908 |  16.1201 |   9.8972 |   8.4408 |   8.8373 |
| 0.1917 |  16.0174 |   9.7975 |   8.3322 |   8.7182 |
| 0.1925 |  15.9153 |   9.6986 |   8.2244 |   8.5999 |
| 0.1934 |  15.8141 |   9.6005 |   8.1177 |   8.4826 |
| 0.1943 |  15.7135 |   9.5029 |   8.0116 |   8.3662 |
| 0.1952 |  15.6135 |    9.406 |   7.9063 |   8.2507 |
|  0.196 |  15.5143 |   9.3097 |   7.8017 |    8.136 |
| 0.1969 |  15.4159 |   9.2141 |    7.698 |   8.0224 |
| 0.1978 |   15.319 |   9.1198 |   7.5956 |   7.9103 |
| 0.1987 |  15.2222 |   9.0255 |   7.4934 |   7.7983 |
| 0.1996 |  15.1269 |   8.9325 |   7.3924 |   7.6878 |
| 0.2005 |  15.0322 |     8.84 |   7.2919 |   7.5777 |
| 0.2014 |  14.9384 |   8.7482 |   7.1922 |   7.4684 |
| 0.2023 |  14.8458 |   8.6575 |   7.0935 |   7.3601 |
| 0.2032 |  14.7536 |   8.5671 |    6.995 |    7.252 |
| 0.2042 |  14.6634 |   8.4785 |   6.8984 |   7.1458 |
| 0.2051 |  14.5737 |   8.3903 |   6.8022 |     7.04 |
|  0.206 |  14.4856 |   8.3036 |   6.7075 |   6.9357 |
|  0.207 |  14.3984 |   8.2177 |   6.6137 |   6.8322 |
| 0.2079 |  14.3128 |   8.1332 |   6.5213 |   6.7301 |
| 0.2088 |  14.2283 |   8.0498 |     6.43 |   6.6293 |
| 0.2098 |  14.1449 |   7.9673 |   6.3398 |   6.5294 |
| 0.2107 |  14.0628 |    7.886 |   6.2508 |   6.4309 |
| 0.2117 |  13.9812 |    7.805 |   6.1622 |   6.3328 |
| 0.2126 |  13.9011 |   7.7254 |   6.0751 |   6.2364 |
| 0.2136 |   13.821 |   7.6458 |    5.988 |   6.1399 |
| 0.2146 |  13.7429 |    7.568 |   5.9028 |   6.0457 |
| 0.2155 |  13.6644 |   7.4899 |   5.8173 |    5.951 |
| 0.2165 |  13.5876 |   7.4132 |   5.7334 |   5.8583 |
| 0.2175 |  13.5107 |   7.3365 |   5.6495 |   5.7655 |
| 0.2185 |  13.4314 |   7.2788 |   5.5936 |   5.6941 |
| 0.2195 |  13.3512 |   7.2263 |   5.5455 |   5.6287 |
| 0.2205 |  13.2756 |   7.1589 |   5.4747 |   5.5464 |
| 0.2215 |  13.2019 |   7.0848 |   5.3939 |   5.4566 |
| 0.2225 |  13.1287 |   7.0112 |   5.3136 |   5.3676 |
| 0.2235 |  13.0557 |   6.9377 |   5.2335 |   5.2789 |
| 0.2245 |   12.983 |   6.8643 |   5.1537 |   5.1905 |
| 0.2255 |  12.9105 |   6.7911 |    5.074 |   5.1026 |
| 0.2265 |  12.8382 |   6.7181 |   4.9945 |   5.0148 |
| 0.2275 |  12.7661 |   6.6452 |   4.9152 |   4.9275 |
| 0.2286 |  12.6941 |   6.5724 |    4.836 |   4.8402 |
| 0.2296 |  12.6221 |   6.4997 |   4.7568 |   4.7531 |
| 0.2306 |  12.5502 |    6.427 |   4.6778 |   4.6662 |
| 0.2317 |  12.4786 |   6.3548 |   4.5993 |   4.5797 |
| 0.2327 |  12.4068 |   6.2823 |   4.5203 |   4.4929 |
| 0.2338 |  12.3356 |   6.2104 |   4.4422 |   4.4068 |
| 0.2348 |  12.2643 |   6.1382 |   4.3638 |   4.3205 |
| 0.2359 |  12.1919 |    6.071 |   4.2927 |   4.2449 |
|  0.237 |  12.1187 |   6.0067 |   4.2261 |   4.1761 |
|  0.238 |   12.046 |   5.9392 |   4.1549 |   4.1008 |
| 0.2391 |   11.974 |   5.8659 |   4.0755 |   4.0139 |
| 0.2402 |  11.9014 |   5.7926 |    3.996 |   3.9271 |
| 0.2413 |  11.8292 |   5.7199 |   3.9175 |   3.8415 |
| 0.2424 |  11.7573 |   5.6476 |   3.8396 |   3.7567 |
| 0.2435 |  11.6852 |   5.5755 |    3.762 |   3.6724 |
| 0.2446 |  11.6133 |   5.5037 |   3.6849 |   3.5887 |
| 0.2457 |   11.542 |   5.4327 |   3.6087 |   3.5057 |
| 0.2468 |  11.4712 |   5.3623 |   3.5332 |   3.4235 |
| 0.2479 |  11.3998 |   5.2924 |   3.4585 |   3.3424 |
|  0.249 |  11.3267 |   5.2261 |   3.3892 |   3.2693 |
| 0.2502 |  11.2533 |   5.1595 |   3.3196 |   3.1959 |
| 0.2513 |  11.1845 |   5.0914 |   3.2466 |   3.1162 |
| 0.2524 |  11.1156 |   5.0231 |   3.1732 |   3.0358 |
| 0.2536 |   11.048 |   4.9561 |   3.1011 |   2.9568 |
| 0.2547 |  10.9806 |   4.8892 |   3.0292 |   2.8779 |
| 0.2559 |  10.9143 |   4.8234 |   2.9583 |   2.7999 |
|  0.257 |  10.8483 |   4.7579 |   2.8878 |   2.7224 |
| 0.2582 |  10.7828 |   4.6929 |   2.8177 |   2.6453 |
| 0.2594 |  10.7183 |   4.6288 |   2.7486 |   2.5692 |
| 0.2605 |  10.6537 |   4.5647 |   2.6795 |    2.493 |
| 0.2617 |  10.5904 |   4.5018 |   2.6117 |   2.4183 |
| 0.2629 |  10.5268 |   4.4387 |   2.5437 |   2.3432 |
| 0.2641 |  10.4645 |    4.377 |   2.4771 |   2.2698 |
| 0.2653 |  10.4021 |    4.315 |   2.4104 |   2.1962 |
| 0.2665 |  10.3409 |   4.2545 |   2.3451 |   2.1242 |
| 0.2677 |    10.28 |   4.1941 |   2.2801 |   2.0524 |
| 0.2689 |  10.2188 |   4.1335 |   2.2149 |   1.9804 |
| 0.2701 |  10.1588 |   4.0742 |    2.151 |   1.9099 |
| 0.2713 |  10.0993 |   4.0154 |   2.0877 |   1.8399 |
| 0.2726 |  10.0395 |   3.9562 |   2.0241 |   1.7696 |
| 0.2738 |   9.9808 |   3.8981 |   1.9617 |   1.7007 |
|  0.275 |   9.9224 |   3.8404 |   1.8997 |   1.6322 |
| 0.2763 |   9.8637 |   3.7825 |   1.8374 |   1.5635 |
| 0.2775 |   9.8058 |   3.7254 |   1.7763 |    1.496 |
| 0.2788 |   9.7482 |   3.6687 |   1.7154 |   1.4289 |
|   0.28 |   9.6903 |   3.6116 |   1.6543 |   1.3615 |
| 0.2813 |    9.633 |   3.5554 |   1.5943 |   1.2953 |
| 0.2826 |   9.5758 |   3.4994 |   1.5345 |   1.2295 |
| 0.2839 |   9.5184 |    3.443 |   1.4744 |   1.1633 |
| 0.2851 |   9.4618 |   3.3879 |   1.4158 |    1.099 |
| 0.2864 |   9.4053 |   3.3328 |   1.3573 |   1.0348 |
| 0.2877 |   9.3484 |   3.2775 |   1.2985 |   0.9702 |
|  0.289 |   9.2914 |    3.222 |   1.2395 |   0.9054 |
| 0.2903 |   9.2357 |   3.1681 |   1.1826 |   0.8431 |
| 0.2917 |   9.1799 |    3.114 |   1.1255 |   0.7804 |
|  0.293 |   9.1237 |   3.0596 |    1.068 |   0.7175 |
| 0.2943 |   9.0676 |   3.0052 |   1.0106 |   0.6547 |
| 0.2956 |   9.0123 |   2.9514 |   0.9539 |   0.5931 |
|  0.297 |   8.9569 |   2.8978 |   0.8974 |   0.5317 |
| 0.2983 |   8.9015 |   2.8446 |   0.8414 |   0.4709 |
| 0.2997 |   8.8458 |   2.7914 |   0.7855 |   0.4102 |
|  0.301 |    8.782 |   2.7339 |   0.7278 |   0.3502 |
| 0.3024 |    8.684 |    2.658 |   0.6618 |   0.2926 |
| 0.3038 |   8.5877 |   2.5763 |   0.5885 |   0.2217 |
| 0.3051 |   8.5286 |   2.5204 |   0.5314 |   0.1601 |
| 0.3065 |   8.4689 |   2.4642 |    0.473 |   0.0961 |
| 0.3079 |   8.4091 |   2.4094 |   0.4159 |   0.0341 |
| 0.3093 |   8.3495 |   2.3561 |   0.3607 |  -0.0256 |
| 0.3107 |     8.29 |    2.303 |   0.3061 |  -0.0847 |
| 0.3121 |   8.2317 |   2.2503 |   0.2522 |  -0.1425 |
| 0.3135 |    8.169 |   2.1944 |   0.1976 |  -0.1993 |
| 0.3149 |   8.1035 |   2.1354 |    0.141 |  -0.2571 |
| 0.3163 |   8.0466 |    2.083 |   0.0881 |  -0.3136 |
| 0.3178 |   7.9888 |   2.0301 |   0.0346 |  -0.3712 |
| 0.3192 |   7.9312 |   1.9775 |  -0.0187 |  -0.4284 |
| 0.3207 |   7.8734 |   1.9253 |  -0.0716 |  -0.4852 |
| 0.3221 |   7.8163 |   1.8738 |  -0.1238 |   -0.541 |
| 0.3236 |   7.7594 |   1.8226 |  -0.1756 |  -0.5965 |
|  0.325 |   7.7034 |    1.772 |  -0.2267 |   -0.651 |
| 0.3265 |   7.6442 |   1.7194 |  -0.2785 |  -0.7051 |
|  0.328 |   7.5798 |   1.6634 |  -0.3316 |  -0.7588 |
| 0.3295 |   7.5204 |   1.6102 |  -0.3842 |  -0.8147 |
|  0.331 |    7.464 |   1.5583 |  -0.4369 |  -0.8711 |
| 0.3325 |   7.4071 |   1.5062 |  -0.4891 |  -0.9268 |
|  0.334 |   7.3488 |   1.4541 |  -0.5407 |  -0.9818 |
| 0.3355 |   7.2927 |   1.4034 |  -0.5919 |  -1.0373 |
|  0.337 |   7.2366 |   1.3526 |  -0.6432 |  -1.0929 |
| 0.3385 |   7.1812 |    1.302 |  -0.6944 |  -1.1482 |
|   0.34 |   7.1263 |   1.2518 |  -0.7453 |  -1.2033 |
| 0.3416 |   7.0721 |   1.2019 |   -0.796 |   -1.258 |
| 0.3431 |    7.018 |   1.1522 |  -0.8465 |  -1.3127 |
| 0.3447 |   6.9643 |   1.1028 |  -0.8967 |  -1.3671 |
| 0.3462 |   6.9108 |   1.0534 |  -0.9469 |  -1.4214 |
| 0.3478 |   6.8572 |   1.0042 |  -0.9969 |  -1.4757 |
| 0.3494 |   6.8038 |    0.955 |  -1.0468 |  -1.5297 |
|  0.351 |   6.7506 |   0.9061 |  -1.0965 |  -1.5835 |
| 0.3525 |   6.6973 |   0.8571 |  -1.1462 |  -1.6374 |
| 0.3541 |   6.6444 |   0.8085 |  -1.1955 |  -1.6908 |
| 0.3557 |   6.5915 |   0.7599 |  -1.2448 |  -1.7442 |
| 0.3574 |   6.5388 |   0.7115 |  -1.2939 |  -1.7973 |
|  0.359 |   6.4863 |   0.6633 |  -1.3427 |  -1.8501 |
| 0.3606 |   6.4339 |   0.6152 |  -1.3914 |  -1.9029 |
| 0.3622 |   6.3819 |   0.5676 |  -1.4397 |  -1.9552 |
| 0.3639 |   6.3301 |     0.52 |   -1.488 |  -2.0074 |
| 0.3655 |   6.2786 |   0.4728 |  -1.5358 |  -2.0593 |
| 0.3672 |   6.2269 |   0.4253 |  -1.5839 |  -2.1114 |
| 0.3688 |   6.1381 |    0.351 |  -1.6463 |  -2.1667 |
| 0.3705 |   6.0847 |   0.3021 |  -1.6954 |  -2.2199 |
| 0.3722 |   6.0324 |   0.2543 |  -1.7436 |  -2.2721 |
| 0.3739 |   5.9791 |   0.2061 |  -1.7923 |  -2.3248 |
| 0.3755 |   5.9261 |   0.1579 |  -1.8409 |  -2.3771 |
| 0.3772 |   5.8745 |   0.1107 |  -1.8883 |  -2.4279 |
|  0.379 |   5.8235 |   0.0642 |  -1.9346 |  -2.4779 |
| 0.3807 |   5.7723 |   0.0177 |   -1.981 |  -2.5278 |
| 0.3824 |   5.7212 |  -0.0286 |  -2.0273 |  -2.5776 |
| 0.3841 |   5.6704 |  -0.0746 |  -2.0734 |  -2.6271 |
| 0.3859 |   5.6202 |  -0.1202 |  -2.1192 |  -2.6763 |
| 0.3876 |   5.5704 |  -0.1655 |  -2.1647 |  -2.7251 |
| 0.3894 |   5.5212 |  -0.2103 |  -2.2098 |  -2.7735 |
| 0.3911 |   5.4724 |  -0.2548 |  -2.2545 |  -2.8216 |
| 0.3929 |    5.424 |   -0.299 |  -2.2989 |  -2.8695 |
| 0.3947 |   5.3757 |   -0.343 |  -2.3431 |  -2.9171 |
| 0.3965 |   5.3277 |  -0.3869 |  -2.3872 |  -2.9646 |
| 0.3982 |     5.28 |  -0.4305 |   -2.431 |  -3.0118 |
| 0.4001 |   5.2325 |  -0.4738 |  -2.4746 |  -3.0587 |
| 0.4019 |   5.1855 |  -0.5169 |  -2.5178 |  -3.1053 |
| 0.4037 |   5.1388 |  -0.5596 |  -2.5608 |  -3.1516 |
| 0.4055 |   5.0927 |  -0.6019 |  -2.6034 |  -3.1974 |
| 0.4073 |   5.0117 |  -0.6664 |  -2.6593 |  -3.2469 |
| 0.4092 |   4.9641 |  -0.7096 |  -2.7023 |  -3.2933 |
|  0.411 |    4.916 |  -0.7525 |  -2.7455 |  -3.3401 |
| 0.4129 |   4.8706 |  -0.7944 |   -2.788 |  -3.3854 |
| 0.4148 |   4.8273 |  -0.8352 |  -2.8289 |   -3.429 |
| 0.4166 |    4.784 |  -0.8758 |  -2.8697 |  -3.4727 |
| 0.4185 |   4.7407 |  -0.9162 |  -2.9103 |   -3.516 |
| 0.4204 |    4.698 |  -0.9558 |  -2.9499 |  -3.5585 |
| 0.4223 |   4.6562 |  -0.9944 |  -2.9888 |  -3.6001 |
| 0.4242 |   4.6152 |  -1.0324 |  -3.0272 |  -3.6413 |
| 0.4262 |   4.5749 |  -1.0699 |  -3.0653 |  -3.6821 |
| 0.4281 |   4.5351 |  -1.1072 |  -3.1032 |  -3.7228 |
|   0.43 |   4.4958 |  -1.1442 |   -3.141 |  -3.7633 |
|  0.432 |   4.4566 |  -1.1812 |  -3.1787 |  -3.8037 |
| 0.4339 |   4.4177 |  -1.2181 |  -3.2162 |   -3.844 |
| 0.4359 |   4.3789 |  -1.2548 |  -3.2537 |  -3.8842 |
| 0.4379 |   4.3405 |  -1.2913 |  -3.2909 |  -3.9241 |
| 0.4398 |   4.3023 |  -1.3277 |  -3.3281 |  -3.9641 |
| 0.4418 |   4.2644 |   -1.364 |  -3.3652 |   -4.004 |
| 0.4438 |   4.2267 |  -1.4003 |  -3.4023 |   -4.044 |
| 0.4458 |   4.1892 |  -1.4365 |  -3.4393 |  -4.0839 |
| 0.4478 |   4.1518 |  -1.4726 |  -3.4761 |  -4.1236 |
| 0.4499 |   4.1147 |  -1.5086 |  -3.5129 |  -4.1632 |
| 0.4519 |   4.0437 |  -1.5644 |  -3.5636 |  -4.2085 |
|  0.454 |   4.0028 |  -1.6034 |  -3.6029 |  -4.2499 |
|  0.456 |   3.9618 |  -1.6427 |  -3.6425 |  -4.2923 |
| 0.4581 |   3.9225 |  -1.6804 |  -3.6808 |  -4.3332 |
| 0.4601 |   3.8867 |  -1.7158 |  -3.7167 |  -4.3709 |
| 0.4622 |   3.8503 |   -1.751 |  -3.7519 |  -4.4085 |
| 0.4643 |   3.8124 |  -1.7871 |  -3.7879 |   -4.447 |
| 0.4664 |   3.7745 |  -1.8232 |  -3.8241 |  -4.4857 |
| 0.4685 |   3.7374 |  -1.8587 |  -3.8598 |  -4.5238 |
| 0.4706 |   3.7011 |  -1.8935 |   -3.895 |  -4.5613 |
| 0.4728 |   3.6655 |  -1.9277 |  -3.9296 |  -4.5982 |
| 0.4749 |   3.6301 |  -1.9616 |  -3.9639 |  -4.6348 |
| 0.4771 |    3.595 |  -1.9953 |  -3.9981 |  -4.6712 |
| 0.4792 |   3.5599 |   -2.029 |  -4.0323 |  -4.7074 |
| 0.4814 |   3.5249 |  -2.0625 |  -4.0664 |  -4.7436 |
| 0.4836 |   3.4901 |  -2.0959 |  -4.1003 |  -4.7796 |
| 0.4858 |   3.4554 |   -2.129 |   -4.134 |  -4.8154 |
|  0.488 |    3.421 |   -2.162 |  -4.1675 |  -4.8511 |
| 0.4902 |   3.3867 |  -2.1949 |   -4.201 |  -4.8868 |
| 0.4924 |   3.3526 |  -2.2276 |  -4.2343 |  -4.9225 |
| 0.4946 |   3.3187 |  -2.2602 |  -4.2676 |  -4.9581 |
| 0.4968 |    3.285 |  -2.2926 |  -4.3007 |  -4.9936 |
| 0.4991 |   3.2516 |  -2.3248 |  -4.3337 |  -5.0289 |
| 0.5014 |   3.2185 |  -2.3568 |  -4.3666 |  -5.0641 |
| 0.5036 |   3.1538 |  -2.4074 |  -4.4134 |  -5.1066 |
| 0.5059 |   3.1183 |   -2.442 |  -4.4486 |  -5.1441 |
| 0.5082 |    3.083 |  -2.4763 |  -4.4834 |  -5.1819 |
| 0.5105 |    3.049 |  -2.5103 |  -4.5186 |  -5.2186 |
| 0.5128 |   3.0147 |  -2.5432 |  -4.5522 |  -5.2536 |
| 0.5151 |    2.976 |  -2.5779 |  -4.5866 |  -5.2875 |
| 0.5174 |   2.9444 |  -2.6085 |  -4.6172 |  -5.3204 |
| 0.5198 |   2.9113 |  -2.6399 |  -4.6486 |  -5.3542 |
| 0.5221 |    2.878 |  -2.6716 |  -4.6804 |  -5.3882 |
| 0.5245 |   2.8452 |  -2.7029 |  -4.7121 |  -5.4219 |
| 0.5269 |   2.8128 |  -2.7341 |  -4.7437 |  -5.4554 |
| 0.5293 |   2.7806 |  -2.7652 |  -4.7752 |  -5.4888 |
| 0.5317 |   2.7482 |  -2.7965 |  -4.8067 |  -5.5223 |
| 0.5341 |   2.7156 |  -2.8279 |  -4.8385 |   -5.556 |
| 0.5365 |   2.6827 |  -2.8595 |  -4.8704 |  -5.5897 |
| 0.5389 |   2.6496 |  -2.8912 |  -4.9022 |  -5.6234 |
| 0.5413 |   2.6164 |  -2.9227 |  -4.9338 |  -5.6567 |
| 0.5438 |   2.5833 |   -2.954 |  -4.9651 |  -5.6898 |
| 0.5463 |   2.5503 |  -2.9851 |  -4.9962 |  -5.7226 |
| 0.5487 |   2.5172 |  -3.0162 |  -5.0272 |  -5.7553 |
| 0.5512 |   2.4842 |  -3.0472 |  -5.0581 |  -5.7879 |
| 0.5537 |   2.4513 |  -3.0781 |  -5.0888 |  -5.8204 |
| 0.5562 |   2.4184 |   -3.109 |  -5.1195 |  -5.8529 |
| 0.5587 |   2.3857 |  -3.1398 |  -5.1501 |   -5.885 |
| 0.5613 |    2.353 |  -3.1706 |  -5.1805 |   -5.917 |
| 0.5638 |   2.3204 |  -3.2012 |  -5.2108 |  -5.9489 |
| 0.5663 |   2.2877 |  -3.2318 |  -5.2411 |  -5.9806 |
| 0.5689 |   2.2549 |  -3.2624 |  -5.2712 |  -6.0123 |
| 0.5715 |   2.2221 |  -3.2929 |  -5.3013 |  -6.0439 |
| 0.5741 |   2.1891 |  -3.3235 |  -5.3313 |  -6.0753 |
| 0.5767 |   2.1561 |  -3.3541 |  -5.3613 |  -6.1067 |
| 0.5793 |   2.1231 |  -3.3846 |  -5.3912 |   -6.138 |
| 0.5819 |   2.0901 |  -3.4151 |   -5.421 |  -6.1692 |
| 0.5845 |   2.0571 |  -3.4456 |  -5.4507 |  -6.2003 |
| 0.5872 |    2.024 |  -3.4762 |  -5.4804 |  -6.2313 |
| 0.5898 |   1.9907 |  -3.5068 |  -5.5101 |  -6.2624 |
| 0.5925 |   1.9571 |  -3.5376 |  -5.5399 |  -6.2934 |
| 0.5952 |   1.9233 |  -3.5684 |  -5.5696 |  -6.3244 |
| 0.5979 |   1.8892 |  -3.5994 |  -5.5994 |  -6.3554 |
| 0.6006 |   1.8549 |  -3.6305 |  -5.6291 |  -6.3864 |
| 0.6033 |   1.8204 |  -3.6616 |  -5.6589 |  -6.4173 |
|  0.606 |   1.7858 |  -3.6928 |  -5.6887 |  -6.4482 |
| 0.6088 |   1.6901 |  -3.7605 |  -5.7438 |  -6.4946 |
| 0.6115 |   1.6462 |  -3.7993 |  -5.7811 |  -6.5316 |
| 0.6143 |   1.6069 |  -3.8346 |  -5.8131 |  -6.5641 |
| 0.6171 |    1.568 |  -3.8703 |  -5.8477 |  -6.5989 |
| 0.6199 |   1.5265 |  -3.9058 |  -5.8788 |  -6.6305 |
| 0.6227 |    1.489 |  -3.9387 |  -5.9099 |  -6.6617 |
| 0.6255 |   1.4483 |  -3.9731 |  -5.9405 |  -6.6928 |
| 0.6283 |   1.4102 |  -4.0055 |  -5.9701 |  -6.7219 |
| 0.6311 |   1.3716 |  -4.0385 |   -5.999 |  -6.7513 |
|  0.634 |   1.3321 |  -4.0713 |  -6.0289 |  -6.7814 |
| 0.6369 |    1.295 |  -4.1035 |  -6.0583 |  -6.8109 |
| 0.6398 |   1.2575 |  -4.1354 |  -6.0875 |  -6.8403 |
| 0.6427 |   1.2201 |  -4.1669 |  -6.1165 |  -6.8693 |
| 0.6456 |   1.1824 |  -4.1988 |  -6.1458 |  -6.8986 |
| 0.6485 |   1.1224 |  -4.2443 |  -6.1847 |  -6.9331 |
| 0.6514 |   1.0824 |  -4.2779 |  -6.2154 |   -6.964 |
| 0.6544 |   1.0406 |  -4.3129 |  -6.2475 |  -6.9967 |
| 0.6573 |   0.9995 |  -4.3476 |  -6.2787 |  -7.0281 |
| 0.6603 |   0.9499 |  -4.3867 |  -6.3136 |  -7.0615 |
| 0.6633 |   0.9087 |  -4.4212 |  -6.3443 |  -7.0915 |
| 0.6663 |   0.8665 |  -4.4557 |  -6.3756 |  -7.1225 |
| 0.6693 |   0.8264 |  -4.4895 |  -6.4054 |  -7.1522 |
| 0.6723 |   0.7843 |  -4.5237 |  -6.4358 |  -7.1824 |
| 0.6754 |   0.7434 |  -4.5574 |  -6.4655 |  -7.2116 |
| 0.6784 |   0.7008 |  -4.5922 |   -6.496 |   -7.242 |
| 0.6815 |   0.6587 |  -4.6264 |  -6.5266 |  -7.2721 |
| 0.6846 |   0.6175 |  -4.6601 |  -6.5566 |  -7.3015 |
| 0.6877 |   0.5763 |  -4.6937 |  -6.5863 |  -7.3308 |
| 0.6908 |   0.5349 |  -4.7274 |  -6.6162 |  -7.3603 |
| 0.6939 |   0.4931 |  -4.7614 |  -6.6463 |    -7.39 |
| 0.6971 |   0.4512 |  -4.7955 |  -6.6764 |  -7.4199 |
| 0.7002 |    0.409 |  -4.8297 |  -6.7065 |  -7.4497 |
| 0.7034 |   0.3667 |   -4.864 |  -6.7367 |  -7.4794 |
| 0.7066 |   0.3216 |  -4.8997 |  -6.7678 |  -7.5095 |
| 0.7098 |    0.256 |  -4.9461 |  -6.8059 |  -7.5421 |
|  0.713 |   0.2126 |  -4.9812 |  -6.8366 |  -7.5722 |
| 0.7162 |   0.1687 |  -5.0166 |  -6.8677 |  -7.6025 |
| 0.7194 |   0.1241 |  -5.0524 |  -6.8991 |  -7.6331 |
| 0.7227 |   0.0786 |  -5.0886 |  -6.9307 |   -7.664 |
|  0.726 |   0.0324 |  -5.1251 |  -6.9624 |   -7.695 |
| 0.7292 |  -0.0144 |  -5.1616 |   -6.994 |  -7.7259 |
| 0.7325 |  -0.0615 |  -5.1981 |  -7.0255 |  -7.7566 |
| 0.7359 |  -0.1084 |  -5.2344 |  -7.0567 |  -7.7869 |
| 0.7392 |  -0.1552 |  -5.2706 |  -7.0876 |  -7.8168 |
| 0.7425 |  -0.2018 |  -5.3065 |  -7.1183 |  -7.8463 |
| 0.7459 |  -0.2481 |  -5.3422 |  -7.1486 |  -7.8755 |
| 0.7493 |  -0.3199 |  -5.3922 |  -7.1888 |  -7.9091 |
| 0.7527 |  -0.3677 |  -5.4286 |  -7.2196 |  -7.9389 |
| 0.7561 |  -0.4174 |  -5.4663 |  -7.2518 |  -7.9702 |
| 0.7595 |  -0.4648 |  -5.5018 |  -7.2809 |  -7.9982 |
| 0.7629 |  -0.5142 |  -5.5387 |  -7.3117 |  -8.0279 |
| 0.7664 |  -0.5647 |  -5.5762 |  -7.3437 |  -8.0584 |
| 0.7698 |  -0.6201 |  -5.6155 |  -7.3753 |  -8.0869 |
| 0.7733 |  -0.6755 |  -5.6548 |  -7.4071 |  -8.1163 |
| 0.7768 |  -0.7251 |  -5.6919 |  -7.4379 |  -8.1459 |
| 0.7803 |  -0.7753 |  -5.7287 |  -7.4689 |  -8.1751 |
| 0.7839 |  -0.8247 |  -5.7655 |  -7.4994 |  -8.2041 |
| 0.7874 |  -0.8751 |  -5.8024 |  -7.5302 |  -8.2335 |
|  0.791 |  -0.9251 |  -5.8389 |  -7.5608 |  -8.2626 |
| 0.7946 |  -0.9757 |  -5.8758 |  -7.5912 |  -8.2919 |
| 0.7981 |  -1.0268 |  -5.9125 |  -7.6217 |  -8.3211 |
| 0.8018 |  -1.0778 |  -5.9495 |  -7.6523 |  -8.3504 |
| 0.8054 |  -1.1291 |  -5.9866 |  -7.6828 |  -8.3797 |
|  0.809 |  -1.1803 |  -6.0235 |  -7.7133 |  -8.4086 |
| 0.8127 |  -1.2316 |  -6.0605 |  -7.7438 |  -8.4377 |
| 0.8164 |  -1.3075 |  -6.1091 |  -7.7801 |  -8.4678 |
| 0.8201 |  -1.3589 |  -6.1463 |  -7.8107 |  -8.4968 |
| 0.8238 |  -1.4106 |  -6.1836 |  -7.8416 |  -8.5259 |
| 0.8275 |  -1.4625 |  -6.2212 |  -7.8727 |  -8.5551 |
| 0.8312 |   -1.515 |  -6.2589 |  -7.9038 |  -8.5844 |
|  0.835 |   -1.568 |  -6.2968 |  -7.9351 |  -8.6139 |
| 0.8388 |  -1.6215 |  -6.3348 |  -7.9663 |  -8.6435 |
| 0.8426 |  -1.6755 |  -6.3729 |  -7.9975 |  -8.6732 |
| 0.8464 |  -1.7296 |   -6.411 |  -8.0285 |  -8.7027 |
| 0.8502 |  -1.7838 |  -6.4492 |  -8.0595 |  -8.7321 |
| 0.8541 |  -1.8379 |  -6.4873 |  -8.0904 |  -8.7613 |
| 0.8579 |  -1.8916 |  -6.5254 |  -8.1211 |  -8.7901 |
| 0.8618 |  -1.9451 |  -6.5632 |  -8.1517 |  -8.8187 |
| 0.8657 |  -1.9985 |  -6.6009 |  -8.1821 |  -8.8471 |
| 0.8696 |  -2.0704 |  -6.6473 |  -8.2165 |   -8.876 |
| 0.8736 |  -2.1338 |  -6.6895 |  -8.2489 |  -8.9046 |
| 0.8775 |  -2.1876 |  -6.7271 |  -8.2791 |   -8.933 |
| 0.8815 |  -2.2417 |  -6.7648 |  -8.3095 |  -8.9615 |
| 0.8855 |  -2.2959 |  -6.8027 |    -8.34 |  -8.9901 |
| 0.8895 |  -2.3503 |  -6.8407 |  -8.3707 |  -9.0188 |
| 0.8935 |  -2.4049 |  -6.8788 |  -8.4014 |  -9.0477 |
| 0.8975 |  -2.4598 |  -6.9172 |  -8.4322 |  -9.0766 |
| 0.9016 |  -2.5189 |  -6.9575 |  -8.4639 |  -9.1058 |
| 0.9057 |  -2.5873 |  -7.0022 |  -8.4973 |  -9.1352 |
| 0.9098 |  -2.6432 |  -7.0413 |  -8.5288 |  -9.1645 |
| 0.9139 |  -2.6997 |  -7.0807 |  -8.5606 |  -9.1939 |
|  0.918 |  -2.7565 |    -7.12 |  -8.5922 |  -9.2233 |
| 0.9222 |  -2.8131 |   -7.159 |  -8.6232 |  -9.2523 |
| 0.9264 |  -2.8693 |  -7.1972 |  -8.6531 |  -9.2803 |
| 0.9306 |  -2.9259 |  -7.2355 |   -8.683 |  -9.3084 |
| 0.9348 |  -2.9826 |  -7.2739 |  -8.7134 |  -9.3366 |
|  0.939 |  -3.0383 |  -7.3115 |  -8.7431 |   -9.364 |
| 0.9432 |  -3.0934 |  -7.3486 |   -8.772 |  -9.3908 |
| 0.9475 |  -3.1487 |  -7.3859 |  -8.8012 |  -9.4179 |
| 0.9518 |  -3.2052 |  -7.4237 |  -8.8307 |  -9.4452 |
| 0.9561 |  -3.2801 |  -7.4703 |  -8.8639 |   -9.472 |
| 0.9604 |  -3.3344 |  -7.5068 |  -8.8928 |   -9.499 |
| 0.9648 |   -3.389 |  -7.5435 |  -8.9219 |  -9.5262 |
| 0.9691 |  -3.4468 |  -7.5817 |  -8.9516 |  -9.5535 |
| 0.9735 |  -3.5068 |  -7.6207 |  -8.9814 |  -9.5805 |
| 0.9779 |   -3.562 |  -7.6571 |  -9.0102 |  -9.6073 |
| 0.9824 |  -3.6217 |  -7.6959 |  -9.0398 |  -9.6342 |
| 0.9868 |   -3.677 |  -7.7324 |  -9.0687 |  -9.6612 |
| 0.9913 |  -3.7323 |  -7.7691 |  -9.0978 |  -9.6883 |
| 0.9957 |  -3.7878 |  -7.8057 |   -9.127 |  -9.7154 |
| 1.0003 |  -3.8433 |  -7.8424 |  -9.1562 |  -9.7424 |
| 1.0048 |  -3.8991 |  -7.8792 |  -9.1854 |  -9.7694 |
| 1.0093 |  -3.9551 |   -7.916 |  -9.2147 |  -9.7965 |
| 1.0139 |  -4.0113 |  -7.9529 |   -9.244 |  -9.8236 |
| 1.0185 |  -4.0679 |    -7.99 |  -9.2735 |  -9.8508 |
| 1.0231 |  -4.1247 |  -8.0273 |   -9.303 |  -9.8781 |
| 1.0277 |  -4.1816 |  -8.0646 |  -9.3326 |  -9.9054 |
| 1.0324 |  -4.2387 |  -8.1021 |  -9.3622 |  -9.9327 |
|  1.037 |  -4.2959 |  -8.1395 |  -9.3918 |  -9.9599 |
| 1.0417 |  -4.3717 |  -8.1875 |  -9.4241 |  -9.9866 |
| 1.0464 |  -4.4328 |  -8.2282 |  -9.4568 | -10.0153 |
| 1.0512 |  -4.4934 |  -8.2674 |  -9.4873 | -10.0428 |
| 1.0559 |  -4.5531 |  -8.3065 |  -9.5189 | -10.0718 |
| 1.0607 |  -4.6125 |  -8.3451 |  -9.5488 | -10.0998 |
| 1.0655 |  -4.6702 |  -8.3824 |  -9.5776 |  -10.126 |
| 1.0703 |  -4.7288 |  -8.4203 |  -9.6069 | -10.1526 |
| 1.0752 |  -4.7873 |   -8.459 |  -9.6366 |   -10.18 |
|   1.08 |  -4.8463 |  -8.4973 |  -9.6671 | -10.2073 |
| 1.0849 |  -4.9042 |  -8.5358 |   -9.697 | -10.2347 |
| 1.0898 |  -4.9624 |  -8.5733 |  -9.7267 | -10.2613 |
| 1.0948 |  -5.0202 |   -8.611 |  -9.7559 | -10.2878 |
| 1.0997 |  -5.0844 |  -8.6511 |  -9.7853 | -10.3121 |
| 1.1047 |  -5.1499 |  -8.6924 |  -9.8146 | -10.3365 |
| 1.1097 |  -5.2068 |  -8.7296 |  -9.8433 | -10.3628 |
| 1.1147 |  -5.2643 |  -8.7673 |   -9.873 | -10.3899 |
| 1.1198 |  -5.3222 |  -8.8052 |  -9.9028 | -10.4171 |
| 1.1248 |  -5.3801 |  -8.8432 |  -9.9327 | -10.4444 |
| 1.1299 |  -5.4384 |  -8.8814 |  -9.9627 | -10.4717 |
|  1.135 |  -5.4967 |  -8.9196 |  -9.9927 | -10.4989 |
| 1.1402 |  -5.5553 |   -8.958 | -10.0227 |  -10.526 |
| 1.1453 |   -5.614 |  -8.9964 | -10.0528 | -10.5531 |
| 1.1505 |  -5.6729 |   -9.035 |  -10.083 | -10.5803 |
| 1.1557 |  -5.7319 |  -9.0737 | -10.1132 | -10.6074 |
| 1.1609 |   -5.791 |  -9.1123 | -10.1433 | -10.6345 |
| 1.1662 |  -5.8501 |  -9.1509 | -10.1734 | -10.6614 |
| 1.1715 |  -5.9092 |  -9.1894 | -10.2033 | -10.6881 |
| 1.1768 |  -5.9682 |  -9.2279 | -10.2332 | -10.7148 |
| 1.1821 |  -6.0271 |  -9.2663 |  -10.263 | -10.7414 |
| 1.1874 |  -6.0859 |  -9.3046 | -10.2927 | -10.7678 |
| 1.1928 |  -6.1445 |  -9.3428 | -10.3222 | -10.7941 |
| 1.1982 |  -6.2028 |  -9.3807 | -10.3515 | -10.8202 |
| 1.2036 |  -6.2608 |  -9.4184 | -10.3807 |  -10.846 |
| 1.2091 |  -6.3186 |  -9.4559 | -10.4098 | -10.8717 |
| 1.2145 |  -6.3762 |  -9.4934 | -10.4388 | -10.8973 |
|   1.22 |  -6.4337 |  -9.5307 | -10.4678 | -10.9229 |
| 1.2256 |  -6.4909 |   -9.568 | -10.4968 | -10.9484 |
| 1.2311 |  -6.5482 |  -9.6052 | -10.5257 | -10.9738 |
| 1.2367 |   -6.629 |  -9.6567 | -10.5593 | -10.9975 |
| 1.2423 |  -6.6992 |  -9.7018 | -10.5908 | -11.0219 |
| 1.2479 |  -6.7562 |   -9.739 | -10.6197 | -11.0473 |
| 1.2535 |  -6.8133 |  -9.7763 | -10.6488 | -11.0727 |
| 1.2592 |  -6.8704 |  -9.8135 | -10.6778 | -11.0981 |
| 1.2649 |  -6.9276 |  -9.8509 |  -10.707 | -11.1236 |
| 1.2706 |  -6.9849 |  -9.8882 | -10.7361 |  -11.149 |
| 1.2764 |  -7.0422 |  -9.9255 | -10.7653 | -11.1744 |
| 1.2822 |  -7.0995 |  -9.9627 | -10.7943 | -11.1996 |
|  1.288 |   -7.157 |  -9.9999 | -10.8233 | -11.2247 |
| 1.2938 |  -7.2144 | -10.0369 | -10.8521 | -11.2496 |
| 1.2996 |  -7.2718 | -10.0738 | -10.8808 | -11.2744 |
| 1.3055 |  -7.3292 | -10.1106 | -10.9093 | -11.2988 |
| 1.3114 |  -7.3864 | -10.1471 | -10.9376 | -11.3231 |
| 1.3174 |  -7.4434 | -10.1834 | -10.9657 |  -11.347 |
| 1.3233 |  -7.5002 | -10.2194 | -10.9935 | -11.3707 |
| 1.3293 |  -7.5566 |  -10.255 | -11.0209 |  -11.394 |
| 1.3353 |  -7.6126 | -10.2903 | -11.0481 |  -11.417 |
| 1.3414 |  -7.6682 | -10.3252 | -11.0751 | -11.4398 |
| 1.3474 |  -7.7234 | -10.3599 | -11.1018 | -11.4624 |
| 1.3535 |  -7.7784 | -10.3945 | -11.1285 | -11.4849 |
| 1.3597 |  -7.8331 | -10.4289 | -11.1552 | -11.5075 |
| 1.3658 |  -7.8875 | -10.4632 | -11.1818 |   -11.53 |
|  1.372 |  -7.9418 | -10.4975 | -11.2085 | -11.5527 |
| 1.3782 |  -7.9959 | -10.5318 | -11.2352 | -11.5755 |
| 1.3844 |    -8.05 | -10.5661 |  -11.262 | -11.5984 |
| 1.3907 |   -8.156 | -10.6235 | -11.3063 | -11.6212 |
|  1.397 |  -8.2104 | -10.6573 | -11.3306 | -11.6435 |
| 1.4033 |  -8.2571 | -10.6882 | -11.3526 | -11.6648 |
| 1.4097 |  -8.3142 | -10.7256 | -11.3836 | -11.6922 |
|  1.416 |  -8.3735 | -10.7658 | -11.4146 | -11.7212 |
| 1.4224 |  -8.4396 | -10.8042 | -11.4444 | -11.7448 |
| 1.4289 |  -8.4954 | -10.8396 | -11.4712 | -11.7667 |
| 1.4353 |  -8.5475 | -10.8705 | -11.4953 | -11.7856 |
| 1.4418 |  -8.5999 | -10.9025 | -11.5199 | -11.8055 |
| 1.4484 |    -8.65 | -10.9321 | -11.5437 | -11.8239 |
| 1.4549 |  -8.7003 | -10.9614 | -11.5671 |  -11.842 |
| 1.4615 |   -8.751 | -10.9919 | -11.5909 | -11.8617 |
| 1.4681 |  -8.8038 | -11.0265 | -11.6174 | -11.8846 |
| 1.4748 |  -8.8566 | -11.0602 | -11.6442 | -11.9073 |
| 1.4814 |  -8.9081 | -11.0929 | -11.6704 | -11.9299 |
| 1.4881 |  -8.9591 | -11.1253 | -11.6965 | -11.9521 |
| 1.4949 |  -9.0095 | -11.1568 | -11.7222 | -11.9735 |
| 1.5016 |  -9.0596 | -11.1881 | -11.7476 |  -11.995 |
| 1.5084 |  -9.1098 | -11.2199 | -11.7732 | -12.0168 |
| 1.5152 |  -9.1601 |  -11.252 | -11.7992 |  -12.039 |
| 1.5221 |  -9.2103 | -11.2842 | -11.8253 | -12.0615 |
|  1.529 |  -9.2603 | -11.3162 | -11.8513 | -12.0837 |
| 1.5359 |  -9.3099 | -11.3478 | -11.8771 | -12.1057 |
| 1.5429 |  -9.3723 | -11.3833 | -11.9049 |  -12.127 |
| 1.5498 |  -9.4414 | -11.4209 | -11.9337 |  -12.148 |
| 1.5568 |  -9.4904 | -11.4522 | -11.9594 | -12.1699 |
| 1.5639 |  -9.5391 | -11.4834 | -11.9851 | -12.1917 |
|  1.571 |  -9.5876 | -11.5145 | -12.0107 | -12.2136 |
| 1.5781 |   -9.636 | -11.5455 | -12.0364 | -12.2355 |
| 1.5852 |  -9.6841 | -11.5765 | -12.0621 | -12.2575 |
| 1.5924 |  -9.7323 | -11.6074 | -12.0879 | -12.2796 |
| 1.5996 |  -9.7803 | -11.6384 | -12.1136 | -12.3017 |
| 1.6068 |  -9.8282 | -11.6692 | -12.1393 | -12.3237 |
| 1.6141 |  -9.8759 | -11.6998 | -12.1648 | -12.3456 |
| 1.6214 |  -9.9234 | -11.7301 | -12.1901 | -12.3673 |
| 1.6287 |  -9.9705 |   -11.76 |  -12.215 | -12.3886 |
| 1.6361 | -10.0173 | -11.7895 | -12.2397 | -12.4097 |
| 1.6435 | -10.0637 | -11.8186 |  -12.264 | -12.4305 |
| 1.6509 | -10.1099 | -11.8475 | -12.2881 | -12.4511 |
| 1.6584 | -10.1558 | -11.8762 |  -12.312 | -12.4716 |
| 1.6659 | -10.2015 | -11.9047 | -12.3359 | -12.4921 |
| 1.6735 |  -10.247 | -11.9331 | -12.3597 | -12.5125 |
|  1.681 | -10.2922 | -11.9614 | -12.3835 | -12.5331 |
| 1.6886 | -10.3372 | -11.9897 | -12.4074 | -12.5539 |
| 1.6963 | -10.3819 | -12.0181 | -12.4314 | -12.5748 |
|  1.704 | -10.4265 | -12.0465 | -12.4555 | -12.5961 |
| 1.7117 | -10.4709 | -12.0749 | -12.4797 | -12.6175 |
| 1.7194 | -10.5153 | -12.1035 |  -12.504 | -12.6391 |
| 1.7272 | -10.5595 |  -12.132 | -12.5284 | -12.6608 |
|  1.735 | -10.6035 | -12.1604 | -12.5528 | -12.6824 |
| 1.7429 | -10.6474 | -12.1888 | -12.5771 |  -12.704 |
| 1.7507 | -10.6911 | -12.2169 | -12.6014 | -12.7256 |
| 1.7587 | -10.7347 |  -12.245 | -12.6255 |  -12.747 |
| 1.7666 |  -10.778 | -12.2729 | -12.6496 | -12.7684 |
| 1.7746 | -10.8212 | -12.3007 | -12.6736 | -12.7898 |
| 1.7826 | -10.8642 | -12.3284 | -12.6975 | -12.8111 |
| 1.7907 | -10.9069 | -12.3559 | -12.7213 | -12.8324 |
| 1.7988 | -10.9495 | -12.3834 | -12.7451 | -12.8537 |
| 1.8069 | -10.9919 | -12.4107 | -12.7688 |  -12.875 |
| 1.8151 | -11.0341 |  -12.438 | -12.7925 | -12.8962 |
| 1.8233 |  -11.076 | -12.4651 | -12.8161 | -12.9174 |
| 1.8316 | -11.1178 | -12.4922 | -12.8396 | -12.9387 |
| 1.8399 | -11.1594 | -12.5191 | -12.8631 | -12.9599 |
| 1.8482 | -11.2362 | -12.5565 | -12.8909 | -12.9781 |
| 1.8566 | -11.2949 | -12.5885 | -12.9165 | -12.9977 |
|  1.865 | -11.3357 | -12.6152 | -12.9398 | -13.0189 |
| 1.8734 | -11.3763 | -12.6418 | -12.9632 |   -13.04 |
| 1.8819 | -11.4168 | -12.6684 | -12.9866 | -13.0612 |
| 1.8904 | -11.4571 | -12.6949 |   -13.01 | -13.0825 |
| 1.8989 | -11.4972 | -12.7214 | -13.0333 | -13.1038 |
| 1.9075 | -11.5372 |  -12.748 | -13.0568 | -13.1252 |
| 1.9162 | -11.5771 | -12.7745 | -13.0802 | -13.1466 |
| 1.9248 | -11.6168 | -12.8009 | -13.1035 |  -13.168 |
| 1.9335 | -11.6564 | -12.8272 | -13.1267 | -13.1893 |
| 1.9423 | -11.6958 | -12.8532 | -13.1498 | -13.2105 |
| 1.9511 |  -11.735 | -12.8791 | -13.1726 | -13.2314 |
| 1.9599 |  -11.774 | -12.9046 | -13.1952 | -13.2521 |
| 1.9688 | -11.8126 |   -12.93 | -13.2176 | -13.2726 |
| 1.9777 |  -11.851 |  -12.955 | -13.2397 | -13.2929 |
| 1.9866 | -11.8891 | -12.9799 | -13.2617 | -13.3131 |
| 1.9956 | -11.9269 | -13.0047 | -13.2835 | -13.3332 |
| 2.0046 | -11.9644 | -13.0292 | -13.3051 | -13.3533 |
| 2.0137 | -12.0016 | -13.0536 | -13.3267 | -13.3732 |
| 2.0228 | -12.0385 | -13.0779 | -13.3481 | -13.3932 |
|  2.032 |  -12.075 | -13.1021 | -13.3694 | -13.4131 |
| 2.0412 | -12.1113 | -13.1262 | -13.3907 |  -13.433 |
| 2.0504 | -12.1473 | -13.1502 | -13.4119 |  -13.453 |
| 2.0597 | -12.1831 | -13.1742 | -13.4332 |  -13.473 |
|  2.069 | -12.2185 | -13.1983 | -13.4545 | -13.4931 |
| 2.0784 | -12.2538 | -13.2223 | -13.4759 | -13.5134 |
| 2.0878 | -12.2888 | -13.2464 | -13.4974 | -13.5338 |
| 2.0972 | -12.3236 | -13.2706 | -13.5191 | -13.5543 |
| 2.1067 | -12.3583 | -13.2949 | -13.5408 |  -13.575 |
| 2.1162 | -12.3928 | -13.3192 | -13.5625 | -13.5958 |
| 2.1258 | -12.4271 | -13.3434 | -13.5843 | -13.6165 |
| 2.1354 | -12.4614 | -13.3675 |  -13.606 | -13.6372 |
| 2.1451 | -12.4954 | -13.3916 | -13.6276 | -13.6577 |
| 2.1548 | -12.5294 | -13.4155 | -13.6491 | -13.6781 |
| 2.1645 | -12.5631 | -13.4392 | -13.6705 | -13.6984 |
| 2.1743 | -12.5967 | -13.4629 | -13.6917 | -13.7186 |
| 2.1842 |   -12.63 | -13.4864 | -13.7129 | -13.7387 |
| 2.1941 | -12.6633 | -13.5098 |  -13.734 | -13.7587 |
|  2.204 | -12.6963 | -13.5332 | -13.7551 | -13.7787 |
|  2.214 | -12.7377 | -13.5588 | -13.7765 | -13.7966 |
|  2.224 | -12.7928 | -13.5881 | -13.7985 | -13.8112 |
|  2.234 | -12.8253 | -13.6112 | -13.8194 |  -13.831 |
| 2.2442 | -12.8577 | -13.6343 | -13.8403 | -13.8508 |
| 2.2543 | -12.8901 | -13.6575 | -13.8614 | -13.8706 |
| 2.2645 | -12.9224 | -13.6806 | -13.8824 | -13.8904 |
| 2.2748 | -12.9546 | -13.7037 | -13.9035 | -13.9102 |
|  2.285 | -12.9866 | -13.7268 | -13.9246 | -13.9299 |
| 2.2954 | -13.0185 | -13.7498 | -13.9457 | -13.9495 |
| 2.3058 | -13.0504 | -13.7726 | -13.9665 |  -13.969 |
| 2.3162 | -13.0821 | -13.7952 | -13.9872 | -13.9883 |
| 2.3267 | -13.1137 | -13.8176 | -14.0076 | -14.0073 |
| 2.3372 |  -13.145 | -13.8398 | -14.0277 | -14.0262 |
| 2.3478 |  -13.176 | -13.8617 | -14.0475 | -14.0448 |
| 2.3584 | -13.2067 | -13.8834 | -14.0671 | -14.0634 |
| 2.3691 |  -13.237 |  -13.905 | -14.0865 | -14.0818 |
| 2.3798 | -13.2668 | -13.9264 | -14.1057 | -14.1003 |
| 2.3906 | -13.2963 | -13.9477 | -14.1248 | -14.1187 |
| 2.4014 | -13.3254 | -13.9689 | -14.1439 | -14.1372 |
| 2.4122 | -13.3542 | -13.9901 |  -14.163 | -14.1557 |
| 2.4232 | -13.3828 | -14.0112 | -14.1822 | -14.1743 |
| 2.4341 |  -13.411 | -14.0324 | -14.2015 |  -14.193 |
| 2.4451 |  -13.439 | -14.0536 | -14.2209 | -14.2118 |
| 2.4562 | -13.4668 | -14.0748 | -14.2404 | -14.2307 |
| 2.4673 | -13.4945 | -14.0961 | -14.2599 | -14.2497 |
| 2.4785 | -13.5221 | -14.1173 | -14.2795 | -14.2686 |
| 2.4897 | -13.5497 | -14.1385 | -14.2991 | -14.2874 |
|  2.501 | -13.5772 | -14.1595 | -14.3186 | -14.3061 |
| 2.5123 | -13.6046 | -14.1804 |  -14.338 | -14.3246 |
| 2.5236 |  -13.632 | -14.2013 | -14.3573 |  -14.343 |
| 2.5351 | -13.6592 |  -14.222 | -14.3765 | -14.3613 |
| 2.5465 | -13.6863 | -14.2426 | -14.3956 | -14.3795 |
|  2.558 | -13.7133 | -14.2631 | -14.4146 | -14.3977 |
| 2.5696 | -13.7422 | -14.2837 | -14.4334 | -14.4147 |
| 2.5812 |   -13.78 | -14.3049 | -14.4519 | -14.4266 |
| 2.5929 | -13.8066 | -14.3252 | -14.4707 | -14.4446 |
| 2.6047 | -13.8331 | -14.3454 | -14.4895 | -14.4625 |
| 2.6164 | -13.8596 | -14.3657 | -14.5083 | -14.4803 |
| 2.6283 |  -13.886 | -14.3858 | -14.5271 | -14.4981 |
| 2.6402 | -13.9123 | -14.4059 | -14.5458 | -14.5158 |
| 2.6521 | -13.9386 | -14.4259 | -14.5646 | -14.5334 |
| 2.6641 | -13.9649 | -14.4458 | -14.5833 | -14.5509 |
| 2.6762 | -13.9911 | -14.4657 | -14.6019 | -14.5684 |
| 2.6883 | -14.0172 | -14.4854 | -14.6205 | -14.5857 |
| 2.7004 | -14.0432 | -14.5051 | -14.6389 |  -14.603 |
| 2.7127 | -14.0691 | -14.5247 | -14.6573 | -14.6203 |
| 2.7249 | -14.0949 | -14.5443 | -14.6756 | -14.6375 |
| 2.7373 | -14.1205 | -14.5638 | -14.6938 | -14.6547 |
| 2.7497 |  -14.146 | -14.5832 | -14.7119 | -14.6719 |
| 2.7621 | -14.1713 | -14.6026 | -14.7299 |  -14.689 |
| 2.7746 | -14.1963 |  -14.622 | -14.7479 | -14.7062 |
| 2.7871 | -14.2212 | -14.6413 | -14.7658 | -14.7233 |
| 2.7998 | -14.2459 | -14.6605 | -14.7836 | -14.7404 |
| 2.8124 | -14.2703 | -14.6797 | -14.8014 | -14.7576 |
| 2.8251 | -14.2945 | -14.6989 | -14.8191 | -14.7747 |
| 2.8379 | -14.3185 | -14.7181 | -14.8367 | -14.7918 |
| 2.8508 | -14.3423 | -14.7372 | -14.8544 |  -14.809 |
| 2.8637 | -14.3659 | -14.7563 | -14.8719 | -14.8262 |
| 2.8766 | -14.3894 | -14.7753 | -14.8895 | -14.8434 |
| 2.8896 | -14.4128 | -14.7944 | -14.9071 | -14.8605 |
| 2.9027 |  -14.436 | -14.8134 | -14.9247 | -14.8777 |
| 2.9158 | -14.4592 | -14.8324 | -14.9423 | -14.8949 |
|  2.929 | -14.4824 | -14.8514 |   -14.96 |  -14.912 |
| 2.9423 | -14.5054 | -14.8704 | -14.9776 | -14.9291 |
| 2.9556 | -14.5285 | -14.8893 | -14.9953 | -14.9461 |
|  2.969 | -14.5514 | -14.9081 | -15.0129 |  -14.963 |
| 2.9824 | -14.5744 | -14.9269 | -15.0305 | -14.9799 |
| 2.9959 | -14.5973 | -14.9455 |  -15.048 | -14.9966 |
| 3.0095 | -14.6202 | -14.9641 | -15.0654 | -15.0133 |
| 3.0231 |  -14.643 | -14.9827 | -15.0828 |   -15.03 |
| 3.0368 | -14.6658 | -15.0012 | -15.1002 | -15.0466 |
| 3.0505 | -14.6885 | -15.0197 | -15.1175 | -15.0633 |
| 3.0643 | -14.7111 | -15.0381 | -15.1348 | -15.0798 |
| 3.0782 | -14.7418 | -15.0531 | -15.1486 | -15.0869 |
| 3.0921 | -14.7643 | -15.0714 | -15.1658 | -15.1034 |
| 3.1061 | -14.7868 | -15.0897 |  -15.183 | -15.1198 |
| 3.1201 | -14.8093 | -15.1079 | -15.2002 | -15.1362 |
| 3.1343 |  -14.832 | -15.1261 | -15.2174 | -15.1525 |
| 3.1484 | -14.8547 | -15.1443 | -15.2346 | -15.1687 |
| 3.1627 | -14.8774 | -15.1624 | -15.2518 | -15.1848 |
|  3.177 | -14.9002 | -15.1804 |  -15.269 | -15.2009 |
| 3.1914 |  -14.923 | -15.1984 | -15.2862 | -15.2168 |
| 3.2058 | -14.9458 | -15.2163 | -15.3033 | -15.2328 |
| 3.2203 | -14.9684 | -15.2341 | -15.3204 | -15.2487 |
| 3.2349 | -14.9909 | -15.2519 | -15.3374 | -15.2646 |
| 3.2495 | -15.0133 | -15.2698 | -15.3543 | -15.2805 |
| 3.2642 | -15.0355 | -15.2876 | -15.3712 | -15.2965 |
|  3.279 | -15.0575 | -15.3055 |  -15.388 | -15.3126 |
| 3.2938 | -15.0793 | -15.3234 | -15.4048 | -15.3288 |
| 3.3087 | -15.1009 | -15.3413 | -15.4215 |  -15.345 |
| 3.3237 | -15.1222 | -15.3592 | -15.4382 | -15.3612 |
| 3.3387 | -15.1432 | -15.3772 | -15.4548 | -15.3775 |
| 3.3538 |  -15.164 | -15.3951 | -15.4713 | -15.3937 |
|  3.369 | -15.1844 |  -15.413 | -15.4878 |   -15.41 |
| 3.3843 | -15.2047 | -15.4309 | -15.5042 | -15.4263 |
| 3.3996 | -15.2249 | -15.4488 | -15.5206 | -15.4426 |
|  3.415 | -15.2449 | -15.4667 |  -15.537 | -15.4588 |
| 3.4304 | -15.2649 | -15.4845 | -15.5534 |  -15.475 |
| 3.4459 | -15.2849 | -15.5023 | -15.5697 | -15.4912 |
| 3.4615 | -15.3049 | -15.5201 | -15.5861 | -15.5072 |
| 3.4772 |  -15.325 | -15.5377 | -15.6024 | -15.5231 |
| 3.4929 |  -15.345 | -15.5553 | -15.6187 | -15.5388 |
| 3.5087 |  -15.365 | -15.5727 |  -15.635 | -15.5544 |
| 3.5246 |  -15.385 |   -15.59 | -15.6512 |   -15.57 |
| 3.5405 |  -15.405 | -15.6073 | -15.6674 | -15.5855 |
| 3.5566 | -15.4249 | -15.6245 | -15.6835 |  -15.601 |
| 3.5727 | -15.4449 | -15.6416 | -15.6996 | -15.6164 |
| 3.5888 | -15.4647 | -15.6588 | -15.7157 | -15.6319 |
| 3.6051 | -15.4846 | -15.6759 | -15.7317 | -15.6473 |
| 3.6214 | -15.5043 |  -15.693 | -15.7477 | -15.6628 |
| 3.6377 | -15.5241 |   -15.71 | -15.7636 | -15.6782 |
| 3.6542 | -15.5438 |  -15.727 | -15.7795 | -15.6935 |
| 3.6707 | -15.5634 |  -15.744 | -15.7954 | -15.7089 |
| 3.6874 | -15.5835 | -15.7598 | -15.8101 | -15.7223 |
|  3.704 | -15.6054 |  -15.772 | -15.8214 | -15.7294 |
| 3.7208 |  -15.625 | -15.7888 | -15.8371 | -15.7446 |
| 3.7376 | -15.6447 | -15.8056 | -15.8529 | -15.7597 |
| 3.7545 | -15.6647 | -15.8223 | -15.8686 | -15.7748 |
| 3.7715 |  -15.685 | -15.8389 | -15.8844 | -15.7898 |
| 3.7886 | -15.7053 | -15.8555 | -15.9001 | -15.8046 |
| 3.8057 | -15.7258 |  -15.872 | -15.9158 | -15.8194 |
|  3.823 | -15.7463 | -15.8884 | -15.9316 | -15.8341 |
| 3.8403 | -15.7666 | -15.9049 | -15.9474 | -15.8489 |
| 3.8576 | -15.7869 | -15.9213 | -15.9632 | -15.8638 |
| 3.8751 | -15.8069 | -15.9379 |  -15.979 | -15.8788 |
| 3.8926 | -15.8268 | -15.9546 | -15.9949 | -15.8941 |
| 3.9102 | -15.8463 | -15.9716 | -16.0108 | -15.9096 |
| 3.9279 | -15.8655 | -15.9887 | -16.0267 | -15.9253 |
| 3.9457 | -15.8842 | -16.0059 | -16.0425 | -15.9412 |
| 3.9635 | -15.9026 | -16.0231 | -16.0582 | -15.9571 |
| 3.9815 | -15.9205 | -16.0404 | -16.0738 |  -15.973 |
| 3.9995 | -15.9382 | -16.0576 | -16.0892 | -15.9888 |
| 4.0176 | -15.9557 | -16.0746 | -16.1045 | -16.0044 |
| 4.0358 | -15.9731 | -16.0916 | -16.1196 | -16.0198 |
|  4.054 | -15.9905 | -16.1083 | -16.1346 |  -16.035 |
| 4.0724 | -16.0078 | -16.1248 | -16.1495 | -16.0499 |
| 4.0908 | -16.0251 | -16.1411 | -16.1642 | -16.0645 |
| 4.1093 | -16.0424 | -16.1571 | -16.1789 | -16.0787 |
| 4.1279 | -16.0597 | -16.1729 | -16.1934 | -16.0928 |
| 4.1466 | -16.0769 | -16.1885 | -16.2079 | -16.1067 |
| 4.1653 | -16.0941 | -16.2041 | -16.2224 | -16.1206 |
| 4.1842 | -16.1113 | -16.2196 | -16.2369 | -16.1345 |
| 4.2031 | -16.1285 | -16.2352 | -16.2514 | -16.1485 |
| 4.2221 | -16.1457 | -16.2508 | -16.2659 | -16.1626 |
| 4.2412 | -16.1629 | -16.2664 | -16.2804 | -16.1767 |
| 4.2604 | -16.1801 |  -16.282 | -16.2949 | -16.1909 |
| 4.2797 | -16.1972 | -16.2976 | -16.3094 |  -16.205 |
| 4.2991 | -16.2143 | -16.3132 | -16.3238 | -16.2191 |
| 4.3185 | -16.2313 | -16.3287 | -16.3382 | -16.2332 |
| 4.3381 | -16.2483 | -16.3442 | -16.3526 | -16.2473 |
| 4.3577 | -16.2652 | -16.3596 |  -16.367 | -16.2613 |
| 4.3774 | -16.2821 |  -16.375 | -16.3813 | -16.2753 |
| 4.3972 |  -16.299 | -16.3904 | -16.3956 | -16.2893 |
| 4.4171 | -16.3158 | -16.4057 | -16.4099 | -16.3033 |
| 4.4371 | -16.3326 |  -16.421 | -16.4241 | -16.3172 |
| 4.4572 | -16.3462 | -16.4318 | -16.4334 | -16.3239 |
| 4.4773 | -16.3615 |  -16.445 | -16.4452 | -16.3344 |
| 4.4976 | -16.3782 | -16.4601 | -16.4594 | -16.3481 |
| 4.5179 |  -16.395 | -16.4752 | -16.4734 | -16.3618 |
| 4.5384 |  -16.412 | -16.4902 | -16.4875 | -16.3754 |
| 4.5589 | -16.4291 | -16.5052 | -16.5015 |  -16.389 |
| 4.5795 | -16.4463 | -16.5202 | -16.5156 | -16.4025 |
| 4.6003 | -16.4636 | -16.5351 | -16.5296 |  -16.416 |
| 4.6211 | -16.4809 | -16.5501 | -16.5437 | -16.4295 |
|  4.642 | -16.4982 | -16.5652 |  -16.558 | -16.4432 |
|  4.663 | -16.5156 | -16.5804 | -16.5723 |  -16.457 |
| 4.6841 | -16.5329 | -16.5957 | -16.5867 | -16.4711 |
| 4.7053 | -16.5501 | -16.6112 | -16.6011 | -16.4852 |
| 4.7266 | -16.5672 | -16.6267 | -16.6156 | -16.4995 |
|  4.748 | -16.5841 | -16.6423 |   -16.63 | -16.5138 |
| 4.7694 | -16.6008 | -16.6579 | -16.6444 | -16.5281 |
|  4.791 | -16.6172 | -16.6733 | -16.6586 | -16.5424 |
| 4.8127 | -16.6333 | -16.6887 | -16.6727 | -16.5565 |
| 4.8345 | -16.6491 |  -16.704 | -16.6866 | -16.5705 |
| 4.8563 | -16.6645 | -16.7191 | -16.7003 | -16.5844 |
| 4.8783 | -16.6795 | -16.7341 | -16.7139 | -16.5981 |
| 4.9004 | -16.6943 | -16.7488 | -16.7273 | -16.6116 |
| 4.9226 | -16.7088 | -16.7634 | -16.7405 | -16.6248 |
| 4.9448 | -16.7232 | -16.7777 | -16.7535 | -16.6379 |
| 4.9672 | -16.7375 | -16.7918 | -16.7663 | -16.6506 |
| 4.9897 | -16.7517 | -16.8056 | -16.7788 |  -16.663 |
| 5.0123 | -16.7659 | -16.8191 | -16.7913 | -16.6751 |
| 5.0349 |   -16.78 | -16.8324 | -16.8036 |  -16.687 |
| 5.0577 | -16.7941 | -16.8457 | -16.8158 | -16.6988 |
| 5.0806 | -16.8082 | -16.8588 | -16.8281 | -16.7106 |
| 5.1036 | -16.8224 | -16.8721 | -16.8405 | -16.7225 |
| 5.1267 | -16.8366 | -16.8855 |  -16.853 | -16.7345 |
| 5.1499 | -16.8509 | -16.8989 | -16.8655 | -16.7466 |
| 5.1732 | -16.8652 | -16.9123 |  -16.878 | -16.7588 |
| 5.1966 | -16.8795 | -16.9257 | -16.8906 |  -16.771 |
| 5.2201 | -16.8938 | -16.9392 | -16.9031 | -16.7832 |
| 5.2437 | -16.9081 | -16.9526 | -16.9156 | -16.7954 |
| 5.2674 | -16.9223 |  -16.966 | -16.9281 | -16.8075 |
| 5.2913 | -16.9366 | -16.9794 | -16.9406 | -16.8197 |
| 5.3152 | -16.9507 | -16.9927 |  -16.953 | -16.8318 |
| 5.3393 | -16.9649 | -17.0061 | -16.9654 |  -16.844 |
| 5.3634 | -16.9786 | -17.0191 | -16.9774 | -16.8556 |
| 5.3877 | -16.9883 | -17.0289 | -16.9848 | -16.8624 |
| 5.4121 | -17.0015 | -17.0415 | -16.9961 | -16.8733 |
| 5.4365 | -17.0155 | -17.0546 | -17.0084 | -16.8853 |
| 5.4611 | -17.0296 | -17.0678 | -17.0208 | -16.8973 |
| 5.4859 | -17.0438 |  -17.081 | -17.0331 | -16.9093 |
| 5.5107 |  -17.058 | -17.0941 | -17.0454 | -16.9213 |
| 5.5356 | -17.0722 | -17.1073 | -17.0577 | -16.9332 |
| 5.5607 | -17.0865 | -17.1204 |   -17.07 | -16.9452 |
| 5.5858 | -17.1008 | -17.1336 | -17.0824 | -16.9573 |
| 5.6111 | -17.1152 | -17.1469 | -17.0948 | -16.9693 |
| 5.6365 | -17.1296 | -17.1602 | -17.1073 | -16.9815 |
|  5.662 |  -17.144 | -17.1735 | -17.1198 | -16.9937 |
| 5.6876 | -17.1583 | -17.1869 | -17.1324 |  -17.006 |
| 5.7133 | -17.1727 | -17.2003 | -17.1449 | -17.0183 |
| 5.7392 |  -17.187 | -17.2136 | -17.1575 | -17.0306 |
| 5.7652 | -17.2012 |  -17.227 | -17.1699 | -17.0429 |
| 5.7912 | -17.2154 | -17.2402 | -17.1823 | -17.0551 |
| 5.8174 | -17.2294 | -17.2534 | -17.1947 | -17.0672 |
| 5.8438 | -17.2433 | -17.2665 | -17.2069 | -17.0792 |
| 5.8702 | -17.2571 | -17.2795 |  -17.219 | -17.0912 |
| 5.8968 | -17.2708 | -17.2925 |  -17.231 |  -17.103 |
| 5.9234 | -17.2843 | -17.3053 |  -17.243 | -17.1147 |
| 5.9502 | -17.2976 |  -17.318 | -17.2548 | -17.1264 |
| 5.9772 | -17.3108 | -17.3306 | -17.2665 | -17.1379 |
| 6.0042 | -17.3239 |  -17.343 | -17.2781 | -17.1493 |
| 6.0314 | -17.3368 | -17.3554 | -17.2896 | -17.1605 |
| 6.0587 | -17.3495 | -17.3676 |  -17.301 | -17.1717 |
| 6.0861 |  -17.362 | -17.3797 | -17.3122 | -17.1827 |
| 6.1136 | -17.3744 | -17.3917 | -17.3233 | -17.1935 |
| 6.1413 | -17.3865 | -17.4035 | -17.3343 | -17.2043 |
| 6.1691 | -17.3985 | -17.4152 | -17.3452 | -17.2149 |
|  6.197 | -17.4103 | -17.4268 |  -17.356 | -17.2254 |
|  6.225 |  -17.422 | -17.4383 | -17.3666 | -17.2358 |
| 6.2532 | -17.4336 | -17.4496 | -17.3772 |  -17.246 |
| 6.2815 | -17.4451 | -17.4608 | -17.3877 | -17.2562 |
| 6.3099 | -17.4566 |  -17.472 | -17.3981 | -17.2662 |
| 6.3384 | -17.4681 | -17.4831 | -17.4085 | -17.2762 |
| 6.3671 | -17.4796 | -17.4941 | -17.4188 | -17.2862 |
| 6.3959 | -17.4911 | -17.5052 | -17.4292 | -17.2962 |
| 6.4249 | -17.5026 | -17.5163 | -17.4396 | -17.3062 |
| 6.4539 | -17.5142 | -17.5274 |   -17.45 | -17.3162 |
| 6.4831 | -17.5259 | -17.5386 | -17.4606 | -17.3264 |
| 6.5125 | -17.5376 | -17.5498 | -17.4711 | -17.3366 |
| 6.5419 | -17.5493 | -17.5611 | -17.4818 | -17.3468 |
| 6.5715 |  -17.561 | -17.5723 | -17.4924 | -17.3571 |
| 6.6013 | -17.5727 | -17.5836 | -17.5031 | -17.3674 |
| 6.6311 | -17.5844 | -17.5948 | -17.5137 | -17.3777 |
| 6.6611 | -17.5961 | -17.6061 | -17.5243 | -17.3879 |
| 6.6913 | -17.6078 | -17.6173 | -17.5349 | -17.3982 |
| 6.7216 | -17.6176 | -17.6266 |  -17.542 | -17.4065 |
|  6.752 | -17.6285 |  -17.637 | -17.5511 | -17.4159 |
| 6.7825 | -17.6401 | -17.6482 | -17.5616 | -17.4261 |
| 6.8132 | -17.6518 | -17.6594 | -17.5722 | -17.4364 |
|  6.844 | -17.6636 | -17.6707 | -17.5829 | -17.4467 |
|  6.875 | -17.6755 |  -17.682 | -17.5936 | -17.4571 |
| 6.9061 | -17.6876 | -17.6935 | -17.6044 | -17.4677 |
| 6.9374 | -17.6998 | -17.7051 | -17.6153 | -17.4783 |
| 6.9687 | -17.7121 | -17.7168 | -17.6263 |  -17.489 |
| 7.0003 | -17.7245 | -17.7285 | -17.6374 | -17.4999 |
| 7.0319 |  -17.737 | -17.7404 | -17.6486 | -17.5108 |
| 7.0638 | -17.7495 | -17.7523 | -17.6599 | -17.5218 |
| 7.0957 |  -17.762 | -17.7642 | -17.6712 | -17.5328 |
| 7.1278 | -17.7744 |  -17.776 | -17.6825 | -17.5438 |
| 7.1601 | -17.7867 | -17.7878 | -17.6937 | -17.5547 |
| 7.1925 |  -17.799 | -17.7994 | -17.7048 | -17.5654 |
|  7.225 |  -17.811 | -17.8109 | -17.7157 | -17.5761 |
| 7.2577 | -17.8229 | -17.8222 | -17.7265 | -17.5865 |
| 7.2905 | -17.8346 | -17.8334 | -17.7371 | -17.5968 |
| 7.3235 |  -17.846 | -17.8443 | -17.7475 | -17.6069 |
| 7.3567 | -17.8572 | -17.8551 | -17.7577 | -17.6167 |
|   7.39 | -17.8681 | -17.8656 | -17.7677 | -17.6264 |
| 7.4234 | -17.8788 | -17.8759 | -17.7775 | -17.6359 |
|  7.457 | -17.8893 | -17.8861 | -17.7871 | -17.6452 |
| 7.4907 | -17.8995 |  -17.896 | -17.7966 | -17.6542 |
| 7.5246 | -17.9095 | -17.9058 | -17.8058 | -17.6632 |
| 7.5587 | -17.9192 | -17.9153 | -17.8149 | -17.6719 |
| 7.5929 | -17.9287 | -17.9247 | -17.8238 | -17.6804 |
| 7.6272 |  -17.938 | -17.9339 | -17.8325 | -17.6887 |
| 7.6617 | -17.9472 | -17.9429 | -17.8411 |  -17.697 |
| 7.6964 | -17.9562 | -17.9519 | -17.8496 | -17.7051 |
| 7.7312 | -17.9653 | -17.9608 | -17.8581 | -17.7132 |
| 7.7662 | -17.9743 | -17.9698 | -17.8665 | -17.7213 |
| 7.8013 | -17.9834 | -17.9787 |  -17.875 | -17.7295 |
| 7.8366 | -17.9926 | -17.9878 | -17.8835 | -17.7377 |
| 7.8721 | -18.0018 | -17.9969 | -17.8921 |  -17.746 |
| 7.9077 | -18.0111 | -18.0062 | -17.9009 | -17.7544 |
| 7.9435 | -18.0206 | -18.0156 | -17.9098 |  -17.763 |
| 7.9794 | -18.0301 | -18.0251 | -17.9188 | -17.7717 |
| 8.0155 | -18.0396 | -18.0347 |  -17.928 | -17.7805 |
| 8.0518 | -18.0493 | -18.0443 | -17.9372 | -17.7893 |
| 8.0882 | -18.0589 | -18.0539 | -17.9464 | -17.7982 |
| 8.1248 | -18.0686 | -18.0635 | -17.9557 | -17.8071 |
| 8.1616 | -18.0783 | -18.0731 | -17.9649 |  -17.816 |
| 8.1985 |  -18.088 | -18.0827 | -17.9741 | -17.8248 |
| 8.2356 | -18.0977 | -18.0922 | -17.9832 | -17.8336 |
| 8.2729 | -18.1073 | -18.1017 | -17.9924 | -17.8424 |
| 8.3103 | -18.1169 | -18.1112 | -18.0015 | -17.8511 |
| 8.3479 | -18.1263 | -18.1203 | -18.0099 | -17.8599 |
| 8.3857 | -18.1358 | -18.1295 | -18.0183 | -17.8687 |
| 8.4236 | -18.1453 |  -18.139 | -18.0274 | -17.8774 |
| 8.4617 | -18.1549 | -18.1485 | -18.0366 | -17.8862 |
|    8.5 | -18.1645 | -18.1581 | -18.0458 | -17.8951 |
| 8.5385 | -18.1742 | -18.1677 | -18.0551 | -17.9039 |
| 8.5771 | -18.1839 | -18.1774 | -18.0645 | -17.9129 |
| 8.6159 | -18.1938 | -18.1873 | -18.0739 |  -17.922 |
| 8.6549 | -18.2037 | -18.1972 | -18.0834 | -17.9311 |
| 8.6941 | -18.2138 | -18.2071 |  -18.093 | -17.9404 |
| 8.7334 | -18.2238 | -18.2172 | -18.1027 | -17.9496 |
| 8.7729 |  -18.234 | -18.2273 | -18.1124 |  -17.959 |
| 8.8126 | -18.2441 | -18.2374 | -18.1222 | -17.9683 |
| 8.8525 | -18.2542 | -18.2474 |  -18.132 | -17.9777 |
| 8.8925 | -18.2642 | -18.2574 | -18.1417 |  -17.987 |
| 8.9328 | -18.2742 | -18.2674 | -18.1514 | -17.9962 |
| 8.9732 |  -18.284 | -18.2772 |  -18.161 | -18.0054 |
| 9.0138 | -18.2938 | -18.2868 | -18.1705 | -18.0144 |
| 9.0546 | -18.3034 | -18.2963 | -18.1798 | -18.0232 |
| 9.0955 | -18.3128 | -18.3057 | -18.1889 | -18.0319 |
| 9.1367 | -18.3221 | -18.3149 | -18.1979 | -18.0404 |
|  9.178 | -18.3312 |  -18.324 | -18.2068 | -18.0488 |
| 9.2196 | -18.3402 | -18.3329 | -18.2154 |  -18.057 |
| 9.2613 | -18.3489 | -18.3416 |  -18.224 | -18.0651 |
| 9.3032 | -18.3575 | -18.3502 | -18.2324 | -18.0731 |
| 9.3453 | -18.3658 | -18.3586 | -18.2407 | -18.0808 |
| 9.3875 |  -18.374 | -18.3669 | -18.2488 | -18.0885 |
|   9.43 |  -18.382 | -18.3749 | -18.2567 |  -18.096 |
| 9.4727 | -18.3897 | -18.3828 | -18.2645 | -18.1033 |
| 9.5155 | -18.3973 | -18.3906 | -18.2722 | -18.1105 |
| 9.5586 | -18.4047 | -18.3981 | -18.2797 | -18.1175 |
| 9.6018 | -18.4119 | -18.4056 | -18.2871 | -18.1245 |
| 9.6453 |  -18.419 | -18.4129 | -18.2943 | -18.1313 |
| 9.6889 | -18.4259 | -18.4201 | -18.3015 |  -18.138 |
| 9.7328 | -18.4328 | -18.4272 | -18.3086 | -18.1447 |
| 9.7768 | -18.4396 | -18.4344 | -18.3157 | -18.1514 |
|  9.821 | -18.4464 | -18.4415 | -18.3229 | -18.1581 |
| 9.8655 | -18.4532 | -18.4487 |   -18.33 | -18.1649 |
| 9.9101 |   -18.46 |  -18.456 | -18.3373 | -18.1717 |
|  9.955 | -18.4669 | -18.4634 | -18.3446 | -18.1787 |
|   10.0 | -18.4739 | -18.4708 | -18.3521 | -18.1858 |
